gi|15600771|ref|NC_002506.1|_Vibrio_cholerae_O1_biovar_El_Tor_str._N16961_chromosome_II__complete_sequence
19687 20897
34969 35203
102217 102691
104724 105226
210252 210764
247889 248479
251656 252901
292292 292342
301225 302594
310936 312310
313800 314612
316060 318536
323452 327284
328710 333608
335541 337031
337673 345784
348536 350976
357061 357382
358434 358615
360543 360940
361557 365299
366146 368039
370683 391298
391421 396845
399003 399877
401919 402290
411365 421650
427452 429048
432485 434893
435086 436551
446571 446835
558661 559945
563509 564201
736069 736849
765137 765610
931558 932351
1023261 1023526
