gi|15600771|ref|NC_002506.1|_Vibrio_cholerae_O1_biovar_El_Tor_str._N16961_chromosome_II__complete_sequence
20495 21884
58946 59135
102013 102263
110672 110775
138207 138555
157509 157587
186170 186442
195079 195426
207352 207591
210854 211061
219806 220197
236909 237041
267238 267358
272664 273348
275532 275864
292259 292725
310944 312310
313800 314612
316881 319042
323939 324478
325140 325821
326807 327381
327923 327979
328671 332373
333592 333786
334908 336064
337592 338202
338880 341056
342646 343202
343906 344591
345322 345876
348130 349602
351182 351366
356491 356647
358359 358693
359934 361030
361554 362033
362792 364302
365152 366098
367459 369279
370082 396247
397991 399200
401115 402449
406294 406364
407042 407547
410170 414776
416251 418524
419241 419869
420588 422735
423506 424401
427915 429129
431871 432439
432948 433718
434332 435381
435468 436551
490710 490767
507998 508092
515983 516036
559474 560195
564181 564500
669685 669831
690388 690527
735861 736936
811747 811992
878553 878678
