gi|15600771|ref|NC_002506.1|_Vibrio_cholerae_O1_biovar_El_Tor_str._N16961_chromosome_II__complete_sequence
19637 20446
21213 21367
157523 157587
186123 186442
195040 195429
272618 273399
292247 292775
298047 298100
310944 312310
313760 314661
315934 316001
317416 318524
322592 322641
323401 323971
325209 325823
326804 327360
328755 329011
329741 331578
334908 334966
335503 336064
337590 337995
338983 340469
342653 343202
343904 344526
345396 345881
350286 350363
359922 361029
361541 362075
363391 363506
365328 366097
366724 366802
368036 368693
370683 394647
395327 396284
398053 399202
401293 401870
402372 402494
406307 406389
410648 411277
412266 414255
416503 417603
418113 418448
419234 419659
421765 422719
428053 429106
431864 432438
432939 433726
434461 436595
559229 559479
735810 736974
