gi|15600771|ref|NC_002506.1|_Vibrio_cholerae_O1_biovar_El_Tor_str._N16961_chromosome_II__complete_sequence
893 1127
19638 20445
101841 102276
140791 141045
216953 217014
219808 220197
237045 237456
267192 267245
292248 292774
303459 304580
310944 312310
313750 314660
317539 318014
324054 324409
325349 325822
326805 327361
329742 331346
333590 333642
334913 336064
338984 339443
339971 340469
341038 341450
342634 344526
345282 345880
359381 359640
360281 361017
361592 362072
362794 363214
365329 366096
368037 368120
370683 389823
390052 394647
395328 396283
398054 399201
401294 402061
402271 402355
404162 404228
407462 407511
412267 414516
416504 417602
418114 418447
421659 422718
427918 428789
431865 432437
434462 436594
507998 508129
515881 515945
516510 517157
558246 558302
563810 565652
630187 630683
675846 675999
735811 736973
826730 827414
829715 829909
832445 832498
862717 862823
