gi|77404693|ref|NC_007489.1|_Rhodobacter_sphaeroides_2.4.1_plasmid_C__complete_sequence
1 41051
44533 44726
46000 58655
60812 79166
83117 105284
gi|552530953|ref|NC_007490.2|_Rhodobacter_sphaeroides_2.4.1_plasmid_D__complete_sequence
1 7131
8722 25303
26851 49349
52354 52575
60266 100827
gi|552536492|ref|NC_007494.2|_Rhodobacter_sphaeroides_2.4.1_chromosome_2__complete_sequence
1 5347
20762 21536
33547 38925
42270 42753
70238 70883
91357 91598
124938 125003
137876 138266
146458 147107
152927 153055
156904 157507
160203 160684
166096 166307
175447 176077
181033 181484
184386 184444
209417 209840
211006 211368
215954 216512
223681 224422
243471 244141
248272 248734
251931 252661
274975 275653
294692 295316
297006 297404
323902 324181
332859 333572
361099 361898
369201 369553
371672 373155
382878 383710
389672 390166
397178 397479
406178 406740
411971 412376
417420 418008
421953 422291
423579 423715
438365 439313
456293 457064
469477 470059
482853 483508
488076 488612
499978 500788
519580 520163
530143 530704
544850 545363
549827 550535
556905 557346
559695 560046
562102 562716
565385 565995
571128 572120
573437 573888
575150 576431
593107 593591
596682 597008
617269 617833
620321 620751
635877 636636
639902 640917
643328 644140
651839 652253
657099 657491
658054 659765
663784 664139
666432 667121
705019 705323
706650 709182
711056 713361
717080 717610
729774 730036
733022 733531
737278 743445
744377 746290
758569 762704
779853 779912
780494 782495
785245 785953
796632 796986
804902 805528
824897 825416
836529 837318
849111 850559
861289 862087
888130 890042
891016 897383
902003 902467
904315 906415
921242 922467
935995 936620
940109 940280
942633 943018
gi|552530711|ref|NC_007488.2|_Rhodobacter_sphaeroides_2.4.1_plasmid_B__complete_sequence
1 1484
10642 10851
14366 15195
17710 17893
19766 27618
33663 34009
51263 51650
55178 56036
58808 59109
75338 75664
89339 89566
101912 102162
103741 103848
106673 107120
gi|552535527|ref|NC_007493.2|_Rhodobacter_sphaeroides_2.4.1_chromosome_1__complete_sequence
1 5252
15261 15869
29034 29524
44043 44577
48716 49249
60390 60634
81196 81786
89556 89915
96912 97700
107949 108402
111637 112327
114078 114714
116685 117440
125172 125753
131326 132200
134165 134362
143473 143999
146576 149256
174779 175670
180283 180606
184603 184980
190896 191377
222435 224390
226319 236031
238550 238838
240673 242211
247333 249580
251114 253687
267799 268188
273325 273908
277943 278356
283384 283859
287429 288885
303956 307562
382885 383054
393332 394620
400849 401249
410863 411390
414697 415426
426644 427339
435483 436722
467314 468179
468914 469316
472422 472934
488116 488637
494159 494580
497633 497906
503738 504265
533307 533674
537363 537986
547701 547906
548496 548805
559099 559407
560723 560934
563777 564208
590297 590428
595167 595810
601004 601969
603728 604336
608292 608970
636061 636433
645190 647037
648402 658430
663601 664163
667345 669467
671382 673914
676735 676907
691763 692166
694568 694954
698580 699064
715918 716712
723849 724017
725572 726039
756572 757193
766870 766957
767865 768444
770592 771176
791502 791798
816265 816807
820575 821207
826009 826723
847242 847757
849860 850678
853159 853771
855835 856456
859868 859954
874052 874933
878258 878780
883387 884503
901687 902296
903587 904481
907198 907387
910460 910971
972808 973031
975636 975700
977066 977521
990475 990900
993168 993398
1002136 1002524
1012010 1012518
1035930 1036043
1037129 1037578
1044992 1045464
1049029 1049564
1056401 1057505
1119308 1119795
1129326 1130077
1161442 1161975
1164603 1164759
1187011 1187924
1195330 1195895
1196588 1197150
1199164 1199962
1211014 1211333
1215963 1216472
1229960 1230669
1247053 1247522
1286156 1287001
1318331 1319121
1322973 1323576
1334084 1334601
1362691 1363450
1375615 1377325
1379144 1379655
1384588 1385362
1393849 1394220
1415766 1416286
1423712 1424125
1435280 1436716
1459896 1460458
1463304 1463389
1475447 1476302
1479371 1479500
1491799 1492308
1495597 1496099
1533500 1534070
1550445 1551371
1583548 1584141
1618644 1619254
1629898 1630401
1635732 1636558
1638146 1638628
1660701 1661007
1662131 1662792
1669753 1670585
1678908 1679023
1715579 1716123
1718118 1718438
1726570 1727040
1728501 1729153
1735113 1735609
1752914 1753820
1764558 1764958
1765921 1766435
1783062 1783657
1790268 1790764
1817399 1818603
1827038 1827643
1828591 1829338
1868295 1868817
1874484 1875018
1883390 1883836
1892068 1892228
1930364 1930714
1932862 1933191
1943445 1943959
1947695 1948361
1953153 1953239
1956755 1957198
1969191 1969742
1973482 1974166
1975045 1975403
1977872 1978379
1997473 1999682
2021565 2022129
2033585 2034132
2041349 2041746
2049559 2050886
2053080 2053904
2057475 2057958
2082780 2083526
2085983 2086704
2130477 2130943
2176257 2177733
2186910 2187121
2193398 2193877
2216994 2217345
2228403 2229180
2247435 2248026
2279201 2280687
2281392 2282083
2283618 2284243
2290157 2290455
2298404 2298911
2307819 2308402
2310245 2310696
2312003 2312669
2314833 2315323
2324365 2324839
2331008 2331182
2336799 2337394
2339053 2339874
2343833 2344831
2355946 2356462
2384704 2385253
2389772 2390301
2412145 2412875
2428818 2429215
2434460 2434714
2444989 2445774
2451902 2452408
2454380 2455267
2457061 2457653
2467514 2468375
2471136 2471562
2512290 2513174
2533677 2534367
2554881 2555345
2565371 2565962
2571443 2571890
2575461 2576270
2577202 2577876
2592792 2593452
2594238 2594556
2596881 2597897
2610817 2611570
2617585 2618149
2624679 2625305
2630142 2630267
2645793 2646866
2669803 2670453
2671162 2671945
2679375 2679811
2682516 2683451
2686930 2687118
2694159 2694505
2715050 2715735
2720409 2721005
2740303 2740803
2752369 2752843
2769481 2769925
2773489 2774090
2794004 2794549
2795404 2796384
2803519 2803685
2824455 2824993
2826857 2827424
2834670 2835007
2837671 2838051
2851520 2852060
2863534 2864068
2874347 2874976
2876642 2877182
2892435 2892646
2911204 2911739
2917241 2917460
2933411 2933547
2935263 2936042
2938032 2938728
2942632 2943258
2949772 2950110
2967554 2967977
2971197 2971856
2974057 2974569
3009442 3010110
3013428 3013911
3020829 3021039
3030433 3030713
3036767 3037425
3051838 3052120
3056992 3057434
3064929 3065513
3068247 3068872
3074826 3075320
3082268 3083008
3085660 3086180
3091376 3092035
3108936 3109463
3119208 3119588
3126721 3128234
3165102 3165579
3180600 3181073
3188220 3188524
gi|125654605|ref|NC_009007.1|_Rhodobacter_sphaeroides_2.4.1_plasmid_A__partial_sequence
1 94244
94771 114045
gi|125654693|ref|NC_009008.1|_Rhodobacter_sphaeroides_2.4.1_plasmid_E__partial_sequence
1 9926
10033 37100
