gi|375356399|ref|NC_016776.1|_Bacteroides_fragilis_638R__complete_genome
48617 49896
80212 81019
109033 112288
113319 113570
116390 117384
163657 168601
213501 273107
341990 346122
379289 381455
386515 391400
406846 409404
461766 461856
466917 469361
483467 483688
487825 501792
555802 558698
658907 659088
683512 690387
716021 716447
725269 725341
764323 764428
795490 803236
805958 813962
830969 831658
891373 894045
931743 933977
941325 942959
946694 971784
972046 973729
982480 983335
1119344 1121108
1132899 1138256
1140846 1141199
1160510 1161682
1212497 1213873
1315016 1336438
1362132 1365357
1381369 1408021
1455169 1455416
1462003 1486267
1604383 1649828
1695280 1695472
1696623 1718535
1720116 1720326
1731184 1731572
1793678 1793765
1801006 1801384
1805667 1825883
1827437 1827537
1839013 1839215
1844519 1846018
1878709 1878787
1922926 1926730
1941424 1942815
1971494 1971659
2015226 2015302
2015743 2021174
2059507 2078679
2084965 2102348
2104801 2146426
2203002 2203256
2204322 2205524
2211075 2219660
2225873 2226674
2241385 2244228
2275313 2275647
2290088 2294311
2327159 2359791
2361873 2365029
2367793 2367861
2369692 2436861
2440524 2471133
2490495 2491136
2560090 2570034
2602309 2606281
2652905 2655873
2719622 2724949
2845295 2845861
2874099 2874737
2925123 2925263
2933303 2934357
2940184 2940958
2964933 2972264
2992408 2992739
2997034 2997158
3008816 3017589
3041476 3041576
3041904 3055987
3128179 3139475
3183573 3185092
3239683 3244700
3284083 3284179
3287897 3303418
3372116 3372261
3381508 3381839
3395242 3397334
3452471 3452856
3483731 3486597
3527060 3527535
3572404 3588445
3628035 3628167
3755837 3756506
3774903 3775150
3836149 3836434
3847598 3848778
3856733 3857907
3859575 3859713
3899507 3905608
3918355 3922357
4073270 4075482
4079476 4083511
4112183 4124137
4126585 4126723
4129801 4131162
4134793 4136590
4154261 4154417
4231256 4232939
4289862 4322484
4322743 4329074
4352768 4353276
4414943 4440207
4441517 4441711
4490259 4493993
4495559 4496033
4496252 4496721
4515429 4519434
4542545 4543592
4591371 4600721
4601687 4621128
4645904 4651887
4697661 4697718
4704968 4711346
4711484 4721055
4800154 4813213
4815757 4857784
4883355 4894478
4917761 4939618
4955616 4957137
4957630 4957690
4984136 4984362
5045021 5047838
5049108 5051764
5054507 5055598
5057028 5061955
5084232 5100452
5103928 5106161
5110277 5116638
5174345 5250873
5261571 5263839
5268799 5270218
5287943 5288083
5289386 5289464
5291561 5293630
5305748 5307411
5307621 5307926
5338796 5340637
