gi|169627108|ref|NC_010397.1|_Mycobacterium_abscessus_chromosome__complete_sequence
20916 20972
45898 46316
109577 109879
161765 161818
174724 175012
311934 312188
342830 342917
438679 438799
453886 454581
455169 455502
458191 458415
460751 461328
463788 464379
465840 465914
470845 470971
560109 560494
610204 610421
630720 630953
669971 670396
679604 682030
690536 690734
756244 756416
773804 774106
789590 790190
836440 836596
866822 867035
986734 987753
1005206 1005364
1016543 1016653
1036518 1036663
1082957 1083355
1122714 1122859
1163683 1163864
1166060 1166375
1206039 1206098
1277082 1277415
1305169 1305236
1343574 1343643
1393264 1393401
1394764 1394918
1462136 1462201
1558551 1559069
1639868 1640425
1727860 1728151
1755558 1755649
1892928 1893138
1926748 1926834
1943997 1944735
1958445 1958592
1963487 1963587
1972903 1972994
2001059 2001216
2251386 2251632
2252253 2252521
2253164 2253231
2474891 2474944
2493319 2493831
2521372 2521668
2597358 2597530
2683908 2683969
2716950 2717472
2835169 2835349
2849128 2849275
2898239 2898626
3117830 3117880
3171722 3172427
3181532 3181614
3251955 3252340
3258546 3258753
3364744 3365017
3377042 3377226
3435725 3435821
3502437 3502599
3583915 3584052
3592512 3592669
3657584 3657656
3717662 3717711
3733883 3734155
3836822 3836905
4037592 4037657
4056139 4056198
4058560 4058698
4066987 4067102
4067917 4068032
4122817 4122924
4144800 4147041
4231274 4231496
4334520 4334851
4357253 4357403
4373251 4373659
4609447 4609994
4619994 4620212
4662926 4663084
4741206 4741349
4767451 4767561
4774460 4774702
4793775 4793885
4868893 4869290
4903288 4903395
5032446 5032653
5034056 5034241
5034741 5035468
gi|169786809|ref|NC_010394.1|_Mycobacterium_abscessus_plasmid__complete_sequence
1 23319
