gi|15640032|ref|NC_002505.1|_Vibrio_cholerae_O1_biovar_El_Tor_str._N16961_chromosome_I__complete_sequence
53737 58677
99367 99701
150713 155921
247750 247943
262291 263545
324188 329388
401792 407009
706463 706623
762961 767959
829970 830535
900696 901219
1007826 1008252
1198553 1198724
1564316 1565475
1565924 1566366
1566551 1566695
1571061 1572611
1579136 1584390
1737022 1738717
1937744 1938581
1951746 1951820
2332047 2332122
2469972 2470588
2676188 2681232
2927997 2939085
gi|15600771|ref|NC_002506.1|_Vibrio_cholerae_O1_biovar_El_Tor_str._N16961_chromosome_II__complete_sequence
20532 21541
216953 217020
237001 237059
272795 273013
310944 312310
317678 318268
319304 319921
322109 325714
326871 327306
329314 333671
334995 340238
342053 343878
345460 345698
348536 348799
356629 358132
360315 361997
365286 366671
369072 369245
370683 394647
395409 396707
398065 399613
406275 406875
412469 414259
414418 414705
416288 418280
423943 424391
428199 429062
431947 436413
558396 559404
564078 564629
630324 630460
656752 657140
735923 736811
