gi|15640032|ref|NC_002505.1|_Vibrio_cholerae_O1_biovar_El_Tor_str._N16961_chromosome_I__complete_sequence
53853 53958
55366 55548
56937 58927
150970 154189
264583 265248
324028 329422
401661 407028
543745 546568
762593 767781
875156 875886
876728 884493
892595 908488
911027 911514
973388 973576
990978 991922
1198538 1198724
1510094 1510249
1563875 1563963
1564582 1564975
1565719 1565827
1566551 1566695
1571495 1573669
1578274 1584295
1736766 1738972
1784974 1785496
1912366 1912538
1937604 1938672
1947485 1948166
1950308 1952508
2549814 2552174
2563008 2563190
2667273 2667735
2676332 2681508
2927853 2939100
