gi|552536492|ref|NC_007494.2|_Rhodobacter_sphaeroides_2.4.1_chromosome_2__complete_sequence
1 986
1538 3142
3687 4847
23829 23929
28519 28787
33502 38967
42268 42537
50462 50564
51953 52034
70581 70640
124638 124751
132668 132765
135718 135829
149460 149567
153907 153974
160378 160485
166188 166592
173520 173604
175944 176495
180665 180750
183759 184148
202427 202519
216277 216370
218278 218379
223969 224266
236829 236910
243668 243897
252404 252480
258963 259022
271442 271495
294762 294818
296787 296856
306954 307041
335928 336015
356828 356880
369259 369362
371689 373186
382148 382218
406385 406438
407776 407865
414706 414776
417796 417848
420793 420867
442977 443064
449106 449161
469744 469883
480101 480152
483166 483240
488418 488501
500335 500449
511892 511977
539366 539449
545142 545246
554468 554988
571306 571796
572906 573022
593179 593394
603081 603130
610103 610178
630083 630199
666775 666859
705252 705368
706826 708337
712157 712350
722263 722312
737790 738578
743161 743440
744362 744813
745572 745666
747611 747710
758802 758918
761439 761654
817163 817238
827378 827549
850071 850186
854850 854958
871254 871377
872680 872767
874982 875052
888739 888983
889914 890058
893393 893821
903597 903651
921286 921468
938112 938167
942792 943018
