gi|552536492|ref|NC_007494.2|_Rhodobacter_sphaeroides_2.4.1_chromosome_2__complete_sequence
1 96
2306 5303
20888 21138
23700 23854
33495 36122
42261 42544
70532 70597
117125 117279
157192 157245
160320 160485
166627 166687
181199 181256
209640 209747
243660 243894
252410 252487
294755 294825
331453 331607
336951 337349
339486 339557
361475 361947
369255 369329
383469 384006
389961 390430
391102 391189
396821 397356
406389 406527
438610 438705
469744 469879
480072 480212
483191 483282
488418 488508
502806 502959
518894 518955
530259 530328
545146 545781
550117 550228
554922 555001
557149 557416
559842 560195
565016 565584
571294 571807
574533 574622
575363 575427
575936 576747
593269 593362
617437 617826
629873 630223
636211 636283
640199 640613
643563 643716
650102 650689
651805 651972
663881 663962
666809 666879
705245 705375
707321 708783
711593 711754
712356 712651
729784 730043
737341 737473
738117 739206
739762 740612
742296 743447
744355 745234
745928 746019
758795 758925
759478 759968
760560 760689
761487 762208
785541 785690
825259 825382
850071 850277
888307 890065
891200 892154
893606 894985
904308 906394
921279 921696
922340 922472
942662 943018
