gi|552536492|ref|NC_007494.2|_Rhodobacter_sphaeroides_2.4.1_chromosome_2__complete_sequence
1 238
4717 5272
6985 7544
33526 38943
55319 55635
98233 98659
136539 136795
173638 173921
236472 236708
243674 243788
252223 252574
281049 281293
296121 296719
335317 335619
337737 337858
339513 339768
361239 361631
371714 373161
423588 424000
486074 486433
488420 488752
575652 576492
635114 635475
640370 640593
650754 651075
707067 707772
760224 760612
761434 761514
784640 784960
850075 850717
882993 883563
939905 940173
942693 943018
