gi|552536492|ref|NC_007494.2|_Rhodobacter_sphaeroides_2.4.1_chromosome_2__complete_sequence
1 5321
42754 42806
44184 44289
133046 133105
152469 152518
165772 165957
183799 183911
235402 235478
243767 243917
251703 252639
337622 337737
361536 361855
397191 397293
469716 469856
535930 535979
565545 566398
575945 577930
595897 596002
640530 640654
705161 705393
707860 708801
711510 711754
712734 713402
730057 730172
733245 733339
738057 739439
740482 741032
742887 743224
744337 746037
759169 759326
760257 760804
761576 761912
781572 782402
849862 850383
888253 890083
897208 897416
904290 906383
942644 943018
