0.615
0.629
0.659
0.652
0.604
0.640
0.660
0.631
0.612
0.644
0.590
0.645
0.603
0.577
0.651
0.611
0.651
0.638
0.631
0.608
0.614
0.612
0.590
0.649
0.385
0.571
0.649
0.673
0.604
0.621
0.570
0.603
0.682
0.689
0.624
0.625
0.373
0.640
0.593
0.535
0.626
0.709
0.580
0.641
0.509
0.614
0.649
0.590
0.604
0.663
0.611
0.615
0.650
0.620
0.662
0.576
0.639
0.584
0.661
0.583
0.673
0.654
0.615
0.720
0.660
0.623
0.672
0.670
0.700
0.398
0.638
0.752
0.634
0.619
0.664
0.686
0.639
0.695
0.647
0.606
0.669
0.639
0.632
0.592
0.652
0.509
0.633
0.657
0.636
0.675
0.605
0.644
0.655
0.461
0.742
0.646
0.630
0.582
0.681
0.680
0.541
0.645
0.639
0.555
0.613
0.595
0.579
0.713
0.613
0.716
0.683
0.530
0.625
0.601
0.628
0.578
0.403
0.609
0.671
0.608
0.736
0.618
0.688
0.566
0.578
0.627
0.627
0.726
0.615
0.653
0.615
0.637
0.591
0.628
0.735
0.601
0.635
0.594
0.686
0.652
0.627
0.702
0.659
0.636
0.672
0.639
0.650
0.648
0.570
0.682
0.626
0.705
0.680
0.625
0.524
0.593
0.625
0.625
0.667
0.675
0.610
0.625
0.564
0.686
0.604
0.676
0.661
0.601
0.578
0.655
0.596
0.656
0.647
0.648
0.728
0.637
0.635
0.643
0.523
0.642
0.606
0.708
0.522
0.651
0.670
0.353
0.650
0.650
0.650
0.669
0.703
0.646
0.644
0.598
0.637
0.655
0.642
0.654
0.681
0.684
0.621
0.659
0.691
0.564
0.416
0.579
0.613
0.695
0.662
0.589
0.610
0.657
0.644
0.627
0.647
0.617
0.696
0.604
0.719
0.587
0.584
0.632
0.384
0.655
0.656
0.418
0.657
0.619
0.618
0.659
0.354
0.616
0.674
0.612
0.388
0.627
0.593
0.496
0.599
0.656
0.350
0.672
0.575
0.604
0.622
0.461
0.531
0.712
0.651
0.694
0.693
0.711
0.684
0.684
0.713
0.528
0.536
0.536
0.358
0.455
0.623
0.587
0.614
0.619
0.600
0.604
0.620
0.549
0.699
0.697
0.696
0.711
0.708
0.691
0.680
0.720
0.709
0.667
0.729
0.638
0.624
0.662
0.692
0.686
0.690
0.645
0.686
0.691
0.690
0.608
0.603
0.692
0.690
0.696
0.699
0.608
0.691
0.691
0.630
0.708
0.708
0.561
0.624
0.619
0.607
0.468
0.618
0.528
0.527
0.527
0.625
0.624
0.597
0.609
0.626
0.611
0.617
0.502
0.637
0.459
0.456
0.471
0.558
0.558
0.558
0.558
0.558
0.558
0.558
0.558
0.558
0.456
0.469
0.483
0.661
0.622
0.627
0.622
1.000
