gi|125654605|ref|NC_009007.1|_Rhodobacter_sphaeroides_2.4.1_plasmid_A__partial_sequence
1 521
1103 2879
4291 6885
9950 11324
14282 14505
15647 15905
18199 18301
20260 22781
23356 25541
27079 28795
30833 31160
32068 32924
33497 34083
35685 36122
39036 39176
39769 40036
40897 41175
42123 42453
43311 43491
44238 45431
47559 48528
49918 50672
51265 51418
53847 54116
55159 57510
60131 60912
61827 62867
63506 63930
64968 65583
70286 71217
71753 81402
82396 86055
86124 87545
88278 88421
90196 91552
93844 94244
94771 95139
97746 97993
99148 99386
106221 106410
107020 107245
109401 109732
110503 111061
112066 112388
113023 114045
