gi|125654605|ref|NC_009007.1|_Rhodobacter_sphaeroides_2.4.1_plasmid_A__partial_sequence
1 277
2524 2871
4962 5588
6119 7615
8361 9234
9971 10912
11812 13235
13911 14247
14849 15716
17766 18286
19491 19691
20825 21008
25643 25935
26881 27135
29858 30715
31694 32701
33537 34561
37396 38455
38959 41109
41772 42683
44032 44464
46391 47828
49524 49675
50385 50900
51610 52501
53117 54914
57101 58029
58694 59840
64968 65017
68020 68428
68971 69124
69748 70200
81213 81369
83112 83166
83762 83870
85531 85604
88425 88510
90928 90981
91639 92086
92827 92962
93496 93580
94793 94959
95691 97334
97915 99765
100537 100714
101382 101496
104552 105043
106566 108214
109037 109528
113703 114045
