gi|15640032|ref|NC_002505.1|_Vibrio_cholerae_O1_biovar_El_Tor_str._N16961_chromosome_I__complete_sequence
1 58733
151018 152734
262291 262435
324179 325323
335604 336252
382038 382605
401800 406884
762824 767565
1198540 1198724
1565924 1566366
1566521 1566841
1579649 1584055
1737262 1737648
1738165 1738332
1937346 1938524
1951746 1951820
2667269 2667389
2676548 2681506
2927944 2933247
2933953 2961149
gi|15600771|ref|NC_002506.1|_Vibrio_cholerae_O1_biovar_El_Tor_str._N16961_chromosome_II__complete_sequence
216953 217014
220084 220197
272807 273007
310944 312310
334988 335457
336163 336684
340649 341117
357511 357598
370683 394647
435627 436305
564078 564629
630324 630460
736098 736776
