gi|42779081|ref|NC_003909.8|_Bacillus_cereus_ATCC_10987__complete_genome
1 9200
9376 11980
12614 21768
21864 28973
29150 30750
30844 64525
64608 82328
82494 149957
150967 151074
151190 227898
229044 278777
279667 284914
285089 319524
321314 335377
335568 453070
455897 603264
604042 609393
611142 679119
679513 818063
818206 822784
823868 824028
824124 824720
824795 1080079
1080149 1109268
1109898 1490630
1490776 1985282
1985377 2367411
2367523 2564189
2564826 2565596
2565880 2599597
2600289 3015457
3018133 3118373
3118588 3118820
3119617 3233470
3233617 4190253
4191658 4248300
4248376 4375335
4380533 4416916
4417074 4539764
4543281 4648834
4650498 4655654
4655941 4827373
4828516 4834672
4843860 5203883
5203957 5224283
