gi|15600771|ref|NC_002506.1|_Vibrio_cholerae_O1_biovar_El_Tor_str._N16961_chromosome_II__complete_sequence
1 1057
20243 20398
114678 114826
237001 237117
272666 272911
292296 292727
310944 312310
314251 314613
324169 324353
325576 325803
326871 327686
329905 331210
334723 336064
339031 339396
340018 340804
341144 341358
343225 343853
344348 344453
345485 345832
358438 358683
361674 362025
365403 366049
370683 394647
395375 396332
397108 397541
398101 398340
401341 401579
404195 404257
412408 414116
414768 414833
416551 417555
418161 418400
421797 422671
428346 428741
432022 432109
434498 434936
435478 436547
564078 565672
630381 630683
735858 736924
829851 829909
