gi|15640032|ref|NC_002505.1|_Vibrio_cholerae_O1_biovar_El_Tor_str._N16961_chromosome_I__complete_sequence
1 134
53522 54052
55364 58974
149540 149589
150923 156116
167463 167749
262291 262364
264058 264172
264988 265255
323811 325957
328411 329469
334867 335337
362279 362719
381821 382896
401385 407075
478433 478878
481207 481573
486288 486390
501777 501833
524789 524932
545378 545428
548413 548652
581092 581756
616774 616872
707639 707707
762546 768053
865203 865680
879984 881667
893353 893420
894461 894651
899946 900716
904132 904964
907405 907455
910937 911385
935846 936371
954559 954658
973217 973773
978456 978575
991872 991949
993082 993341
1099949 1100096
1198398 1198792
1294038 1294305
1310974 1311053
1374862 1374917
1379360 1379440
1509489 1510296
1511016 1511682
1516495 1516757
1563826 1564975
1566472 1566894
1571448 1573716
1579129 1585200
1631924 1631973
1683927 1683978
1736719 1739068
1767279 1767398
1785382 1785540
1937557 1938720
1948140 1948648
1951729 1951820
1953324 1953373
1993798 1994114
2145270 2145319
2168381 2168456
2320636 2320716
2330905 2332638
2551469 2552217
2667273 2667389
2676285 2681628
2707357 2707437
2927806 2939233
gi|15600771|ref|NC_002506.1|_Vibrio_cholerae_O1_biovar_El_Tor_str._N16961_chromosome_II__complete_sequence
893 1127
19638 20445
21214 21833
51261 51342
59603 59753
101841 102276
140791 141045
187759 187847
204394 204561
216781 217014
219808 220334
237045 237508
248587 248649
267192 267245
272570 273398
292248 292774
303459 304608
310944 312310
312700 313190
313750 314660
316851 319038
323402 324409
325082 325822
326805 327361
328756 328828
329742 332433
333114 333642
334913 336064
337081 338264
338830 340469
341038 341889
342634 343202
343856 344526
345274 345880
347908 348546
349264 349531
351083 351374
356441 358692
359203 361017
361592 362072
362794 364356
365329 366096
366676 367464
368037 368120
370529 396283
398054 399201
400645 402430
403021 403088
404162 404623
406259 406340
406995 407562
410121 410630
411181 414844
416247 418447
419279 419837
421659 422718
423505 424459
427375 429080
430135 430192
430842 430891
431865 433725
434297 436594
507998 508129
515881 515945
516510 517157
540150 540218
556916 556992
558246 558302
559341 559424
563741 565652
630187 630683
638631 638711
675846 675999
735811 736973
826730 827464
827974 828023
829715 829909
832445 832498
862717 862823
878558 878728
962025 962089
