gi|77404693|ref|NC_007489.1|_Rhodobacter_sphaeroides_2.4.1_plasmid_C__complete_sequence
1536 2641
7644 8252
9012 9083
9812 10098
10678 12124
12782 13036
14660 15099
17105 17322
19309 19762
21078 22582
25365 26267
28194 28628
31894 32242
37533 38141
39840 40230
40916 41462
48018 48905
49894 50639
51810 51866
63472 64525
65130 65767
66787 67171
68051 69543
70925 71493
72625 73065
77214 77478
79200 79666
81940 82165
86628 86732
87384 88130
91907 92364
95268 95488
96965 97170
97733 97820
98874 99767
100612 101949
103085 103860
104747 105180
