gi|15640032|ref|NC_002505.1|_Vibrio_cholerae_O1_biovar_El_Tor_str._N16961_chromosome_I__complete_sequence
53662 53807
55599 58973
150924 152790
167341 167574
262291 263545
264133 264238
323982 324327
325879 329534
381822 382895
401435 403563
407034 407140
478451 478712
501883 502030
581398 581804
762460 764506
884024 884105
935982 936370
973342 973723
1067926 1068297
1510346 1511750
1563875 1564117
1571449 1573282
1578274 1584390
1737353 1737747
1738385 1738773
1936777 1937020
1937558 1938719
2168296 2168372
2331636 2332140
2679608 2681713
2927807 2927928
2933099 2939146
gi|15600771|ref|NC_002506.1|_Vibrio_cholerae_O1_biovar_El_Tor_str._N16961_chromosome_II__complete_sequence
19639 21638
102209 102288
272620 273397
292249 292773
310944 312310
314250 314659
317540 319057
324055 324408
325350 325539
326806 327360
328901 329821
330380 331824
333590 333642
334897 336064
337591 337887
339400 339842
340410 340469
342831 343202
345392 345879
356442 358691
360441 361029
361543 362071
363517 363786
365330 366095
368038 368388
370415 395278
398554 398959
401107 401244
402156 402321
411734 412324
412923 414386
416248 417601
419329 419525
428179 429124
431866 432436
432941 432994
434639 435382
507998 508079
558352 560194
564168 564282
735812 736972
