gi|125654605|ref|NC_009007.1|_Rhodobacter_sphaeroides_2.4.1_plasmid_A__partial_sequence
1 354
1123 1181
1717 2740
3634 3689
4293 4370
4937 6227
9286 9340
10041 10218
14140 14369
15045 15124
15681 15747
16800 16869
18228 18300
19919 20376
21320 21405
23373 23435
24249 25053
25843 25920
27079 28399
31038 31160
32143 35253
35775 36471
37224 37897
39811 39944
42139 42457
44709 45984
48220 48528
50035 51934
53951 54715
56086 57472
59343 59424
60131 60861
61548 62537
63545 64071
64968 65583
70435 70659
71922 75402
76007 77856
78361 80128
81022 85939
86757 87362
88278 88929
89936 92044
94228 95139
95915 95977
96816 96919
97849 98807
99794 99914
100936 101089
101816 102162
103639 103809
104707 105213
106222 106361
107046 107111
108110 108257
109581 110648
111809 112929
113847 114045
