gi|169627108|ref|NC_010397.1|_Mycobacterium_abscessus_chromosome__complete_sequence
28441 28517
43920 44618
45331 46355
97043 97120
109712 109895
174801 175012
220442 220749
342938 343102
453574 454825
458162 458359
463780 464253
472139 472420
473701 473908
679604 682030
755625 756455
773929 773983
789947 790053
825240 825289
836413 836498
866895 867036
986362 987256
1016597 1016668
1036449 1036670
1050935 1051565
1094745 1094960
1095876 1096091
1148996 1149306
1166060 1166375
1277043 1277873
1305149 1305236
1315300 1315505
1385350 1386168
1393291 1393412
1461969 1462140
1463090 1463170
1579028 1579335
1893057 1893121
1944294 1944738
1963487 1963940
1972903 1972994
2251347 2251788
2253125 2253823
2348766 2349076
2493393 2493511
2596745 2597569
2614953 2615160
2616449 2616730
2849168 2849217
3019972 3020732
3023595 3024349
3171794 3172238
3251916 3252379
3258638 3258705
3364744 3364795
3402579 3402697
3439049 3439947
3545326 3545861
3546732 3547267
4066948 4067369
4067878 4068299
4122816 4122879
4144800 4147041
4226369 4226672
4356615 4357479
4373490 4373576
4762661 4762739
4767412 4767809
4773928 4774741
4793736 4794133
4797006 4797810
4811229 4811556
4814146 4814473
4903349 4903409
4913531 4913728
gi|169786809|ref|NC_010394.1|_Mycobacterium_abscessus_plasmid__complete_sequence
1 23319
