AH-H-Abyss	54	654090	4969260	237457	7	61.53	0	0	0	0	0	0	0	12	162641	34	25	29	4071442	1049	44	59	2686.51	112.68	43	1	91	1.83	15.01	1.032	607	52419	237457	7
AH-H-Cabog	94	710684	5004541	278382	6	61.6	2	2	0	0	2	28456	1	40	349640	32	20	24	3915649	5044	186	275	3837.64	141.51	181	5	0	0	14.751	1.056	598	52397	278382	6
AH-H-Mira	118	290325	4958807	244066	10	61.57	1	1	0	0	1	19737	3	72	282923	36	25	27	3943747	2164	95	139	3566.6	156.57	92	3	209	4.21	15.145	1.021	633	52419	246249	9
AH-H-Msrca	28	1124684	4914380	828647	3	61.61	2	2	0	0	2	3104	0	2	3606	21	14	18	4252760	1575	61	88	3634.39	140.76	60	1	0	0	13.728	1.01	565	52419	828647	3
AH-H-Sga	144	199964	4869935	67129	25	61.62	3	3	0	0	3	131784	9	68	1237798	61	25	45	2821686	17253	694	1084	4131.45	166.19	666	28	0	0	15.852	1.078	623	52419	68839	24
AH-H-Soap	41	455879	4888841	243851	8	61.61	0	0	0	0	0	0	0	6	112057	28	23	25	4070139	2592	92	127	3967.49	140.82	90	2	0	0	14.87	1.002	603	52419	243851	8
AH-H-Spades	47	592124	4929385	379681	5	61.54	1	1	0	0	1	579	0	13	46999	26	20	25	4145432	2011	75	107	3611.13	134.68	73	2	63	1.28	15.166	1.024	617	52419	379681	5
AH-H-Velvet	53	526254	4886581	180361	9	61.61	0	0	0	0	0	0	0	10	159840	39	27	34	4023562	2248	74	108	3648.52	120.1	73	1	0	0	14.808	1.001	606	52419	184389	8
BC-H-Abyss	374	257581	5805336	42572	38	35.2	5	5	0	0	4	3003	2	317	4185249	42	9	13	1570119	971	60	75	3383.28	209.06	59	1	0	0	0.824	1.163	95	9186	48457	32
BC-M-Abyss	87	430487	5380960	130570	12	35.3	1	1	0	0	1	29730	23	1	69698	9	1	9	126428	339	417	2711	6.59	8.11	330	87	5511	102.42	98.498	1.012	5584	430487	130570	12
BC-H-Cabog	163	387299	4796994	79405	17	34.96	0	0	0	0	0	0	0	122	2848290	41	10	26	1908957	606	53	56	3550.71	310.54	53	0	0	0	0.612	1.244	59	5194	68746	20
BC-M-Cabog	77	258489	5419570	155352	13	35.41	3	3	0	0	3	316206	6	3	107565	8	2	7	89090	257	124	251	4.95	2.39	120	4	0	0	99.316	1.008	5698	258489	155352	13
BC-H-Mira	610	524448	5641826	43373	28	35.21	1	1	0	0	1	995	0	490	3677450	70	13	21	1873594	2593	90	103	3381.23	117.36	90	0	256	4.54	1.617	1.075	119	5197	48092	23
BC-M-Mira	132	311769	5413818	116480	14	35.42	7	7	0	0	6	467784	12	7	109930	10	1	2	54559	253	114	230	4.88	2.2	110	4	191	3.53	99.256	1.018	5692	311769	116480	14
BC-H-Msrca	210	397830	5624071	97165	16	35.21	4	4	0	0	3	3269	1	152	2963960	50	17	20	2601854	645	46	63	2881.27	205.49	45	1	0	0	0.933	1.198	112	9186	119395	14
BC-M-Msrca	68	766822	5432639	246697	6	35.39	8	8	0	0	8	274719	11	0	0	6	4	6	196772	484	188	329	9.34	3.63	184	4	0	0	99.22	1.013	5727	766822	337861	5
BC-H-Sga	567	108975	5471145	23397	69	35.18	0	0	0	0	0	0	0	541	4916800	26	2	11	527612	1041	31	33	3977.69	118.45	31	0	0	0	0.508	1.008	22	5197	24578	64
BC-M-Sga	361	106317	5368062	25767	64	35.3	1	1	0	0	1	508	1	11	127974	11	1	0	68893	45	103	256	0.87	2	97	6	0	0	98.516	1.005	5465	106317	26552	61
BC-H-Soap	284	268115	5599263	57780	30	35.19	1	1	0	0	1	503	1	250	4086765	31	7	12	1475931	824	30	34	3904.84	142.17	30	0	0	0	0.683	1.026	49	9186	58377	27
BC-M-Soap	79	606530	5341631	246346	6	35.28	0	0	0	0	0	0	20	13	197377	0	0	0	0	473	153	377	9.2	2.98	145	8	0	0	98.414	1.003	5605	606357	246346	6
BC-H-Spades	252	459337	5729752	94312	15	35.26	5	5	0	0	5	3725	0	179	2603093	55	17	28	3056794	722	55	62	2353.02	179.25	55	0	919	16.04	1.09	1.229	88	9186	101608	13
BC-M-Spades	113	346945	5395402	103691	17	35.36	4	4	0	0	3	1999	12	2	1266	6	4	3	196781	673	151	525	13.03	2.92	137	14	221	4.1	98.997	1.007	5662	346882	105260	16
BC-H-Velvet	282	267159	4966856	44126	33	35.48	0	0	0	0	0	0	0	250	3773534	27	4	15	1151206	1027	35	39	3487.03	118.84	35	0	0	0	0.789	1.022	46	9186	40368	36
BC-M-Velvet	373	91844	5310336	24786	65	35.29	2	2	0	0	2	66858	9	30	191076	3	0	0	266	313	162	414	6.12	3.17	155	7	0	0	97.939	1.003	5349	91844	24921	64
BC-M-Abyss	87	430487	5380960	130570	12	35.3	0	0	0	0	0	0	2	70	4636430	8	1	8	511520	15	11	89	7.24	5.31	7	4	5511	102.42	99.427	1.125	234	69698	430487	1
BC-M-Cabog	77	258489	5419570	155352	13	35.41	0	0	0	0	0	0	0	61	4506052	7	2	7	685080	2	5	5	1.03	2.59	5	0	0	0	99.93	1.097	236	74529	258489	1
BC-M-Mira	132	311769	5413818	116480	14	35.42	0	0	0	0	0	0	3	105	4423884	10	1	7	770442	9	5	5	4.75	2.64	5	0	191	3.53	100	1.055	235	74370	311769	1
BC-M-Msrca	68	766822	5432639	246697	6	35.39	0	0	0	0	0	0	1	55	4419587	6	3	6	788204	11	59	59	5.28	28.32	59	0	0	0	100	1.081	240	84617	766822	1
BC-M-Sga	361	106317	5368062	25767	64	35.3	0	0	0	0	0	0	0	328	5062466	8	0	0	93845	2	6	50	0.96	2.89	5	1	0	0	99.588	1.02	230	48739	106317	1
BC-M-Soap	79	606530	5341631	246346	6	35.28	0	0	0	0	0	0	1	60	5133980	0	0	0	0	5	6	50	2.41	2.89	5	1	0	0	99.588	1.002	231	46937	606530	1
BC-M-Spades	113	346945	5395402	103691	17	35.36	0	0	0	0	0	0	2	93	4542562	8	0	3	630763	19	11	104	9.13	5.28	7	4	221	4.1	99.901	1.116	240	103897	346945	1
BC-M-Velvet	373	91844	5310336	24786	65	35.29	1	1	0	0	1	6055	2	339	5054777	1	0	1	53887	19	4	4	9.41	1.98	4	0	0	0	96.901	1.002	205	24180	90692	2
BF-H-Abyss	149	419237	7036707	106769	19	43.43	154	144	0	10	64	5508098	53	34	335943	28	9	22	347720	28510	1601	2749	661.17	37.13	1528	73	239	3.4	80.626	1.467	3391	186153	146158	13
BF-H-Cabog	136	363813	5213908	95840	18	43.41	102	96	0	6	48	3570138	48	24	277939	25	6	13	198312	28116	2721	4086	659.26	63.8	2631	90	0	0	79.582	1.109	3301	182457	94207	19
BF-H-Mira	174	378585	5340833	134263	12	43.47	115	108	0	7	42	4218273	50	88	269971	27	6	9	248800	28784	1353	2690	669.71	31.48	1266	87	131	2.45	80.39	1.117	3373	188970	134263	12
BF-H-Msrca	109	391846	5392427	158716	11	43.45	119	108	0	11	45	4167060	50	19	221693	17	2	12	217963	29482	1271	2748	684.22	29.5	1173	98	0	0	80.517	1.146	3377	185930	158716	11
BF-H-Sga	281	188622	5209075	45047	38	43.45	65	65	0	0	45	2145331	39	75	339100	52	8	31	339945	27275	1117	2267	641.35	26.27	1043	74	0	0	79.584	1.06	3303	133449	41244	40
BF-H-Soap	149	384109	5262789	125627	14	43.47	92	92	0	0	37	3785868	46	59	253980	21	5	13	263522	28301	1239	2509	660.86	28.93	1154	85	0	0	80.132	1.103	3360	185821	116105	15
BF-H-Spades	110	534462	5319487	157732	10	43.47	104	100	0	4	30	3997256	50	46	253522	18	3	12	232326	28649	1397	2651	666.63	32.51	1315	82	439	8.25	80.382	1.12	3373	185423	157732	10
BF-H-Velvet	142	286976	5261270	125214	14	43.46	98	94	0	4	33	3745674	46	63	257196	18	6	13	230190	28262	1333	2553	660.05	31.13	1252	81	0	0	80.117	1.109	3363	185610	125214	14
RS-H-Abyss	520	66408	4542138	13523	98	68.72	0	0	0	0	0	0	0	500	4287630	5	0	5	133184	8	3	3	7.06	2.65	3	0	8	0.18	99.281	1.07	93	19894	66408	1
RS-M-Abyss	382	71578	4503182	22050	67	68.77	0	0	0	0	0	0	0	372	4389183	1	0	0	39	9	3	3	7.91	2.64	3	0	0	0	99.71	1.001	99	25367	71578	1
RS-H-Cabog	534	41321	4214745	12421	111	68.94	0	0	0	0	0	0	0	510	4079297	4	0	0	20914	3	0	0	2.69	0	0	0	0	0	97.634	1.027	86	15696	40728	2
RS-M-Cabog	146	127844	3952525	41794	30	69.06	0	0	0	0	0	0	0	142	3887512	4	0	2	63273	0	0	0	0	0	0	0	210	5.31	1.094	1.393	0	705	127844	1
RS-H-Mira	640	110511	4494266	18568	69	68.89	0	0	0	0	0	0	0	586	4364722	3	0	1	20019	10	4	4	9.3	3.72	4	0	241	5.36	94.178	1.019	63	5728	110511	1
RS-M-Mira	731	67456	4609809	15792	90	68.75	0	0	0	0	0	0	0	623	4425615	9	0	1	56274	18	3	3	16.02	2.67	3	0	119	2.58	98.417	1.138	44	5447	67456	1
RS-H-Msrca	106	358962	4479673	176783	10	68.87	0	0	0	0	0	0	0	97	3707912	7	0	0	656233	105	4	4	91.96	3.5	4	0	0	0	100	1.012	104	57658	358962	1
RS-M-Msrca	58	241348	4246144	142742	12	68.9	0	0	0	0	0	0	0	52	3665724	6	0	0	578823	4	1	1	376.65	94.16	1	0	0	0	0.93	1.504	0	938	241348	1
RS-H-Sga	577	75323	4211737	12872	96	68.7	0	0	0	0	0	0	0	555	4070838	5	0	0	33048	3	0	0	2.79	0	0	0	0	0	94.031	1.005	86	17253	75323	1
RS-M-Sga	830	44874	4563433	9224	150	68.79	0	0	0	0	0	0	0	802	4398389	8	0	0	49550	8	3	3	7.07	2.65	3	0	0	0	99.156	1.02	89	16390	39550	2
RS-H-Soap	720	45522	4440636	11128	121	68.88	0	0	0	0	0	0	1	685	4333020	1	0	0	14	36	72	72	33.63	67.26	72	0	0	0	93.752	1.005	70	13961	40274	2
RS-M-Soap	354	115051	4527360	33829	44	68.83	0	0	0	0	0	0	0	334	4391057	4	0	0	24277	5	0	0	4.5	0	0	0	0	0	97.25	1.009	89	32606	115051	1
RS-H-Spades	163	291333	4628908	74486	19	68.83	0	0	0	0	0	0	0	156	4316010	5	0	5	190818	8	3	3	7.01	2.63	3	0	691	14.93	100	1.069	104	94324	291333	1
RS-M-Spades	105	286217	4588344	118093	15	68.81	0	0	0	0	0	0	0	93	3987588	9	0	3	478393	15	3	3	13.14	2.63	3	0	466	10.16	100	1.072	103	61232	286217	1
RS-H-Velvet	586	59062	4475470	13807	98	68.76	0	0	0	0	0	0	0	568	4363309	1	0	0	39	15	3	3	13.39	2.68	3	0	0	0	98.079	1.001	91	19624	59062	1
RS-M-Velvet	332	71713	4485514	24347	58	68.77	0	0	0	0	0	0	0	320	4371287	1	0	0	39	10	3	3	8.77	2.63	3	0	0	0	99.816	1.002	97	42054	71713	1
RS-H-Abyss	520	66408	4542138	13523	98	68.72	0	0	0	0	0	0	0	497	4393517	6	0	2	38868	92	3	3	97.25	3.17	3	0	8	0.18	93.821	1.16	100	21337	66408	1
RS-M-Abyss	382	71578	4503182	22050	67	68.77	0	0	0	0	0	0	0	362	4405669	1	0	1	1479	38	0	0	39.7	0	0	0	0	0	94.939	1.003	97	19195	71578	1
RS-H-Cabog	534	41321	4214745	12421	111	68.94	0	0	0	0	0	0	0	528	4187921	1	0	0	2346	3	5	5	12.29	20.49	5	0	0	0	24.206	1.003	24	11934	40728	2
RS-H-Mira	640	110511	4494266	18568	69	68.89	0	0	0	0	0	0	0	586	4385470	10	1	3	25458	109	3	3	144.03	3.96	3	0	241	5.36	79.485	1.04	56	5925	110511	1
RS-M-Mira	731	67456	4609809	15792	90	68.75	0	0	0	0	0	0	1	665	4469428	8	3	6	25881	148	11	17	156.31	11.62	11	0	119	2.58	98.14	1.159	81	19572	67456	1
RS-H-Msrca	106	358962	4479673	176783	10	68.87	0	0	0	0	0	0	0	85	4156613	9	3	3	233103	92	11	11	112.14	13.41	11	0	0	0	84.806	1.052	86	40930	358962	1
RS-M-Msrca	58	241348	4246144	142742	12	68.9	0	0	0	0	0	0	0	47	4009279	4	2	2	165608	77	6	6	120.33	9.38	6	0	0	0	65.701	1.076	74	37848	241348	1
RS-H-Sga	577	75323	4211737	12872	96	68.7	0	0	0	0	0	0	0	551	4146869	1	0	0	435	2	0	0	3.11	0	0	0	0	0	63.744	1.003	62	9685	75323	1
RS-M-Sga	830	44874	4563433	9224	150	68.79	0	0	0	0	0	0	0	798	4430364	10	1	0	28078	62	8	8	62.52	8.07	8	0	0	0	98.429	1.058	100	17080	39550	2
RS-H-Soap	720	45522	4440636	11128	121	68.88	0	0	0	0	0	0	0	692	4366531	2	0	0	3174	49	0	0	69.39	0	0	0	0	0	70.033	1.005	67	12235	40274	2
RS-M-Soap	354	115051	4527360	33829	44	68.83	0	0	0	0	0	0	0	322	4382974	5	0	1	53160	63	3	3	70.79	3.37	3	0	0	0	88.26	1.025	88	20901	115051	1
RS-H-Spades	163	291333	4628908	74486	19	68.83	1	1	0	0	1	4413	0	144	4486966	5	1	5	34389	37	1	1	37.61	1.02	1	0	691	14.93	97.752	1.093	105	34817	291333	1
RS-M-Spades	105	286217	4588344	118093	15	68.81	0	0	0	0	0	0	0	86	4299820	10	3	6	181001	30	5	5	30.34	5.06	5	0	466	10.16	98.161	1.086	110	33626	286217	1
RS-H-Velvet	586	59062	4475470	13807	98	68.76	0	0	0	0	0	0	0	564	4381207	1	0	0	1455	17	0	0	18.38	0	0	0	0	0	91.713	1.004	95	19195	59062	1
RS-M-Velvet	332	71713	4485514	24347	58	68.77	0	0	0	0	0	0	0	312	4389039	2	0	1	6257	25	0	0	27.94	0	0	0	0	0	88.728	1.008	96	19177	71713	1
RS-H-Abyss	520	66408	4542138	13523	98	68.72	0	0	0	0	0	0	0	180	1248267	8	1	5	109161	180	15	20	5.72	0.48	15	0	8	0.18	98.706	1.012	2872	66408	19178	58
RS-M-Abyss	382	71578	4503182	22050	67	68.77	0	0	0	0	0	0	1	140	1350401	1	0	0	49	56	13	49	1.78	0.41	11	2	0	0	98.809	1.004	2938	71578	27255	41
RS-H-Cabog	534	41321	4214745	12421	111	68.94	0	0	0	0	0	0	2	147	1006862	18	1	3	64764	516	34	103	16.59	1.09	30	4	0	0	97.583	1.017	2748	41321	15593	74
RS-M-Cabog	146	127844	3952525	41794	30	69.06	2	2	0	0	2	26700	1	27	717607	7	2	4	159388	181	15	25	5.92	0.49	14	1	210	5.31	95.903	1.012	2928	127843	48536	22
RS-H-Mira	640	110511	4494266	18568	69	68.89	0	0	0	0	0	0	1	346	1191404	17	0	5	106702	417	31	138	13.12	0.98	26	5	241	5.36	99.713	1.005	2939	110511	26189	40
RS-M-Mira	731	67456	4609809	15792	90	68.75	0	0	0	0	0	0	1	395	1258616	19	2	4	155716	1073	150	299	33.83	4.73	141	9	119	2.58	99.487	1.007	2888	67456	22191	52
RS-H-Msrca	106	358962	4479673	176783	10	68.87	0	0	0	0	0	0	3	36	561015	16	1	2	721545	2285	37	118	71.78	1.16	33	4	0	0	99.844	1.004	3111	358962	200886	7
RS-M-Msrca	58	241348	4246144	142742	12	68.9	1	1	0	0	1	20091	1	12	440523	10	2	2	599469	165	15	22	5.18	0.47	14	1	0	0	99.936	1.007	3115	241348	170720	8
RS-H-Sga	577	75323	4211737	12872	96	68.7	0	0	0	0	0	0	0	222	1159818	8	0	0	51105	42	5	6	1.4	0.17	5	0	0	0	93.97	1.002	2686	75323	16853	62
RS-M-Sga	830	44874	4563433	9224	150	68.79	0	0	0	0	0	0	0	241	1267041	14	1	0	112159	27	20	78	0.86	0.63	15	5	0	0	99.021	1.009	2688	39550	12269	86
RS-H-Soap	720	45522	4440636	11128	121	68.88	0	0	0	0	0	0	5	290	1275221	9	0	1	15920	775	243	626	24.66	7.73	221	22	0	0	98.548	1.002	2745	45511	15123	72
RS-M-Soap	354	115051	4527360	33829	44	68.83	0	0	0	0	0	0	6	149	1259109	10	1	1	95782	35	30	45	1.11	0.95	28	2	0	0	99.152	1.01	2967	115051	42560	26
RS-H-Spades	163	291333	4628908	74486	19	68.83	1	1	0	0	1	74486	2	62	869993	11	0	8	520631	138	22	29	4.33	0.69	21	1	691	14.93	99.856	1.017	3088	291332	116634	11
RS-M-Spades	105	286217	4588344	118093	15	68.81	0	0	0	0	0	0	3	38	835384	14	2	6	554424	223	17	70	7.03	0.54	12	5	466	10.16	99.926	1.004	3106	286217	131101	10
RS-H-Velvet	586	59062	4475470	13807	98	68.76	0	0	0	0	0	0	2	206	1341097	4	0	0	269	300	17	61	9.58	0.54	15	2	0	0	98.256	1	2785	59056	18718	58
RS-M-Velvet	332	71713	4485514	24347	58	68.77	1	1	0	0	1	70664	6	132	1334482	2	0	0	3519	266	26	155	8.45	0.83	21	5	0	0	98.682	1	2955	71713	33352	35
RS-H-Abyss	520	66408	4542138	13523	98	68.72	1	1	0	0	1	8523	1	385	3423279	13	0	8	178575	95	6	6	10.38	0.66	6	0	8	0.18	96.484	1.034	778	36852	31941	11
RS-M-Abyss	382	71578	4503182	22050	67	68.77	0	0	0	0	0	0	1	298	3589043	1	0	0	1228	76	5	5	8.33	0.55	5	0	0	0	96.735	1.001	811	66861	48079	8
RS-H-Cabog	534	41321	4214745	12421	111	68.94	1	1	0	0	1	3870	1	399	3249316	13	0	2	72732	388	41	90	43.67	4.62	38	3	0	0	94.206	1.006	737	35518	25608	15
RS-M-Cabog	146	127844	3952525	41794	30	69.06	2	2	0	0	2	84753	1	105	2902044	8	1	4	138273	102	4	4	11.54	0.45	4	0	210	5.31	93.764	1.034	810	88873	95358	5
RS-H-Mira	640	110511	4494266	18568	69	68.89	1	1	0	0	1	5798	1	514	3377470	16	0	5	176081	399	48	55	42.86	5.16	47	1	241	5.36	98.719	1.011	806	45180	47771	8
RS-M-Mira	731	67456	4609809	15792	90	68.75	3	3	0	0	3	46723	1	616	3549022	18	0	3	109452	447	43	44	47.91	4.61	43	0	119	2.58	98.937	1.022	815	49959	36319	10
RS-H-Msrca	106	358962	4479673	176783	10	68.87	1	1	0	0	1	557	1	64	2820865	14	1	3	713870	683	6	6	73.26	0.64	6	0	0	0	99.389	1.009	882	200886	326722	2
RS-M-Msrca	58	241348	4246144	142742	12	68.9	1	1	0	0	1	563	2	39	2600138	9	2	3	692588	152	9	9	16.13	0.95	9	0	0	0	99.942	1.015	894	205410	235641	2
RS-H-Sga	577	75323	4211737	12872	96	68.7	0	0	0	0	0	0	1	448	3253730	14	0	0	97424	8	4	4	0.93	0.47	4	0	0	0	91.055	1.002	724	37897	33248	11
RS-M-Sga	830	44874	4563433	9224	150	68.79	0	0	0	0	0	0	1	637	3531070	16	0	0	96993	13	4	4	1.41	0.43	4	0	0	0	98.047	1.012	757	44874	23585	16
RS-H-Soap	720	45522	4440636	11128	121	68.88	1	1	0	0	1	11354	3	585	3489132	4	0	0	32130	235	22	219	25.59	2.4	17	5	0	0	97.368	1.004	764	35514	26876	15
RS-M-Soap	354	115051	4527360	33829	44	68.83	0	0	0	0	0	0	2	275	3553074	11	0	0	45541	7	5	12	0.76	0.54	4	1	0	0	98.048	1.005	830	64633	71815	6
RS-H-Spades	163	291333	4628908	74486	19	68.83	0	0	0	0	0	0	2	113	3366868	11	0	7	316472	141	8	41	15.11	0.86	7	1	691	14.93	98.947	1.035	866	201460	201460	2
RS-M-Spades	105	286217	4588344	118093	15	68.81	1	1	0	0	1	134342	1	67	2886590	13	0	4	746661	150	9	32	16.02	0.96	8	1	466	10.16	99.294	1.02	874	143857	202404	2
RS-H-Velvet	586	59062	4475470	13807	98	68.76	1	1	0	0	1	2649	2	448	3559995	2	0	0	6116	97	5	5	10.67	0.55	5	0	0	0	96.387	1.001	760	39528	33564	12
RS-M-Velvet	332	71713	4485514	24347	58	68.77	0	0	0	0	0	0	2	247	3527037	3	0	0	39136	265	5	5	28.86	0.54	5	0	0	0	97.377	1.001	817	46867	50143	8
RS-H-Abyss	520	66408	4542138	13523	98	68.72	0	0	0	0	0	0	0	485	4234064	11	0	9	190859	62	42	73	58.56	39.67	41	1	8	0.18	93.043	1.105	76	28877	66408	1
RS-M-Abyss	382	71578	4503182	22050	67	68.77	0	0	0	0	0	0	0	353	4347876	5	1	4	46321	40	2	2	37.22	1.86	2	0	0	0	95.333	1.002	75	22066	71578	1
RS-H-Cabog	534	41321	4214745	12421	111	68.94	0	0	0	0	0	0	0	526	4188359	6	0	1	14792	14	1	1	125.92	8.99	1	0	0	0	9.749	1.043	4	4266	40728	2
RS-M-Cabog	146	127844	3952525	41794	30	69.06	0	0	0	0	0	0	0	144	3920624	2	0	1	30933	0	1	1	0	152.21	1	0	210	5.31	0.576	1.473	1	657	127844	1
RS-H-Mira	640	110511	4494266	18568	69	68.89	2	2	0	0	1	13094	2	553	4380677	11	0	3	25183	117	49	49	143.21	59.98	49	0	241	5.36	71.637	1.091	17	7641	110511	1
RS-M-Mira	731	67456	4609809	15792	90	68.75	3	3	0	0	1	13107	4	677	4452850	14	1	3	30917	118	8	8	110.25	7.47	8	0	119	2.58	96.325	1.162	68	18822	67456	1
RS-H-Msrca	106	358962	4479673	176783	10	68.87	0	0	0	0	0	0	0	85	4028196	15	0	4	420752	78	11	42	281.3	39.67	10	1	0	0	24.313	1.108	15	8261	358962	1
RS-M-Msrca	58	241348	4246144	142742	12	68.9	2	2	0	0	2	7536	0	47	3866980	6	2	2	363621	58	3	3	539.94	27.93	3	0	0	0	9.97	1.367	5	5388	241348	1
RS-H-Sga	577	75323	4211737	12872	96	68.7	0	0	0	0	0	0	0	527	4088198	7	0	1	55480	12	1	1	17.72	1.48	1	0	0	0	59.38	1.005	36	6834	75323	1
RS-M-Sga	830	44874	4563433	9224	150	68.79	0	0	0	0	0	0	0	786	4364818	16	1	5	84325	48	35	38	43.69	31.85	35	0	0	0	96.342	1.04	74	13892	39550	2
RS-H-Soap	720	45522	4440636	11128	121	68.88	0	0	0	0	0	0	0	659	4356899	4	0	1	11431	90	1	1	124.58	1.38	1	0	0	0	63.345	1.001	28	4851	40274	2
RS-M-Soap	354	115051	4527360	33829	44	68.83	0	0	0	0	0	0	2	315	4344231	10	0	3	79867	94	17	18	93.38	16.89	17	0	0	0	88.267	1.03	59	12631	115051	1
RS-H-Spades	163	291333	4628908	74486	19	68.83	1	1	0	0	1	4429	0	136	4230197	9	0	8	272460	52	9	9	47.08	8.15	9	0	691	14.93	97.062	1.141	85	46425	291333	1
RS-M-Spades	105	286217	4588344	118093	15	68.81	0	0	0	0	0	0	0	74	3766185	17	5	10	699531	47	6	6	52.73	6.73	6	0	466	10.16	98.164	1.095	83	26351	286217	1
RS-H-Velvet	586	59062	4475470	13807	98	68.76	0	0	0	0	0	0	0	556	4325887	5	1	4	42175	28	2	2	26.5	1.89	2	0	0	0	93.703	1.005	74	17843	59062	1
RS-M-Velvet	332	71713	4485514	24347	58	68.77	0	0	0	0	0	0	0	308	4321147	4	1	4	62943	36	4	4	35.99	4	4	0	0	0	88.829	1.001	72	19145	71713	1
RS-H-Abyss	520	66408	4542138	13523	98	68.72	0	0	0	0	0	0	0	505	4312221	10	1	7	190574	5	5	7	15.98	15.98	5	0	8	0.18	91.272	1.162	26	19014	66408	1
RS-M-Abyss	382	71578	4503182	22050	67	68.77	0	0	0	0	0	0	0	375	4445631	2	1	2	22704	0	5	7	0	15.52	5	0	0	0	93.72	1.002	26	25932	71578	1
RS-H-Cabog	534	41321	4214745	12421	111	68.94	0	0	0	0	0	0	0	529	4182857	4	0	0	29874	6	2	2	375.23	125.08	2	0	0	0	4.31	1.26	1	1188	41321	1
RS-M-Cabog	146	127844	3952525	41794	30	69.06	0	0	0	0	0	0	0	143	3903420	3	0	1	48156	1	0	0	137.17	0	0	0	210	5.31	1.965	1.302	0	583	127844	1
RS-H-Mira	640	110511	4494266	18568	69	68.89	0	0	0	0	0	0	0	613	4355615	8	1	3	107968	52	1	1	186.02	3.58	1	0	241	5.36	78.307	1.056	12	4476	110511	1
RS-M-Mira	731	67456	4609809	15792	90	68.75	1	1	0	0	1	20420	0	714	4475798	10	2	2	93904	17	1	6	48.6	2.86	0	1	119	2.58	99.733	1.095	27	12698	67456	1
RS-H-Msrca	106	358962	4479673	176783	10	68.87	1	1	0	0	1	797	0	96	3701100	7	1	2	746744	11	6	13	36.46	19.89	5	1	0	0	81.739	1.063	23	28165	358962	1
RS-M-Msrca	58	241348	4246144	142742	12	68.9	0	0	0	0	0	0	0	51	3696035	6	0	0	516833	15	8	13	46.6	24.85	8	0	0	0	86.765	1.034	27	31896	241348	1
RS-H-Sga	577	75323	4211737	12872	96	68.7	0	0	0	0	0	0	0	555	4132778	5	0	0	57776	5	0	0	23.9	0	0	0	0	0	56.385	1.013	11	3590	75323	1
RS-M-Sga	830	44874	4563433	9224	150	68.79	0	0	0	0	0	0	0	813	4477674	11	1	2	46825	4	5	7	11.99	14.99	5	0	0	0	99.121	1.059	26	19745	44874	1
RS-H-Soap	720	45522	4440636	11128	121	68.88	0	0	0	0	0	0	0	697	4412223	1	0	0	1354	5	0	0	18.97	0	0	0	0	0	71.038	1.027	9	3071	45522	1
RS-M-Soap	354	115051	4527360	33829	44	68.83	0	0	0	0	0	0	0	341	4391320	5	0	0	102203	11	1	6	33.41	3.04	0	1	0	0	88.739	1.028	25	18759	115051	1
RS-H-Spades	163	291333	4628908	74486	19	68.83	0	0	0	0	0	0	0	151	4147008	9	1	7	439947	6	5	7	18.8	15.67	5	0	691	14.93	99.318	1.139	28	28110	291333	1
RS-M-Spades	105	286217	4588344	118093	15	68.81	0	0	0	0	0	0	0	93	4175980	11	1	6	347240	2	6	13	5.39	16.18	5	1	466	10.16	100	1.755	31	35964	286217	1
RS-H-Velvet	586	59062	4475470	13807	98	68.76	0	0	0	0	0	0	0	578	4393452	3	1	2	46721	3	5	7	9.22	15.36	5	0	0	0	94.593	1.006	26	25932	59062	1
RS-M-Velvet	332	71713	4485514	24347	58	68.77	0	0	0	0	0	0	0	326	4400356	3	1	2	52247	0	5	7	0	16.56	5	0	0	0	88.332	1.004	26	25676	71713	1
SA-H-Abyss	92	244957	3034102	64963	13	32.92	0	0	0	0	0	0	0	87	2938858	5	2	5	84095	9	0	0	460.36	0	0	0	0	0	34.703	1.188	10	4185	244957	1
SA-H-Cabog	56	285328	2796508	111165	7	32.73	0	0	0	0	0	0	0	52	2525733	4	2	4	266551	6	0	0	759.49	0	0	0	0	0	12.322	1.268	5	1247	285328	1
SA-H-Mira	110	379101	2853942	132448	7	32.75	0	0	0	0	0	0	0	93	2691069	11	3	1	152341	126	32	32	1752.68	445.12	32	0	46	1.61	28.723	1.356	2	2060	379101	1
SA-H-Msrca	39	449789	2892444	221821	5	32.85	0	0	0	0	0	0	0	35	2502008	3	1	2	387807	6	0	0	759.49	0	0	0	0	0	2.921	3.328	1	751	449789	1
SA-H-Sga	150	173010	2787797	39954	22	32.63	1	1	0	0	1	1721	0	142	2731145	6	3	1	46530	21	1	1	953.25	45.39	1	0	0	0	32.081	1.167	8	4185	173010	1
SA-H-Soap	52	364183	2822930	146332	7	32.69	0	0	0	0	0	0	0	47	2414742	4	2	1	398816	6	0	0	759.49	0	0	0	0	0	32.432	1.069	9	4185	364183	1
SA-H-Spades	44	350174	2854235	187080	6	32.78	0	0	0	0	0	0	0	40	2361939	4	2	3	482293	6	0	0	759.49	0	0	0	57	2	34.999	1.057	10	4185	350174	1
SA-H-Velvet	60	336190	2824718	122507	7	32.73	1	0	0	1	1	1703	0	54	2499950	4	2	1	314904	12	0	0	582.81	0	0	0	0	0	32.662	1.117	9	4185	336190	1
SA-H-Mira	110	379101	2853942	132448	7	32.75	77	76	0	1	29	2299960	77	62	75708	8	3	4	34560	22620	1556	3132	865.27	59.52	1480	76	46	1.61	91.177	1.049	2468	187515	132448	7
SA-H-Sga	150	173010	2787797	39954	22	32.63	32	32	0	0	27	1100475	44	33	98794	27	6	14	68748	20948	1004	2303	817.45	39.18	950	54	0	0	89.826	1.016	2367	137514	38102	23
SA-H-Velvet	60	336190	2824718	122507	7	32.73	64	64	0	0	28	2358994	78	13	75889	8	3	5	28198	22655	1548	2901	867.67	59.29	1478	70	0	0	91.052	1.041	2455	187397	122507	7
SA-H-Mira	110	379101	2853942	132448	7	32.75	0	0	0	0	0	0	0	107	2851085	3	1	0	2145	5	1	1	2074.69	414.94	1	0	46	1.61	11.424	1.994	0	242	379101	1
SA-H-Sga	150	173010	2787797	39954	22	32.63	0	0	0	0	0	0	0	148	2764539	2	1	0	22781	4	0	0	2580.65	0	0	0	0	0	9.376	1.628	0	155	173010	1
SA-H-Velvet	60	336190	2824718	122507	7	32.73	0	0	0	0	0	0	0	58	2797339	2	1	0	26929	4	0	0	2739.73	0	0	0	0	0	9.376	1.536	0	146	336190	1
VC-H-Abyss	153	280277	4086478	94508	13	47.57	3	3	0	0	3	87755	11	71	405031	8	3	3	614664	135	127	462	4.62	4.35	102	25	4125	100.94	98.735	1.07	2602	246076	119666	8
VC-M-Abyss	196	178118	3904784	60973	21	47.56	1	1	0	0	1	62005	0	93	1005322	0	0	0	0	93	56	70	3.21	1.93	54	2	0	0	97.857	1.001	2533	178118	79406	14
VC-H-Cabog	127	256726	3855600	61249	19	47.53	5	5	0	0	5	285045	9	22	400609	15	3	3	548333	339	194	212	11.82	6.76	192	2	0	0	97.067	1.019	2528	256726	75899	12
VC-M-Cabog	241	140691	3953298	33710	34	47.52	3	3	0	0	3	54449	6	74	575592	23	3	5	441445	189	90	130	6.51	3.1	85	5	0	0	98.075	1.018	2546	140691	45141	21
VC-H-Mira	152	316666	3957629	92000	14	47.5	9	9	0	0	7	494457	7	63	229410	17	3	2	788832	163	91	106	5.59	3.12	89	2	198	5	98.577	1.024	2605	171619	129237	9
VC-M-Mira	154	450326	4011692	112926	9	47.48	8	8	0	0	8	1005746	4	57	210195	20	8	6	842699	167	83	114	5.71	2.84	79	4	70	1.74	98.761	1.019	2627	414642	167208	5
VC-H-Msrca	91	555664	3989162	241604	6	47.5	4	4	0	0	4	330156	4	42	253869	14	5	9	790848	1975	189	226	67.67	6.48	186	3	0	0	98.556	1.016	2638	555664	324982	4
VC-M-Msrca	163	255146	4030761	76131	16	47.47	8	8	0	0	8	185725	1	60	497891	25	5	7	564374	133	71	93	4.59	2.45	68	3	0	0	97.944	1.024	2610	255146	105536	10
VC-H-Sga	351	108154	3890290	23808	49	47.54	1	1	0	0	1	2379	0	135	854343	12	0	0	137947	91	59	70	3.15	2.04	58	1	0	0	97.696	1.002	2467	108154	31046	31
VC-M-Sga	326	105420	3931012	27573	45	47.53	1	1	0	0	1	9459	0	123	848968	18	1	0	163608	125	60	71	4.32	2.07	58	2	0	0	97.784	1.008	2499	105420	33473	29
VC-H-Soap	100	425556	3932751	135118	10	47.52	7	7	0	0	7	586916	33	51	514780	5	2	1	505039	311	148	176	10.7	5.09	145	3	0	0	98.136	1.011	2586	425699	163193	7
VC-M-Soap	186	246179	3924635	71357	15	47.56	4	4	0	0	4	368149	25	76	661561	10	0	0	357144	265	75	112	9.14	2.59	70	5	0	0	97.895	1.004	2556	246179	113831	10
VC-H-Spades	162	214711	3939988	83518	16	47.51	1	1	0	0	1	62063	1	73	411898	18	5	0	612415	153	61	85	5.26	2.1	58	3	0	0	98.18	1.01	2587	214707	93941	11
VC-M-Spades	146	741022	4035776	262160	5	47.37	3	3	0	0	3	370072	2	100	198492	15	6	6	886549	118	75	88	4.02	2.56	73	2	209	5.18	99.108	1.006	2653	741022	311625	4
VC-H-Velvet	213	157783	3914915	40877	30	47.5	1	1	0	0	1	40085	4	89	793500	5	1	1	217738	112	67	94	3.86	2.31	64	3	0	0	97.978	1.015	2522	157783	54768	19
VC-M-Velvet	156	246346	3944260	92036	15	47.52	6	6	0	0	6	476321	1	64	475730	19	5	3	597804	102	58	86	3.56	2.02	54	4	0	0	98.338	0.995	2595	246346	108108	10
VC-H-Abyss	153	280277	4086478	94508	13	47.57	1	1	0	0	1	8770	6	60	2055249	12	1	1	936969	140	98	241	13.7	9.59	87	11	4125	100.94	95.314	1.071	901	213447	226093	3
VC-M-Abyss	196	178118	3904784	60973	21	47.56	1	1	0	0	1	8436	0	99	2895073	0	0	0	0	119	47	51	11.82	4.67	47	0	0	0	93.926	1.003	885	110288	111096	4
VC-H-Cabog	127	256726	3855600	61249	19	47.53	12	12	0	0	7	42198	2	75	1932711	17	1	3	935406	359	87	112	37.52	9.09	86	1	0	0	91.994	1.004	848	171869	148549	3
VC-M-Cabog	241	140691	3953298	33710	34	47.52	8	8	0	0	8	22901	1	121	2111435	30	1	5	814161	243	54	72	24.06	5.35	52	2	0	0	94.203	1.021	857	110049	78380	6
VC-H-Mira	152	316666	3957629	92000	14	47.5	14	14	0	0	12	26402	2	49	1389455	23	4	4	1520126	349	61	82	33.73	5.9	59	2	198	5	96.487	1.016	916	211909	176605	3
VC-M-Mira	154	450326	4011692	112926	9	47.48	34	34	0	0	24	64057	3	68	1152344	28	6	5	1793338	187	79	158	18.06	7.63	74	5	70	1.74	97.279	1.031	937	450326	420631	2
VC-H-Msrca	91	555664	3989162	241604	6	47.5	2	2	0	0	2	15284	1	19	534574	18	6	8	2383810	748	86	129	71.8	8.25	82	4	0	0	97.172	1.028	938	357911	555664	1
VC-M-Msrca	163	255146	4030761	76131	16	47.47	6	6	0	0	6	19317	2	58	1433311	27	3	5	1516357	205	55	75	19.7	5.29	53	2	0	0	97.03	1.041	927	105536	177955	3
VC-H-Sga	351	108154	3890290	23808	49	47.54	1	1	0	0	1	7351	0	193	2790373	9	0	0	102308	100	46	50	10.05	4.62	46	0	0	0	92.762	1.003	832	79022	56989	8
VC-M-Sga	326	105420	3931012	27573	45	47.53	1	1	0	0	1	8582	0	166	2719046	16	1	0	195476	43	48	51	4.29	4.79	48	0	0	0	93.507	1.014	861	44101	63334	7
VC-H-Soap	100	425556	3932751	135118	10	47.52	6	6	0	0	4	29565	17	33	1272459	11	4	1	1632619	241	72	160	23.62	7.06	63	9	0	0	95.144	1.009	894	224346	246183	2
VC-M-Soap	186	246179	3924635	71357	15	47.56	7	7	0	0	7	31040	19	90	1868996	12	3	1	1035465	135	99	126	13.32	9.77	97	2	0	0	94.501	1.008	889	113831	205557	3
VC-H-Spades	162	214711	3939988	83518	16	47.51	3	3	0	0	3	13682	1	42	1347944	23	2	0	1557501	142	54	71	13.84	5.26	52	2	0	0	95.687	1.009	902	128456	166979	3
VC-M-Spades	146	741022	4035776	262160	5	47.37	2	2	0	0	2	16575	2	75	367337	14	6	5	2605794	84	55	94	8.04	5.26	52	3	209	5.18	97.468	1.018	946	355966	741022	1
VC-H-Velvet	213	157783	3914915	40877	30	47.5	3	3	0	0	3	15104	4	102	2299924	16	1	2	596697	70	123	168	6.89	12.11	117	6	0	0	94.684	1.004	866	137030	85006	5
VC-M-Velvet	156	246346	3944260	92036	15	47.52	6	6	0	0	6	82242	1	58	1433869	21	5	5	1476067	61	52	82	6.04	5.15	50	2	0	0	95.677	1.009	900	140621	187929	3
XA-H-Abyss	154	196813	4913650	89864	21	65.09	2	2	0	0	1	60758	14	88	811285	57	31	51	2950892	15970	707	1032	4032.85	178.54	692	15	50	1.02	20.453	1.133	811	46289	89864	21
XA-H-Cabog	89	312406	4836665	107676	16	65.19	1	1	0	0	1	18508	6	38	622667	46	32	44	3160024	9845	415	649	4068.2	171.49	407	8	0	0	19.597	1.083	774	46286	105803	17
XA-H-Mira	1158	352831	6022342	91268	21	64.17	0	0	0	0	0	0	7	1092	1736491	50	31	44	3202669	10503	388	607	4055.15	149.8	379	9	859	14.26	19.86	1.098	780	46289	105619	16
XA-H-Msrca	138	322669	4928115	117883	15	65.08	0	0	0	0	0	0	7	91	712073	42	30	41	3139397	10183	474	609	4176.56	194.41	468	6	0	0	20.064	1.08	795	46289	117883	15
XA-H-Sga	230	132038	4798962	49072	35	65.2	6	6	0	0	5	256146	22	119	1393651	82	25	63	2178453	30389	1105	1575	4097.65	149	1079	26	0	0	21.403	1.154	836	48600	47829	37
XA-H-Soap	163	196882	4900579	79834	21	65.12	0	0	0	0	0	0	6	87	932542	62	35	56	2899883	13115	468	709	4010.62	143.12	455	13	0	0	20.286	1.06	803	40364	74197	22
XA-H-Spades	156	312376	4971240	117467	16	65.04	0	0	0	0	0	0	8	109	740305	41	30	39	3147412	9276	323	498	4049.19	141	315	8	236	4.75	20.181	1.081	801	46289	117467	16
XA-H-Velvet	156	307295	4889453	83025	20	65.12	0	0	0	0	0	0	12	90	908932	55	35	52	2893059	12158	551	762	3994.56	181.03	542	9	0	0	19.899	1.1	784	46289	83025	20
