#Component	1	2	3	4	5	6	7	8	9	10
#Std. deviation	8.151e+06	1.019e+06	1.949e+05	4.189e+04	3.255e+04	1.35e+04	3067	171.9	6.081	2.809
#Proportion of variance explained	0.984	0.01537	0.0005625	2.599e-05	1.569e-05	2.7e-06	1.394e-07	4.379e-10	5.478e-13	1.169e-13
#Loadings	1	2	3	4	5	6	7	8	9	10
c2	-3.612e-05	2.34e-05	0.0008376	0.0008099	-0.003538	-0.001996	-0.003703	-0.6922	0.07357	0.7179
c3	-0.0003694	-0.006576	0.002484	-0.003979	-0.0007362	-0.0114	-0.9999	0.005382	0.0002145	-2.324e-05
c4	-3.02e-05	2.153e-05	0.0007415	0.0002445	-0.001565	-0.002237	-0.003815	-0.7054	-0.2789	-0.6516
c5	-0.0295	0.03485	-0.8961	0.4341	0.07636	-0.02487	-0.003949	-0.0008704	3.817e-05	-3.182e-06
c6	-0.5591	0.4349	0.06942	0.1925	-0.6722	0.06719	-0.003505	0.002482	-2.452e-06	-0.001091
c7	-0.6152	-0.7883	-0.01075	-0.0007214	0.0002638	-0.0003678	0.005392	-3.748e-05	-1.341e-06	1.824e-07
c8	-0.5549	0.4335	-0.001329	-0.1985	0.6783	-0.06822	-0.001593	-0.002321	4.833e-06	0.00109
c9	-0.0102	0.01423	-0.3981	-0.7938	-0.2866	-0.359	0.00639	0.001053	-1.041e-05	-2.044e-06
c10	-0.005298	0.006424	-0.1831	-0.324	-0.01031	0.928	-0.009799	-0.003147	-0.0001552	3.938e-05
c11	-5.226e-06	3.576e-06	0.000153	-6.707e-05	-0.0001969	-0.0003478	-0.000604	-0.1523	0.9575	-0.245
#Scores	1	2	3	4	5	6	7	8	9	10
1	-8.624e+06	4.117e+05	-4.182e+05	2.28e+04	1.098e+04	4509	-884.8	-158.4	4.97	-1.078
2	-8.676e+06	4.222e+05	-4.851e+05	1.263e+04	-2293	-239.5	-936.9	-224.2	-1.208	-0.4307
3	-8.757e+06	1.508e+05	-1.015e+05	-1.385e+05	-4.341e+04	2.855e+04	935.5	143.2	-5.92	2.592
4	-8.541e+06	4.444e+05	-1.099e+06	-2.786e+05	-1.244e+05	-1.138e+05	-32.88	-271.4	0.8573	0.1717
5	-8.58e+06	1.949e+05	6.367e+04	-1.031e+04	2.116e+04	-156.3	-111.3	203.3	3.902	-1.236
6	-8.485e+06	3.894e+05	-2.506e+05	-7.237e+04	-7894	2.158e+04	-216.8	-12.97	-0.67	-0.9302
7	-8.593e+06	3.542e+05	-4.238e+05	-1.185e+05	-3.807e+04	-3.695e+04	375.1	38.8	1.194	-1.402
8	-8.472e+06	4.05e+05	-2.805e+05	2.226e+04	1.708e+04	2585	-464	-28.28	7.017	-2.542
9	-1.007e+07	4.02e+05	8.089e+04	3.925e+04	2.129e+04	-9857	326.2	64.56	-14.35	5.273
10	-9.348e+06	4.068e+05	-1.425e+05	2.508e+04	2.603e+04	-153.3	-309.5	99.96	4.916	-2.327
11	-8.308e+06	3.988e+05	-1.094e+05	6.252e+04	3.679e+04	-1.562e+04	-86.48	11.38	-3.101	1.871
12	-9.382e+06	4.456e+05	3307	-7.241e+04	8659	1086	737	259.7	-1.309	-1.435
13	-9.72e+06	3.944e+05	-1.666e+05	1.75e+05	-2.155e+04	-1.406e+04	-624.6	-202.5	-27.59	3.751
14	-9.364e+06	4.289e+05	-2.493e+04	-5675	7303	-6961	511	253.5	4.455	-2.561
15	-9.736e+06	4.44e+05	-7.922e+04	5.049e+04	2.334e+04	-1.878e+04	218.1	117.1	-4.901	0.9923
16	-9.42e+06	4.563e+05	-5.052e+05	4.703e+04	1.376e+04	4.383e+04	-1565	-336.4	1.235	-0.6177
17	-1.145e+07	-2.191e+06	1.695e+05	350.1	-1.282e+04	-5206	-1.089e+04	50.92	-11.78	3.27
18	-9.771e+06	-2.18e+05	1.906e+05	-1.095e+04	1.615e+04	-2819	2237	113.3	4.938	0.3714
19	-9.918e+06	1.389e+05	4.975e+04	3.059e+04	2.196e+04	-1.394e+04	-264.7	138.4	-7.368	1.786
20	-9.262e+06	4.431e+05	-3.498e+05	7030	6027	-3.789e+04	-83.98	47.56	5.154	-1.012
21	-1.004e+07	2.71e+05	-1.299e+05	8.365e+04	9468	-1.518e+04	310.4	102.8	-0.6388	-0.3995
22	-1.702e+07	-9.407e+06	-1.879e+05	5071	2.699e+04	-2004	1.758e+04	-41.79	-0.6435	-1.023
23	-8.615e+06	3.591e+05	2.351e+04	4.513e+04	2.351e+04	-8479	252.6	39.05	-6.07	1.165
24	-9.187e+06	4.109e+05	2.097e+05	-1.717e+04	2.309e+04	-4652	873.9	80.45	-1.61	1.831
25	-1.007e+07	4.02e+05	8.089e+04	3.925e+04	2.129e+04	-9857	326.2	64.56	-14.35	5.273
26	-9.348e+06	4.068e+05	-1.425e+05	2.508e+04	2.603e+04	-153.3	-309.5	99.96	4.916	-2.327
27	-8.308e+06	3.988e+05	-1.094e+05	6.252e+04	3.679e+04	-1.562e+04	-86.48	11.38	-3.101	1.871
28	-9.382e+06	4.456e+05	3307	-7.241e+04	8659	1086	737	259.7	-1.309	-1.435
29	-9.72e+06	3.944e+05	-1.666e+05	1.75e+05	-2.155e+04	-1.406e+04	-624.6	-202.5	-27.59	3.751
30	-9.364e+06	4.289e+05	-2.493e+04	-5675	7303	-6961	511	253.5	4.455	-2.561
31	-9.736e+06	4.44e+05	-7.922e+04	5.049e+04	2.334e+04	-1.878e+04	218.1	117.1	-4.901	0.9923
32	-9.42e+06	4.563e+05	-5.052e+05	4.703e+04	1.376e+04	4.383e+04	-1565	-336.4	1.235	-0.6177
33	-1.145e+07	-2.191e+06	1.695e+05	350.1	-1.282e+04	-5206	-1.089e+04	50.92	-11.78	3.27
34	-9.771e+06	-2.18e+05	1.906e+05	-1.095e+04	1.615e+04	-2819	2237	113.3	4.938	0.3714
35	-9.918e+06	1.389e+05	4.975e+04	3.059e+04	2.196e+04	-1.394e+04	-264.7	138.4	-7.368	1.786
36	-9.262e+06	4.431e+05	-3.498e+05	7030	6027	-3.789e+04	-83.98	47.56	5.154	-1.012
37	-1.004e+07	2.71e+05	-1.299e+05	8.365e+04	9468	-1.518e+04	310.4	102.8	-0.6388	-0.3995
38	-1.702e+07	-9.407e+06	-1.879e+05	5071	2.699e+04	-2004	1.758e+04	-41.79	-0.6435	-1.023
39	-8.615e+06	3.591e+05	2.351e+04	4.513e+04	2.351e+04	-8479	252.6	39.05	-6.07	1.165
40	-9.187e+06	4.109e+05	2.097e+05	-1.717e+04	2.309e+04	-4652	873.9	80.45	-1.61	1.831
41	-1.218e+07	5.743e+05	-2.498e+04	3.267e+04	4.163e+04	-6215	405.4	249.5	3.345	-1.553
42	-9.028e+06	4.317e+05	-7.294e+04	3.297e+04	3.281e+04	-1.147e+04	153.2	104.1	1.083	-0.1003
43	-9.282e+06	3.526e+05	-1.028e+05	2601	-4955	1.602e+04	124	104.2	-0.803	2.243
44	-9.338e+06	4.429e+05	-1.188e+05	-1.536e+04	1.396e+04	-4607	227.2	122.7	-2.575	-0.7802
45	-9.18e+06	1.751e+05	1.037e+05	8478	1.274e+04	-1610	182.7	154.6	0.05883	1.471
46	-9.133e+06	3.871e+05	-1.037e+05	1.673e+04	1.148e+04	-6206	165.3	126.1	1.106	-0.879
47	-9.215e+06	4.302e+05	-2.526e+05	4.631e+04	1.671e+04	3983	-445.3	-11.05	4.499	-1.906
48	-9.117e+06	4.047e+05	-1.649e+04	-2.666e+04	8571	-3240	558.2	195.5	-3.782	0.2335
49	-8.882e+06	4.222e+05	-3.134e+05	1.146e+05	3.91e+04	-700.1	-897.7	-101.5	13.81	-3.745
50	-8.869e+06	3.888e+05	3.774e+04	5959	2.226e+04	-1505	463.9	200.1	5.281	-1.819
51	-8.855e+06	4.196e+05	3.951e+04	-9608	2.674e+04	-2414	530.3	196	0.9571	-0.8829
52	-8.849e+06	4.111e+05	2.526e+05	-2.528e+04	3.289e+04	-6850	487.3	-626.9	-1.034	8.793
53	-1.052e+07	-1.636e+06	-1.145e+05	-3.944e+04	6174	3.301e+04	-1899	74.09	0.678	0.2445
54	-9.558e+06	-5.46e+04	1.21e+04	5.046e+04	-1.495e+05	1.425e+04	1503	540.2	31.47	18.96
55	-8.909e+06	4.266e+05	-1.597e+05	-1.029e+05	-1.37e+04	-1922	465.4	146.2	-2.761	-1.157
56	-9.369e+06	4.353e+05	1.994e+05	-2.469e+04	2.732e+04	-5639	911.5	120.3	-8.015	2.865
57	-8.891e+06	3.598e+05	1.878e+05	-1.603e+04	2.147e+04	-3058	790	141.2	2.872	0.6229
58	-9.119e+06	2.876e+05	2.383e+05	-1.435e+04	7295	-3739	933.5	-235	5.227	0.8515
59	-8.904e+06	4.176e+05	-2.059e+05	2.554e+04	2.212e+04	9805	-341.1	15.62	5.83	-2.229
60	-8.896e+06	4.063e+05	-2.745e+04	-3.595e+04	1.247e+04	2458	456.6	196.2	0.9248	-1.756
61	-8.895e+06	4.257e+05	-3.449e+05	8.932e+04	3.007e+04	1.209e+04	-985.3	-125.2	11.21	-1.863
62	-9.087e+06	2.293e+05	-2.635e+05	-3.064e+04	-1850	1.557e+04	230.5	-14.17	1.165	0.5848
63	-8.875e+06	4.085e+05	9.122e+04	-1.106e+04	2.637e+04	856.7	646.2	232.4	6.408	-2.483
64	-8.9e+06	3.968e+05	6.763e+04	1.954e+04	2.971e+04	-5083	519.9	149.1	5.185	-0.7201
65	-8.882e+06	4.222e+05	-3.134e+05	1.146e+05	3.91e+04	-700.1	-897.7	-101.5	13.81	-3.745
66	-8.869e+06	3.888e+05	3.774e+04	5959	2.226e+04	-1505	463.9	200.1	5.281	-1.819
67	-8.855e+06	4.196e+05	3.951e+04	-9608	2.674e+04	-2414	530.3	196	0.9571	-0.8829
68	-8.849e+06	4.111e+05	2.526e+05	-2.528e+04	3.289e+04	-6850	487.3	-626.9	-1.034	8.793
69	-1.052e+07	-1.636e+06	-1.145e+05	-3.944e+04	6174	3.301e+04	-1899	74.09	0.678	0.2445
70	-9.558e+06	-5.46e+04	1.21e+04	5.046e+04	-1.495e+05	1.425e+04	1503	540.2	31.47	18.96
71	-8.909e+06	4.266e+05	-1.597e+05	-1.029e+05	-1.37e+04	-1922	465.4	146.2	-2.761	-1.157
72	-9.369e+06	4.353e+05	1.994e+05	-2.469e+04	2.732e+04	-5639	911.5	120.3	-8.015	2.865
73	-8.891e+06	3.598e+05	1.878e+05	-1.603e+04	2.147e+04	-3058	790	141.2	2.872	0.6229
74	-9.119e+06	2.876e+05	2.383e+05	-1.435e+04	7295	-3739	933.5	-235	5.227	0.8515
75	-8.904e+06	4.176e+05	-2.059e+05	2.554e+04	2.212e+04	9805	-341.1	15.62	5.83	-2.229
76	-8.896e+06	4.063e+05	-2.745e+04	-3.595e+04	1.247e+04	2458	456.6	196.2	0.9248	-1.756
77	-8.895e+06	4.257e+05	-3.449e+05	8.932e+04	3.007e+04	1.209e+04	-985.3	-125.2	11.21	-1.863
78	-9.087e+06	2.293e+05	-2.635e+05	-3.064e+04	-1850	1.557e+04	230.5	-14.17	1.165	0.5848
79	-8.875e+06	4.085e+05	9.122e+04	-1.106e+04	2.637e+04	856.7	646.2	232.4	6.408	-2.483
80	-8.9e+06	3.968e+05	6.763e+04	1.954e+04	2.971e+04	-5083	519.9	149.1	5.185	-0.7201
81	-7.89e+06	2.768e+05	1.931e+05	-7360	2232	-2077	67.91	-111.7	8.46	-1.613
82	-7.813e+06	3.003e+05	1.825e+05	-1.494e+04	7896	-3146	608.6	36.52	3.021	1.333
83	-7.289e+06	3.374e+05	1.984e+05	-2.227e+04	2.47e+04	-4563	549.3	-277.4	2.281	3.946
84	-6.839e+06	3.214e+05	9.135e+04	-1.15e+04	2.218e+04	-2907	555.8	145.4	4.136	-0.9792
85	-7.84e+06	1.214e+05	1.473e+05	2.733e+04	-6.276e+04	2223	795.2	4.643	-4.617	-3.744
86	-7.925e+06	2.665e+05	1.957e+05	1.212e+04	-7.005e+04	3869	735.8	-45.8	-1.981	-5.828
87	-7.759e+06	3.622e+05	-1.539e+05	-4.555e+04	-3670	1.679e+04	-35.13	-4.178	-6.8	1.554
88	-7.351e+06	3.483e+05	-4.838e+04	-6.966e+04	877.9	3.208e+04	153	72.57	-2.776	-0.8199
89	-8.178e+06	-8.573e+05	1.517e+05	20.97	-2937	-3386	-3111	-208.5	-1.734	2.455
90	-7.886e+06	2.887e+05	2.164e+05	-5105	-2.228e+04	-1024	566.6	-409	7.561	-1.562
91	-8.115e+06	-2.918e+05	2.001e+05	-5612	-2.601e+04	-684.6	-1974	-249.2	3.326	-3.893
92	-7.828e+06	3.294e+05	1.397e+05	-5367	1602	-3052	687.6	67.72	-10.06	0.8282
93	-8.028e+06	3.407e+05	-3.436e+04	2.496e+04	1.527e+04	4895	124	87.99	0.5424	-1.735
94	-7.961e+06	3.541e+05	-5.049e+04	-1.711e+04	1.414e+04	-6145	340.9	137.6	0.3782	-0.6216
95	-7.742e+06	2.987e+05	1.964e+05	-7476	-7162	-2120	644.5	-163.9	-0.6906	0.5123
96	-7.781e+06	3.135e+05	1.8e+05	-1.982e+04	1.48e+04	-1869	695	58.61	-0.8322	0.9942
97	-7.89e+06	2.768e+05	1.931e+05	-7360	2232	-2077	67.91	-111.7	8.46	-1.613
98	-7.813e+06	3.003e+05	1.825e+05	-1.494e+04	7896	-3146	608.6	36.52	3.021	1.333
99	-7.289e+06	3.374e+05	1.984e+05	-2.227e+04	2.47e+04	-4563	549.3	-277.4	2.281	3.946
100	-6.839e+06	3.214e+05	9.135e+04	-1.15e+04	2.218e+04	-2907	555.8	145.4	4.136	-0.9792
101	-7.84e+06	1.214e+05	1.473e+05	2.733e+04	-6.276e+04	2223	795.2	4.643	-4.617	-3.744
102	-7.925e+06	2.665e+05	1.957e+05	1.212e+04	-7.005e+04	3869	735.8	-45.8	-1.981	-5.828
103	-7.759e+06	3.622e+05	-1.539e+05	-4.555e+04	-3670	1.679e+04	-35.13	-4.178	-6.8	1.554
104	-7.351e+06	3.483e+05	-4.838e+04	-6.966e+04	877.9	3.208e+04	153	72.57	-2.776	-0.8199
105	-8.178e+06	-8.573e+05	1.517e+05	20.97	-2937	-3386	-3111	-208.5	-1.734	2.455
106	-7.886e+06	2.887e+05	2.164e+05	-5105	-2.228e+04	-1024	566.6	-409	7.561	-1.562
107	-8.115e+06	-2.918e+05	2.001e+05	-5612	-2.601e+04	-684.6	-1974	-249.2	3.326	-3.893
108	-7.828e+06	3.294e+05	1.397e+05	-5367	1602	-3052	687.6	67.72	-10.06	0.8282
109	-8.028e+06	3.407e+05	-3.436e+04	2.496e+04	1.527e+04	4895	124	87.99	0.5424	-1.735
110	-7.961e+06	3.541e+05	-5.049e+04	-1.711e+04	1.414e+04	-6145	340.9	137.6	0.3782	-0.6216
111	-7.742e+06	2.987e+05	1.964e+05	-7476	-7162	-2120	644.5	-163.9	-0.6906	0.5123
112	-7.781e+06	3.135e+05	1.8e+05	-1.982e+04	1.48e+04	-1869	695	58.61	-0.8322	0.9942
113	-7.89e+06	2.768e+05	1.931e+05	-7360	2232	-2077	67.91	-111.7	8.46	-1.613
114	-7.813e+06	3.003e+05	1.825e+05	-1.494e+04	7896	-3146	608.6	36.52	3.021	1.333
115	-7.289e+06	3.374e+05	1.984e+05	-2.227e+04	2.47e+04	-4563	549.3	-277.4	2.281	3.946
116	-6.839e+06	3.214e+05	9.135e+04	-1.15e+04	2.218e+04	-2907	555.8	145.4	4.136	-0.9792
117	-7.84e+06	1.214e+05	1.473e+05	2.733e+04	-6.276e+04	2223	795.2	4.643	-4.617	-3.744
118	-7.925e+06	2.665e+05	1.957e+05	1.212e+04	-7.005e+04	3869	735.8	-45.8	-1.981	-5.828
119	-7.759e+06	3.622e+05	-1.539e+05	-4.555e+04	-3670	1.679e+04	-35.13	-4.178	-6.8	1.554
120	-7.351e+06	3.483e+05	-4.838e+04	-6.966e+04	877.9	3.208e+04	153	72.57	-2.776	-0.8199
121	-8.178e+06	-8.573e+05	1.517e+05	20.97	-2937	-3386	-3111	-208.5	-1.734	2.455
122	-7.886e+06	2.887e+05	2.164e+05	-5105	-2.228e+04	-1024	566.6	-409	7.561	-1.562
123	-8.115e+06	-2.918e+05	2.001e+05	-5612	-2.601e+04	-684.6	-1974	-249.2	3.326	-3.893
124	-7.828e+06	3.294e+05	1.397e+05	-5367	1602	-3052	687.6	67.72	-10.06	0.8282
125	-8.028e+06	3.407e+05	-3.436e+04	2.496e+04	1.527e+04	4895	124	87.99	0.5424	-1.735
126	-7.961e+06	3.541e+05	-5.049e+04	-1.711e+04	1.414e+04	-6145	340.9	137.6	0.3782	-0.6216
127	-7.742e+06	2.987e+05	1.964e+05	-7476	-7162	-2120	644.5	-163.9	-0.6906	0.5123
128	-7.781e+06	3.135e+05	1.8e+05	-1.982e+04	1.48e+04	-1869	695	58.61	-0.8322	0.9942
129	-7.89e+06	2.768e+05	1.931e+05	-7360	2232	-2077	67.91	-111.7	8.46	-1.613
130	-7.813e+06	3.003e+05	1.825e+05	-1.494e+04	7896	-3146	608.6	36.52	3.021	1.333
131	-7.289e+06	3.374e+05	1.984e+05	-2.227e+04	2.47e+04	-4563	549.3	-277.4	2.281	3.946
132	-6.839e+06	3.214e+05	9.135e+04	-1.15e+04	2.218e+04	-2907	555.8	145.4	4.136	-0.9792
133	-7.84e+06	1.214e+05	1.473e+05	2.733e+04	-6.276e+04	2223	795.2	4.643	-4.617	-3.744
134	-7.925e+06	2.665e+05	1.957e+05	1.212e+04	-7.005e+04	3869	735.8	-45.8	-1.981	-5.828
135	-7.759e+06	3.622e+05	-1.539e+05	-4.555e+04	-3670	1.679e+04	-35.13	-4.178	-6.8	1.554
136	-7.351e+06	3.483e+05	-4.838e+04	-6.966e+04	877.9	3.208e+04	153	72.57	-2.776	-0.8199
137	-8.178e+06	-8.573e+05	1.517e+05	20.97	-2937	-3386	-3111	-208.5	-1.734	2.455
138	-7.886e+06	2.887e+05	2.164e+05	-5105	-2.228e+04	-1024	566.6	-409	7.561	-1.562
139	-8.115e+06	-2.918e+05	2.001e+05	-5612	-2.601e+04	-684.6	-1974	-249.2	3.326	-3.893
140	-7.828e+06	3.294e+05	1.397e+05	-5367	1602	-3052	687.6	67.72	-10.06	0.8282
141	-8.028e+06	3.407e+05	-3.436e+04	2.496e+04	1.527e+04	4895	124	87.99	0.5424	-1.735
142	-7.961e+06	3.541e+05	-5.049e+04	-1.711e+04	1.414e+04	-6145	340.9	137.6	0.3782	-0.6216
143	-7.742e+06	2.987e+05	1.964e+05	-7476	-7162	-2120	644.5	-163.9	-0.6906	0.5123
144	-7.781e+06	3.135e+05	1.8e+05	-1.982e+04	1.48e+04	-1869	695	58.61	-0.8322	0.9942
145	-7.89e+06	2.768e+05	1.931e+05	-7360	2232	-2077	67.91	-111.7	8.46	-1.613
146	-7.813e+06	3.003e+05	1.825e+05	-1.494e+04	7896	-3146	608.6	36.52	3.021	1.333
147	-7.289e+06	3.374e+05	1.984e+05	-2.227e+04	2.47e+04	-4563	549.3	-277.4	2.281	3.946
148	-6.839e+06	3.214e+05	9.135e+04	-1.15e+04	2.218e+04	-2907	555.8	145.4	4.136	-0.9792
149	-7.84e+06	1.214e+05	1.473e+05	2.733e+04	-6.276e+04	2223	795.2	4.643	-4.617	-3.744
150	-7.925e+06	2.665e+05	1.957e+05	1.212e+04	-7.005e+04	3869	735.8	-45.8	-1.981	-5.828
151	-7.759e+06	3.622e+05	-1.539e+05	-4.555e+04	-3670	1.679e+04	-35.13	-4.178	-6.8	1.554
152	-7.351e+06	3.483e+05	-4.838e+04	-6.966e+04	877.9	3.208e+04	153	72.57	-2.776	-0.8199
153	-8.178e+06	-8.573e+05	1.517e+05	20.97	-2937	-3386	-3111	-208.5	-1.734	2.455
154	-7.886e+06	2.887e+05	2.164e+05	-5105	-2.228e+04	-1024	566.6	-409	7.561	-1.562
155	-8.115e+06	-2.918e+05	2.001e+05	-5612	-2.601e+04	-684.6	-1974	-249.2	3.326	-3.893
156	-7.828e+06	3.294e+05	1.397e+05	-5367	1602	-3052	687.6	67.72	-10.06	0.8282
157	-8.028e+06	3.407e+05	-3.436e+04	2.496e+04	1.527e+04	4895	124	87.99	0.5424	-1.735
158	-7.961e+06	3.541e+05	-5.049e+04	-1.711e+04	1.414e+04	-6145	340.9	137.6	0.3782	-0.6216
159	-7.742e+06	2.987e+05	1.964e+05	-7476	-7162	-2120	644.5	-163.9	-0.6906	0.5123
160	-7.781e+06	3.135e+05	1.8e+05	-1.982e+04	1.48e+04	-1869	695	58.61	-0.8322	0.9942
161	-7.89e+06	2.768e+05	1.931e+05	-7360	2232	-2077	67.91	-111.7	8.46	-1.613
162	-7.813e+06	3.003e+05	1.825e+05	-1.494e+04	7896	-3146	608.6	36.52	3.021	1.333
163	-7.289e+06	3.374e+05	1.984e+05	-2.227e+04	2.47e+04	-4563	549.3	-277.4	2.281	3.946
164	-6.839e+06	3.214e+05	9.135e+04	-1.15e+04	2.218e+04	-2907	555.8	145.4	4.136	-0.9792
165	-7.84e+06	1.214e+05	1.473e+05	2.733e+04	-6.276e+04	2223	795.2	4.643	-4.617	-3.744
166	-7.925e+06	2.665e+05	1.957e+05	1.212e+04	-7.005e+04	3869	735.8	-45.8	-1.981	-5.828
167	-7.759e+06	3.622e+05	-1.539e+05	-4.555e+04	-3670	1.679e+04	-35.13	-4.178	-6.8	1.554
168	-7.351e+06	3.483e+05	-4.838e+04	-6.966e+04	877.9	3.208e+04	153	72.57	-2.776	-0.8199
169	-8.178e+06	-8.573e+05	1.517e+05	20.97	-2937	-3386	-3111	-208.5	-1.734	2.455
170	-7.886e+06	2.887e+05	2.164e+05	-5105	-2.228e+04	-1024	566.6	-409	7.561	-1.562
171	-8.115e+06	-2.918e+05	2.001e+05	-5612	-2.601e+04	-684.6	-1974	-249.2	3.326	-3.893
172	-7.828e+06	3.294e+05	1.397e+05	-5367	1602	-3052	687.6	67.72	-10.06	0.8282
173	-8.028e+06	3.407e+05	-3.436e+04	2.496e+04	1.527e+04	4895	124	87.99	0.5424	-1.735
174	-7.961e+06	3.541e+05	-5.049e+04	-1.711e+04	1.414e+04	-6145	340.9	137.6	0.3782	-0.6216
175	-7.742e+06	2.987e+05	1.964e+05	-7476	-7162	-2120	644.5	-163.9	-0.6906	0.5123
176	-7.781e+06	3.135e+05	1.8e+05	-1.982e+04	1.48e+04	-1869	695	58.61	-0.8322	0.9942
177	-7.89e+06	2.768e+05	1.931e+05	-7360	2232	-2077	67.91	-111.7	8.46	-1.613
178	-7.813e+06	3.003e+05	1.825e+05	-1.494e+04	7896	-3146	608.6	36.52	3.021	1.333
179	-7.289e+06	3.374e+05	1.984e+05	-2.227e+04	2.47e+04	-4563	549.3	-277.4	2.281	3.946
180	-6.839e+06	3.214e+05	9.135e+04	-1.15e+04	2.218e+04	-2907	555.8	145.4	4.136	-0.9792
181	-7.84e+06	1.214e+05	1.473e+05	2.733e+04	-6.276e+04	2223	795.2	4.643	-4.617	-3.744
182	-7.925e+06	2.665e+05	1.957e+05	1.212e+04	-7.005e+04	3869	735.8	-45.8	-1.981	-5.828
183	-7.759e+06	3.622e+05	-1.539e+05	-4.555e+04	-3670	1.679e+04	-35.13	-4.178	-6.8	1.554
184	-7.351e+06	3.483e+05	-4.838e+04	-6.966e+04	877.9	3.208e+04	153	72.57	-2.776	-0.8199
185	-8.178e+06	-8.573e+05	1.517e+05	20.97	-2937	-3386	-3111	-208.5	-1.734	2.455
186	-7.886e+06	2.887e+05	2.164e+05	-5105	-2.228e+04	-1024	566.6	-409	7.561	-1.562
187	-8.115e+06	-2.918e+05	2.001e+05	-5612	-2.601e+04	-684.6	-1974	-249.2	3.326	-3.893
188	-7.828e+06	3.294e+05	1.397e+05	-5367	1602	-3052	687.6	67.72	-10.06	0.8282
189	-8.028e+06	3.407e+05	-3.436e+04	2.496e+04	1.527e+04	4895	124	87.99	0.5424	-1.735
190	-7.961e+06	3.541e+05	-5.049e+04	-1.711e+04	1.414e+04	-6145	340.9	137.6	0.3782	-0.6216
191	-7.742e+06	2.987e+05	1.964e+05	-7476	-7162	-2120	644.5	-163.9	-0.6906	0.5123
192	-7.781e+06	3.135e+05	1.8e+05	-1.982e+04	1.48e+04	-1869	695	58.61	-0.8322	0.9942
193	-5.257e+06	2.466e+05	-7.848e+04	2.234e+04	1.723e+04	2107	-132	-12.53	0.2769	-0.06506
194	-4.846e+06	2.359e+05	-1.499e+05	-1587	7007	1605	-207.2	-42.39	-0.9241	0.3979
195	-4.955e+06	2.03e+05	-2.383e+05	2.949e+04	-1.045e+04	-1.266e+04	-317.8	-55.07	3.998	0.2431
196	-5.019e+06	2.466e+05	-3.482e+05	-3.976e+04	-1.424e+04	1.989e+04	-743.9	-233.9	-3.402	0.9376
197	-4.965e+06	3.722e+04	-1.883e+04	1.788e+04	9798	4788	-511.5	-18.92	0.5252	0.4026
198	-4.913e+06	2.142e+05	-2.4e+05	-6577	990.1	2.042e+04	-675.8	-169.2	-1.89	0.9695
199	-4.952e+06	2.369e+05	-2.44e+05	-4.948e+04	-1.178e+04	1.846e+04	-412.8	-140.6	-4.206	1.012
200	-4.898e+06	2.354e+05	-1.977e+05	1.299e+04	6494	-7347	-284.8	-57.48	1.554	0.05425
201	-5.257e+06	2.466e+05	-7.848e+04	2.234e+04	1.723e+04	2107	-132	-12.53	0.2769	-0.06506
202	-4.846e+06	2.359e+05	-1.499e+05	-1587	7007	1605	-207.2	-42.39	-0.9241	0.3979
203	-4.955e+06	2.03e+05	-2.383e+05	2.949e+04	-1.045e+04	-1.266e+04	-317.8	-55.07	3.998	0.2431
204	-5.019e+06	2.466e+05	-3.482e+05	-3.976e+04	-1.424e+04	1.989e+04	-743.9	-233.9	-3.402	0.9376
205	-4.965e+06	3.722e+04	-1.883e+04	1.788e+04	9798	4788	-511.5	-18.92	0.5252	0.4026
206	-4.913e+06	2.142e+05	-2.4e+05	-6577	990.1	2.042e+04	-675.8	-169.2	-1.89	0.9695
207	-4.952e+06	2.369e+05	-2.44e+05	-4.948e+04	-1.178e+04	1.846e+04	-412.8	-140.6	-4.206	1.012
208	-4.898e+06	2.354e+05	-1.977e+05	1.299e+04	6494	-7347	-284.8	-57.48	1.554	0.05425
209	-5.257e+06	2.466e+05	-7.848e+04	2.234e+04	1.723e+04	2107	-132	-12.53	0.2769	-0.06506
210	-4.846e+06	2.359e+05	-1.499e+05	-1587	7007	1605	-207.2	-42.39	-0.9241	0.3979
211	-4.955e+06	2.03e+05	-2.383e+05	2.949e+04	-1.045e+04	-1.266e+04	-317.8	-55.07	3.998	0.2431
212	-5.019e+06	2.466e+05	-3.482e+05	-3.976e+04	-1.424e+04	1.989e+04	-743.9	-233.9	-3.402	0.9376
213	-4.965e+06	3.722e+04	-1.883e+04	1.788e+04	9798	4788	-511.5	-18.92	0.5252	0.4026
214	-4.913e+06	2.142e+05	-2.4e+05	-6577	990.1	2.042e+04	-675.8	-169.2	-1.89	0.9695
215	-4.952e+06	2.369e+05	-2.44e+05	-4.948e+04	-1.178e+04	1.846e+04	-412.8	-140.6	-4.206	1.012
216	-4.898e+06	2.354e+05	-1.977e+05	1.299e+04	6494	-7347	-284.8	-57.48	1.554	0.05425
217	-7.082e+06	3.069e+05	-6.543e+04	4333	5167	9028	-25.97	34.03	-5.213	2.018
218	-6.774e+06	2.625e+05	3.435e+04	-75.91	-1548	-3613	341.3	136.7	-1.258	-0.3106
219	-6.676e+06	3.188e+05	-3.878e+04	2.72e+04	2.61e+04	-6246	89.72	45.07	0.7116	0.2802
220	-6.841e+06	3.222e+05	8.404e+04	2051	2.587e+04	-5111	407.3	7.149	-10.43	4.014
221	-7.074e+06	1.951e+04	-1.078e+05	2.419e+04	5074	7557	-642.2	3.889	-1.067	0.2748
222	-6.991e+06	2.424e+05	-2.304e+05	6.736e+04	-596.4	791.1	-361.5	-47.73	3.867	-1.326
223	-6.916e+06	3.347e+05	-3.81e+05	-3304	-8603	-2.648e+04	-377	-102.7	-0.2749	-0.8275
224	-6.972e+06	3.227e+05	-3.621e+04	1.156e+04	1.152e+04	4265	87.54	36.27	-6.303	-0.3547
225	-6.879e+06	7.423e+04	1.115e+05	6625	-4968	-2193	-263.5	31.03	-0.7885	0.964
226	-7.032e+06	-4.109e+04	1.126e+05	3101	-1.29e+04	-37.02	1245	91.97	3.172	-2.221
227	-6.83e+06	2.972e+05	-2.22e+05	3.231e+04	8672	-2612	-431.9	-44.26	3.015	-1.155
228	-6.797e+06	2.881e+05	-3.106e+04	1.741e+04	3101	-708.2	164.1	62.4	-6.109	-0.7461
229	-6.815e+06	3.008e+05	-8428	-9411	-1775	4522	299.5	105.5	-2.466	0.7936
230	-7.234e+06	6481	-5.663e+05	5.097e+04	-2.538e+04	1.119e+04	-576.7	-353	3.321	4.824
231	-6.779e+06	2.913e+05	6.242e+04	6346	1.079e+04	-1540	403.6	86.22	-0.574	0.3143
232	-6.826e+06	3.036e+05	-3.932e+04	-2335	1563	-2815	259.2	89.04	-3.028	-0.1758
233	-7.082e+06	3.069e+05	-6.543e+04	4333	5167	9028	-25.97	34.03	-5.213	2.018
234	-6.774e+06	2.625e+05	3.435e+04	-75.91	-1548	-3613	341.3	136.7	-1.258	-0.3106
235	-6.676e+06	3.188e+05	-3.878e+04	2.72e+04	2.61e+04	-6246	89.72	45.07	0.7116	0.2802
236	-6.841e+06	3.222e+05	8.404e+04	2051	2.587e+04	-5111	407.3	7.149	-10.43	4.014
237	-7.074e+06	1.951e+04	-1.078e+05	2.419e+04	5074	7557	-642.2	3.889	-1.067	0.2748
238	-6.991e+06	2.424e+05	-2.304e+05	6.736e+04	-596.4	791.1	-361.5	-47.73	3.867	-1.326
239	-6.916e+06	3.347e+05	-3.81e+05	-3304	-8603	-2.648e+04	-377	-102.7	-0.2749	-0.8275
240	-6.972e+06	3.227e+05	-3.621e+04	1.156e+04	1.152e+04	4265	87.54	36.27	-6.303	-0.3547
241	-6.879e+06	7.423e+04	1.115e+05	6625	-4968	-2193	-263.5	31.03	-0.7885	0.964
242	-7.032e+06	-4.109e+04	1.126e+05	3101	-1.29e+04	-37.02	1245	91.97	3.172	-2.221
243	-6.83e+06	2.972e+05	-2.22e+05	3.231e+04	8672	-2612	-431.9	-44.26	3.015	-1.155
244	-6.797e+06	2.881e+05	-3.106e+04	1.741e+04	3101	-708.2	164.1	62.4	-6.109	-0.7461
245	-6.815e+06	3.008e+05	-8428	-9411	-1775	4522	299.5	105.5	-2.466	0.7936
246	-7.234e+06	6481	-5.663e+05	5.097e+04	-2.538e+04	1.119e+04	-576.7	-353	3.321	4.824
247	-6.779e+06	2.913e+05	6.242e+04	6346	1.079e+04	-1540	403.6	86.22	-0.574	0.3143
248	-6.826e+06	3.036e+05	-3.932e+04	-2335	1563	-2815	259.2	89.04	-3.028	-0.1758
249	-8.602e+06	2.599e+05	5.903e+04	-3.196e+04	1.058e+04	1203	-649.8	214.5	-1.459	-0.4834
250	-8.381e+06	3.912e+05	-5.572e+04	-414.8	2.298e+04	-1875	203.7	139.7	4.323	-1.715
251	-1.051e+07	-1.544e+05	-1.655e+04	1.262e+05	-2.807e+05	1843	1575	416.9	-13.29	-0.7073
252	-8.523e+06	3.908e+05	-6.486e+04	-1525	3269	2022	243.8	153	3.408	-1.724
253	-1.368e+07	-6.533e+06	3.902e+04	-2.391e+04	1.323e+04	-8352	-3.686e+04	332.6	7.187	-1.976
254	-8.651e+06	1.694e+05	6.217e+04	-2.222e+04	1.468e+04	-1349	274.4	197.9	-3.258	-0.1084
255	-8.617e+06	3.65e+05	-5.359e+04	-5907	1337	3582	179.9	143.5	0.1507	-3.202
256	-8.472e+06	3.785e+05	-3.61e+04	2.357e+04	2.017e+04	-3689	227	119.6	2.533	-0.3784
