#Component	1	2	3	4	5	6	7	8	9	10	11	12	13	14	15	16	17	18	19	20	21
#Std. deviation	1.785e+06	9.858e+05	8.076e+05	4.973e+05	2.007e+05	7.947e+04	4.42e+04	3.297e+04	3090	685.5	237	218.7	141.9	64.13	33.46	13.9	6.468	5.735	4.298	3.606	1.657
#Proportion of variance explained	0.6238	0.1903	0.1277	0.04843	0.007885	0.001237	0.0003827	0.0002128	1.87e-06	9.202e-08	1.1e-08	9.368e-09	3.945e-09	8.055e-10	2.193e-10	3.783e-11	8.194e-12	6.442e-12	3.618e-12	2.546e-12	5.38e-13
#Loadings	1	2	3	4	5	6	7	8	9	10	11	12	13	14	15	16	17	18	19	20	21
c2	6.102e-05	-1.43e-05	-1.913e-05	-0.0001233	-0.0005761	0.0001509	-0.0001962	0.0004083	-0.003383	-0.02073	0.009918	0.7377	-0.06092	-0.01783	0.6301	-0.1862	0.1348	-0.01006	-0.03583	-0.0008669	0.004327
c3	-0.05317	0.05313	-0.03846	0.06758	0.6638	0.03405	-0.7039	-0.2258	0.005926	-0.001504	0.0008909	0.0005179	0.0003994	-6.536e-05	-3.51e-05	0.0001028	4.138e-05	1.896e-05	1.045e-07	1.957e-05	2.707e-06
c4	-0.01714	0.178	-0.6877	-0.7003	0.033	-0.05765	0.01648	-0.009589	0.0002352	-0.0002334	0.0003622	0.0001097	0.0008986	-0.0001277	-0.0001514	1.245e-05	6.781e-06	7.661e-06	8.751e-06	-6.453e-06	-1.373e-06
c5	-0.02356	0.03004	-0.009801	0.03617	0.3075	-0.2037	-0.009376	0.9279	0.005868	0.002992	0.0006742	-0.0002893	0.0006435	0.0001606	0.0002222	-0.0001465	-2.401e-05	-4.807e-05	1.398e-05	7.189e-07	-3.609e-06
c6	1.124e-05	-5.768e-06	5.073e-07	-1.954e-05	-9.929e-05	1.357e-06	3.175e-05	0.0001956	-0.0008696	-0.004057	-0.005168	0.09188	-0.003511	-0.01545	0.1796	0.9724	0.001352	-0.0995	0.04452	-0.03889	-0.008077
c8	-5.153e-06	-1.254e-05	-1.81e-05	1.56e-05	-1.917e-06	2.495e-06	1.555e-05	-2.038e-05	5.356e-05	6.12e-05	-0.00462	0.0005447	0.003705	-0.005073	0.01388	-0.01932	0.05197	-0.1393	0.5013	0.6347	-0.5684
c9	-2.399e-06	-5.003e-06	-6.697e-06	6.032e-06	-8.204e-07	7.603e-06	1.155e-05	-1.725e-05	0.0001373	-0.0001968	-0.003151	-7.454e-05	0.004701	-0.001484	0.007526	-0.0191	0.009888	-0.1999	0.4049	0.3639	0.8143
c10	-0.1887	-0.4791	-0.6677	0.5342	-0.04396	0.0329	0.02435	0.004926	-0.007526	0.0001836	-7.148e-05	-9.234e-05	-0.0004636	4.894e-05	7.813e-05	-8.67e-06	-1.221e-05	-1.906e-06	-2.181e-05	-1.777e-05	7.796e-06
c11	-3.617e-06	-6.785e-06	-6.814e-06	7.21e-06	-1.892e-06	1.284e-05	-1.884e-05	1.629e-06	0.001144	0.001615	-0.01147	-0.000338	-0.004982	-0.002696	0.01263	-0.03121	0.1168	0.2867	0.7504	-0.5811	-0.0453
c12	7.933e-05	7.006e-06	-3.334e-05	-3.938e-05	-0.0004296	0.0004477	-0.0002478	0.000794	-0.001602	-0.01054	-0.009975	0.6458	-0.1883	0.06214	-0.7183	0.07281	-0.1434	0.02005	0.03335	0.00598	-0.003029
c13	0.9327	0.1769	-0.2099	0.2238	0.02237	0.06272	-0.004297	0.01333	0.0003456	7.285e-05	-0.0004134	-0.0002374	-0.0008116	0.0001157	0.000156	-1.45e-05	-2.961e-06	-5.46e-06	-7.556e-06	5.444e-06	1.704e-06
c14	-3.847e-06	7.332e-06	-5.63e-06	2.643e-06	-2.138e-05	1.767e-05	-3.489e-05	-8.462e-05	0.001394	-0.0008963	0.006431	-0.0003117	0.00714	-0.0003071	0.02823	-0.1123	-0.3189	-0.8629	0.1015	-0.3439	-0.1077
c15	-0.2982	0.8375	-0.1885	0.3951	-0.1063	0.07295	0.03739	-0.0004393	-0.002316	0.0001616	-0.0005574	-0.0001897	-0.0009301	0.0001143	0.0001507	-1.064e-05	-2.697e-06	1.183e-06	-9.014e-06	6.424e-06	2.585e-06
c16	-0.00184	-0.002084	-0.004947	0.00475	-0.006448	-0.001924	0.004568	-0.004728	0.996	-0.02111	0.0815	-0.001246	-0.02636	-0.005529	0.002121	0.0009343	0.001326	0.001025	-0.0002088	0.001032	0.0001646
c17	-0.0001023	-0.000146	-0.000243	0.0002248	-0.0002296	4.157e-05	-0.0001107	-0.0003725	0.04209	0.02628	-0.3537	0.02714	0.2913	0.8865	0.03004	0.005335	-0.00154	0.0002534	-1.671e-05	0.0008152	-0.00186
c18	-0.000192	-0.0003088	-0.0004349	0.0003358	-0.0002933	1.239e-05	-0.0006047	-0.000463	0.07687	0.1758	-0.8284	0.06622	0.2864	-0.4339	-0.04517	-0.007305	-0.0028	-0.003957	-0.01167	-0.001684	0.0002485
c21	-1.486e-05	1.717e-05	-3.676e-05	-0.0002528	0.0006606	0.0003832	-0.0001615	-0.003421	0.006422	0.9836	0.159	0.01014	-0.06359	0.05406	0.01422	0.001981	-0.0008477	-0.0001958	0.0009736	0.001071	0.0002328
c25	-0.0005655	-0.0006816	-4.506e-05	-0.001543	0.0004695	4.598e-05	-0.0009819	0.00066	0.009176	-0.0008961	-0.3953	-0.1581	-0.8881	0.135	0.107	-0.008266	-0.002474	-0.007812	-0.006046	0.005401	0.001349
c26	-0.04186	-0.03119	0.01153	-0.07327	0.2965	0.9016	0.2825	0.1054	0.003132	-0.0001574	-9.181e-06	-0.0001178	0.0002173	-9.728e-05	0.0002285	-2.996e-05	-2.75e-05	1.519e-05	-1.615e-05	2.185e-06	-3.316e-06
c27	-0.008901	0.03799	0.005127	0.08204	0.6017	-0.3616	0.6498	-0.2768	-0.001356	-0.000978	-0.0009606	0.0009216	-0.0005551	-8.757e-06	-0.0001085	1.611e-05	-3.571e-05	-1.48e-05	2.093e-06	-2.822e-05	-2.163e-06
c28	-3.145e-06	-1.657e-06	1.437e-07	-1.424e-05	-2.983e-05	-6.274e-05	-3.342e-05	-6.589e-05	0.0005203	-0.002401	0.003174	0.007863	0.01865	-0.01347	0.1974	-0.003504	-0.9182	0.3214	0.08255	0.08425	0.009334
#Scores	1	2	3	4	5	6	7	8	9	10	11	12	13	14	15	16	17	18	19	20	21
1	-3.241e+06	2.691e+06	-3.64e+05	3.825e+05	-2.678e+04	-2.489e+04	-1.127e+05	-1.986e+04	-5233	-124.2	-45.11	-9.184	-17.42	-31.86	-12.59	26.45	9.156	7.211	-1.486	2.452	0.9944
2	-3.031e+06	2.592e+06	-4.195e+05	3.62e+05	6.862e+04	-4.686e+04	-1.317e+05	-3656	-492.3	-274.7	99.47	93.57	24.4	-23.65	-1.933	22.62	16.56	9.357	-2.8	7.638	2.164
3	-3.075e+06	2.575e+06	-3.572e+05	3.532e+05	-2.459e+05	-4.232e+04	1.441e+05	6.781e+04	-6055	534.1	-341.9	-110.1	-198.1	11.24	6.341	-16.72	-7.714	-0.7488	0.465	-5.112	0.1652
4	-3.487e+06	2.869e+06	-3.5e+05	5.604e+05	7.983e+05	-3.366e+05	-5.871e+04	2.571e+05	238.7	295.2	164.1	586.8	178.3	25.58	32.66	-0.4317	-0.4679	-9.894	7.382	2.436	0.9422
5	-1.859e+06	1.718e+06	-3.555e+05	2.187e+05	-3.343e+05	4.163e+04	4.933e+04	-1.23e+04	9801	-99.06	25.38	-225.6	-43.71	13.04	20.45	9.464	-2.83	-4.312	-7.348	-0.6914	-0.1216
6	-3.276e+06	2.657e+06	-2.903e+05	4.144e+05	-1.562e+05	-3.388e+04	2.98e+04	2.914e+04	-4868	93.08	-191.6	-114.1	-122	-14.78	-4.575	9.659	2.153	9.493	-3.111	2.114	1.206
7	-3.372e+06	2.732e+06	-3.249e+05	4.267e+05	4.96e+04	-1.069e+05	2.465e+04	8.553e+04	-4220	229.8	-129.8	53.88	-50.18	-4.604	0.3325	2.791	2.416	4.448	-0.08674	2.053	1.25
8	-3.219e+06	2.625e+06	-2.923e+05	4.058e+05	-1.588e+05	2680	-5.977e+04	-2.852e+04	-4964	-144.9	-116.1	-107.1	-104.9	-33.96	-8.839	22.51	5.836	4.489	-2.936	0.9695	0.5419
9	1.271e+06	1.422e+06	-1.298e+06	-3.355e+05	-9.312e+04	5.242e+04	-6.371e+04	-1.67e+04	-1330	-319.2	-151.1	-198.7	1.11	-12.46	29.58	-13.34	-18.52	-3.42	6.88	0.3785	-0.4046
10	-2.164e+06	-6.012e+05	1.098e+05	-1.525e+06	2.693e+05	5.243e+04	-5.65e+04	-2426	2715	5019	-1326	47.99	188.7	-435.9	-70.13	5.763	-4.457	-8.312	-11.02	-3.04	-1.034
11	-6.694e+04	1.3e+06	-3.911e+05	2.157e+05	-8.372e+04	3.729e+04	-1.416e+05	-2.616e+04	-2211	-220.5	-28.65	-259.1	13.27	-10.79	21.91	3.412	-8.446	-4.9	-0.2774	-1.025	-0.8397
12	-2.157e+06	-7.583e+05	-1.044e+05	-1.401e+06	1.201e+05	-1.157e+05	3.79e+04	3.599e+04	-1096	-463.5	-271.9	-279.9	-547.5	131	-55.36	-4.146	-4.043	-10.81	-1.54	-2.02	1.189
13	6.96e+05	1.573e+06	-1.145e+06	-1.975e+05	3.393e+04	5.753e+04	-2.422e+05	-8.187e+04	962	-450.8	199.7	268.9	-19.05	-3.266	41.49	-25.99	-0.1608	-19.63	0.3842	-3.702	-1.833
14	-2.177e+06	-8.619e+05	-1.969e+05	-1.334e+06	1.328e+05	-4.088e+04	-7151	5116	-1856	-423.7	-154.7	-247.3	-583	129.9	-6.515	-5.249	3.36	-8.258	0.6014	-2.985	2.444
15	-1.821e+05	2.05e+06	-1.117e+06	-5.684e+04	-8.353e+04	2.954e+04	-7.602e+04	-3.233e+04	-3456	-306.5	-211.6	-235.3	-51.66	-23.54	30.73	-5.373	-2.059	-10.46	3.311	-2.605	-0.8079
16	-2.334e+06	-6.441e+05	-9.709e+04	-1.399e+06	7.346e+05	2.743e+05	-5.488e+04	7244	4060	-1203	-25.71	68.33	-248.2	83.23	33.44	17.69	2.922	-0.3148	-0.9789	7.389	1.056
17	2.279e+06	6.113e+05	-1.017e+06	-3.637e+05	-9.692e+04	4.531e+04	-2.327e+04	1.865e+04	371.4	-183	-36.37	-5.956	7.692	-5.335	4.888	-16.47	-55.26	12.47	5.865	2.039	-0.1262
18	-2.053e+06	-6.416e+05	1.46e+05	-1.552e+06	-1.286e+05	-1.927e+05	1.017e+04	-3.107e+04	-857.6	-521.4	-282.2	-142.9	-361.2	70.17	49.24	2.293	-3.167	-1.904	-2.258	4.372	-0.03663
19	1.21e+06	1.292e+06	-1.117e+06	-2.497e+05	-7.436e+04	4.485e+04	-7.138e+04	-7016	-1188	-276.3	-71.67	-276.1	35.29	-23.3	17.27	-8.538	-14.33	4.23	2.88	0.4933	0.2512
20	-2.022e+06	-6.655e+05	1.484e+05	-1.522e+06	5.598e+05	1.516e+05	-6.324e+04	5.376e+04	5290	-887.8	-44.74	-36.12	-119.2	40.94	-13.05	5.129	8.038	5.782	6.073	-0.01933	-2.636
21	-6.593e+05	2.388e+06	-1.203e+06	-2.902e+04	-1.073e+05	4.313e+04	-1.105e+05	-4.997e+04	-4159	533.7	-48.15	-146.5	-98.97	24.3	44.03	-2.478	2.182	-10.73	4.153	0.6144	0.67
22	-2.235e+06	-5.421e+05	1.218e+05	-1.54e+06	1.582e+05	-1.207e+04	-3.502e+04	-1.152e+04	1980	-501.7	-336	-192	-297.1	5.45	-52.19	8.271	7.193	-0.363	3.739	5.062	-1.27
23	1.026e+06	8.511e+05	-5.544e+05	-7568	-8.336e+04	4.721e+04	-1.035e+05	-1.246e+04	-548.1	-229.1	28.86	-223.1	24.78	-17.29	15.05	-2.82	-23.06	7.949	1.225	3.061	0.1308
24	-1.984e+06	-7.304e+05	1.415e+05	-1.489e+06	-1.399e+05	-2.01e+05	1.304e+04	-2.803e+04	-1044	-456.2	-391.8	-113	-285.8	49.95	37.19	0.9675	-4.693	7.232	1.54	2.047	1.082
25	1.998e+06	5.659e+05	-9.041e+05	-3.154e+05	4.053e+05	-6.777e+04	3.049e+04	-6.294e+04	1498	4712	693.3	-81.44	-229.4	229.5	64.07	18.14	-0.6531	2.111	5.747	1.464	1.392
26	1.834e+06	6.8e+05	-9.304e+05	-3.283e+05	1.766e+05	-9862	4.863e+04	4.484e+04	379.3	-213.4	-113.2	-409.5	119	-21.29	21.1	-13.58	2.747	2.982	-0.4984	-1.213	0.2481
27	1.73e+06	7.396e+05	-9.267e+05	-3.023e+05	2.209e+05	-1.814e+04	4.951e+04	-1.91e+04	174.7	-266.7	-127.4	-247.7	44.69	-18.6	11.67	-7.436	4.312	4.054	1.167	-3.955	0.1884
28	1.688e+06	8.021e+05	-9.584e+05	-2.374e+05	8.385e+05	-1.846e+05	2.754e+04	-1.261e+05	3020	-1185	-168.8	290.2	116	-20.34	-32.24	27.9	3.065	3.146	1.373	-5.421	0.2811
29	2.544e+06	2.571e+05	-8.943e+05	-4.268e+05	1.011e+04	3.787e+04	2.545e+04	6539	394.2	-263.3	-144.2	-223.1	56.44	-33.65	7.417	1.425	4.945	0.483	-0.9398	-1.567	0.1104
30	2.603e+06	2.387e+05	-8.923e+05	-3.465e+05	7.211e+05	-1.734e+05	-8466	-3.914e+04	4209	-839.6	-17.17	44.69	192.5	-44.81	-10.51	5.748	5.395	1.648	1.86	-2.704	0.3864
31	1.879e+06	6.422e+05	-9.133e+05	-3.154e+05	2.871e+05	-2116	5.003e+04	-4.371e+04	731.2	-359.2	-197.2	-215.8	81.33	-61.86	4.576	2.447	3.28	4.975	-0.9079	-3.332	0.2416
32	2.55e+06	2.085e+05	-8.493e+05	-4.012e+05	-1.457e+04	2.122e+04	1.629e+04	1.113e+04	290.7	-226.6	-88.37	-222.4	47.25	-12.97	5.043	1.099	7.136	6.646	1.635	0.8048	1.09
33	-3.033e+06	-2.692e+06	-4.786e+06	4.07e+05	-1.254e+04	-5.146e+04	6.066e+04	-3.76e+04	-1.148e+04	-78.83	484	23.43	520.4	-6.252	-75.89	13.05	-1.171	-5.114	11.34	-0.9285	0.5707
34	-2.642e+06	-2.228e+06	-2.197e+06	5.68e+05	-4.541e+04	-8877	-1.758e+04	-1.401e+04	2420	102.4	-1475	86.63	782.9	500.2	-20.24	3.366	-3.26	-6.165	-12.01	7.486	2.616
35	-2.791e+06	-2.472e+06	-2.725e+06	8.487e+05	-2.761e+04	-7626	1.932e+04	9746	-1767	83.91	187	-5.992	-336.8	-65.67	31.37	-10.22	-3.152	-5.628	-3.332	1.295	-2.787
36	-2.82e+06	-2.47e+06	-2.711e+06	7.662e+05	8673	-3.368e+04	2.345e+04	2.097e+04	-439.7	-49.72	266.7	-49.43	-196.1	-192.1	11.99	-3.239	3.685	0.7408	0.4547	8.097	-2.084
37	-2.345e+06	-1.429e+06	-1.275e+06	-1.346e+05	-1.749e+05	-6.195e+04	2.821e+04	-1.831e+04	1.037e+04	-307.5	388	35.85	187.9	-164.7	-15.55	1.346	-1.446	-14.38	14	5.447	10.96
38	-2.727e+06	-2.27e+06	-2.382e+06	6.734e+05	-2.394e+04	-1.161e+04	-8370	3582	925.5	-144.6	340	-35.35	-246.7	-108.3	14.19	0.1986	1.198	4.432	-9.439	-2.406	3.916
39	-2.768e+06	-2.377e+06	-2.563e+06	7.49e+05	1.065e+05	-2.706e+04	-8.266e+04	-1.164e+04	808.9	159.7	397.8	42.45	-164.1	-11.84	4.444	14.3	5.649	7.148	-7.842	-0.6854	-6.997
40	-2.702e+06	-2.283e+06	-2.345e+06	6.347e+05	-7.779e+04	-2.178e+04	6.361e+04	2.246e+04	683.5	-9.681	189.8	-65.55	-207.2	-42.07	2.604	-6.925	-2.267	4.648	-7.432	-0.7282	-3.319
41	1.828e+06	2926	-1.7e+05	-1.065e+04	-1.015e+05	2.932e+04	1.077e+04	9769	-503.4	-59.44	-54.56	62.37	-36.91	-2.571	-15.91	17.66	0.6462	0.7315	0.1724	0.02152	0.1714
42	1.962e+06	-9.699e+04	-1.396e+05	-1.257e+04	-7.555e+04	2.973e+04	5897	1.745e+04	-76.6	-56.21	-34.61	-124.8	3.113	-5.255	-12	2.939	1.09	4.73	-0.8491	1.904	0.4859
43	1.674e+06	-1.884e+05	1.208e+05	1.241e+05	-1.387e+05	3.181e+04	1867	2.149e+04	-531.4	35.03	-18.22	80.1	-52.62	1.842	-9.991	26.01	-0.7312	-0.8657	0.3521	0.4237	0.01636
44	1.482e+06	-2.243e+05	3.301e+05	2.967e+05	-4.17e+04	-1.007e+04	-8858	3450	-237.9	182.9	23.2	-308.4	-13.85	2.807	-4.307	-0.6678	-0.5838	1.825	-1.368	1.526	0.162
45	1.932e+06	-8.212e+04	-1.336e+05	3230	-3.614e+04	411.7	-1023	-7674	-36.32	73	8.124	272.6	-55	11.09	-13.49	-21.26	5.237	4.851	-1.942	1.929	0.8495
46	1.978e+06	-2.442e+04	-2.312e+05	-5.625e+04	-9.024e+04	1.463e+04	4253	1.105e+04	-279.5	32.21	-3.865	297.4	-18.16	0.9907	20.45	-20.38	10.81	-1.859	-2.322	-0.8442	0.2906
47	1.108e+06	3.577e+05	-1.149e+05	1.569e+05	2.595e+05	-6.033e+04	2.508e+04	1.084e+04	582.4	-242.7	-38.27	-112.2	48.92	-16.35	-0.9987	-8.602	-1.455	1.105	-0.8231	-0.8671	0.01876
48	1.107e+06	2.339e+05	7.273e+04	2.657e+05	8.297e+04	-6.084e+04	9183	3.41e+04	-324.4	-1.743	-40.11	-313.9	34.06	-8.306	3.587	-8.888	-0.5556	0.7053	-0.7772	0.1566	0.1824
49	1.66e+06	-1.772e+05	1.213e+05	1.341e+05	-9.628e+04	2.23e+04	1287	4729	-401.2	-48.09	-25.16	188.1	-75.79	2.305	-21.61	10.48	-0.7175	0.08404	-0.3511	0.555	0.1017
50	1.957e+06	-4.592e+04	-1.914e+05	-3.738e+04	-1.222e+05	3.563e+04	4271	1.902e+04	-395.5	-41.21	-42.14	449.1	-98.93	10.71	-25.08	29.81	-2.341	-4.139	1.898	-1.187	-0.173
51	1.913e+06	-1.206e+05	-8.4e+04	1.476e+04	-1.217e+05	3.218e+04	-13.07	2.051e+04	-289.3	-3.917	-102.4	311.3	-24.81	37.3	-18.06	14.19	1.216	2.987	-0.07823	1.135	0.4466
52	1.953e+06	-6.797e+04	-1.627e+05	-1.311e+04	-1.65e+04	2.01e+04	6774	7071	159.8	-131	-27.88	-114.9	19.38	-11.58	-9.106	-13.99	1.666	3.963	-1.614	1.167	0.323
53	1.817e+06	9.166e+04	-2.537e+05	-1.189e+04	2.214e+05	1.131e+04	2.251e+04	-3.935e+04	1018	227.2	62.28	-136	18.42	6.715	1.188	-0.821	-0.7591	4.78	-1.259	0.364	0.2146
54	1.426e+06	2.691e+05	-2.118e+05	5.987e+04	1.792e+05	-2.302e+04	2.452e+04	-3916	364.1	188	18.42	-219.1	33.17	2.212	7.13	-4.189	-0.8682	0.308	-0.602	-1.097	-0.1074
55	1.939e+06	-1.077e+05	-1.147e+05	-706.6	-9.712e+04	3.03e+04	4684	1.54e+04	-210.7	-50.86	-35.03	144.5	-47.88	2.404	-20.71	9.362	0.7327	3.777	-0.2904	1.784	0.5505
56	1.945e+06	-1.037e+05	-1.236e+05	-5324	-7.071e+04	4.415e+04	1.037e+04	2.12e+04	-19.34	-47.88	-31.29	-195.9	21.46	-8.811	-3.786	-1.052	1.219	5.208	-1.437	2.03	0.4275
57	1.954e+06	-5.738e+04	-1.744e+05	-2.432e+04	-8.865e+04	3.038e+04	7193	1.137e+04	-160.1	-68.95	-41.66	51.8	-42.67	-0.948	-10.17	16.78	0.7526	-0.828	0.1408	-0.2421	0.02792
58	1.977e+06	-9.268e+04	-1.434e+05	-7860	-7.716e+04	2.53e+04	4136	1.701e+04	-65.04	-54.92	-35.37	-134.7	-11.79	-4.992	-3.541	2.191	2.697	4.404	-1.179	1.951	0.5754
59	1.781e+06	-1.846e+05	1.015e+05	1.413e+05	-1.354e+05	3.388e+04	-357.4	2.255e+04	-462.6	41.42	-34.33	80.18	-69.79	7.666	-16.43	26.89	-2.391	1.878	0.3715	1.688	0.3427
60	1.949e+06	-7.39e+04	-1.39e+05	1.001e+04	-3.62e+04	2287	-852.5	-7379	57.3	73.07	8.576	267.5	-73.77	12.14	-9.713	-22.26	3.076	-1.133	-1.407	-0.2645	0.1529
61	2.028e+06	-4.257e+04	-2.345e+05	-5.949e+04	-8.184e+04	2.79e+04	6920	1.313e+04	-18.55	27.73	-24.06	313.3	-60.25	9.111	-0.4103	-18.22	4.823	-0.1377	-0.9724	-0.4393	0.2349
62	1.654e+06	8.322e+04	-1.295e+05	9.138e+04	3.096e+05	-7.814e+04	2607	1.524e+04	1653	-274	10.17	-140.8	97.3	-11.11	7.994	-11.08	-0.1032	-3.964	-0.2968	-2.055	-0.4718
63	1.549e+06	-5.256e+04	7.895e+04	1.767e+05	1.455e+05	-3.616e+04	2686	4.275e+04	940.9	-49.84	18.68	-336	83.73	-7.841	14.85	-11.27	-0.2268	0.005162	-1.135	0.5815	-0.08849
64	1.741e+06	-1.908e+05	1.114e+05	1.388e+05	-9.336e+04	1.786e+04	-2398	4958	-324.3	-46.54	-28.92	178.3	-86.74	4.628	-16.21	10.31	1.261	3.073	-0.9037	1.964	0.5824
65	1.993e+06	-5.827e+04	-1.941e+05	-3.876e+04	-1.19e+05	3.67e+04	3526	1.952e+04	-278	-42.56	-49.2	441.6	-112.3	15.09	-19.03	28.99	-2.438	-6.183	1.773	-1.75	-0.3639
66	1.943e+06	-1.12e+05	-9.165e+04	2.363e+04	-1.218e+05	3.296e+04	-526.5	2.077e+04	-286.1	-15.59	-30.69	301.2	-95.9	9.083	-16.97	14.33	0.05384	2.076	0.1093	1.673	0.5481
67	1.937e+06	-4.485e+04	-1.666e+05	-2645	-2.322e+04	1.115e+04	4582	5716	111.6	-125.6	-38.83	-124.4	-0.1096	-7.922	-0.06945	-14.76	3.401	2.816	-1.964	0.9188	0.3548
68	2.025e+06	-9367	-2.638e+05	-2.871e+04	2.24e+05	-4.289e+04	-781.6	-4.325e+04	1249	223.7	83.48	-148.5	9.641	12.94	-0.1445	-0.7799	2.566	2.199	0.2408	1.045	0.6249
69	1.807e+06	7.609e+04	-2.215e+05	1.428e+04	2.096e+05	-5.002e+04	4260	-2534	1090	167.2	51.53	-239	46.22	8.361	10.5	-5.394	0.447	-3.218	-0.03559	-1.702	-0.3304
70	1.956e+06	-1.033e+05	-1.187e+05	3890	-9.7e+04	3.114e+04	4538	1.56e+04	-207.5	-49.87	-41.04	136.6	-68.41	3.6	-14.46	8.784	1.267	3.576	-0.5544	1.892	0.6088
71	1.96e+06	-9.468e+04	-1.287e+05	2783	-7.775e+04	2.51e+04	4061	1.902e+04	-84.67	-42.82	-36.63	-203.9	-3.427	-5.894	0.4363	-1.357	2.642	3.782	-1.385	1.738	0.4721
72	-1.002e+06	-5.58e+05	4.727e+05	-7.077e+05	-1.815e+05	-1.041e+05	5380	-1.275e+04	-1089	-245.4	160.6	95.14	85.65	-4.306	60.61	13.12	-4.017	6.423	-0.1929	1.78	-0.1829
73	-8.74e+05	-6.376e+05	4.985e+05	-6.998e+05	-1.565e+05	-1.032e+05	3209	-5917	-844.9	-234.3	105.9	-44.75	41.98	-4.044	5.991	4.123	-0.05973	8.862	-0.1219	3.426	0.1132
74	-1.206e+06	-6.969e+05	7.576e+05	-5.502e+05	-2.196e+05	-1.255e+05	7617	-9826	-1035	-151.7	147.3	127.4	151.2	-32.5	83.6	18.5	-16.11	0.4116	2.062	-2.576	-1.324
75	-1.513e+06	-7.242e+05	9.605e+05	-3.764e+05	-1.34e+05	-5.77e+04	-6605	-3352	-1041	29.53	185.4	-199.8	-42.79	25.9	-44.67	5.917	-3.058	0.9804	1.651	4.364	-0.4056
76	-1.058e+06	-5.772e+05	5.168e+05	-6.874e+05	-1.36e+05	-6.733e+04	-9332	-1.562e+04	-447.8	-62.66	129.8	319.1	36.77	-19.31	21.51	-24.12	1.783	-1.525	-2.263	0.02281	-1.029
77	-1.007e+06	-5.049e+05	4.152e+05	-7.341e+05	-1.805e+05	-1.045e+05	9690	-1.214e+04	-242.6	-114.6	-40.34	407.2	116.3	5.374	32.22	-19.95	-4.074	-1.63	-2.883	-1.05	-1.1
78	-1.858e+06	-1.596e+05	5.359e+05	-5.567e+05	1.764e+05	7.587e+04	2.347e+04	4.439e+04	2711	-381.4	258.6	-67.74	21.34	-31.17	-28.54	-4.292	0.8406	-2.62	-1.169	1.167	-2.313
79	-1.921e+06	-3.391e+05	7.348e+05	-4.607e+05	3.654e+04	-1.867e+04	4.634e+04	3.61e+04	-598.3	-200.1	105.5	-164.1	-38.32	19.4	-68.87	-0.0002245	-4.761	-3.308	1.135	1.251	-1.582
80	-1.062e+06	-6.81e+05	7.292e+05	-5.194e+05	-1.813e+05	-8.547e+04	-7117	-1.177e+04	-1124	-207.8	195.8	189.8	72.02	-6.517	76.11	3.538	-7.291	7.795	-1.141	2.793	-0.1156
81	-9.83e+05	-5.491e+05	4.541e+05	-7.175e+05	-2.085e+05	-1.255e+05	8883	-1.276e+04	-1463	-219.6	155.2	385.6	229.4	-49.19	199.1	9.666	1.839	3.787	-3.195	-1.409	-0.02966
82	-9.449e+05	-6.501e+05	5.55e+05	-6.678e+05	-1.976e+05	-1.209e+05	6294	-9971	-439.1	-116.6	-336	370.3	352	-74.82	83.01	2.415	-6.929	7.089	-4.054	-1.755	-0.4144
83	-9.926e+05	-5.673e+05	4.818e+05	-6.979e+05	-1.133e+05	-7.057e+04	-905.5	-5945	-670.5	-282.3	114.4	-31.94	53.12	10.37	-15.24	-11.33	6.167	1.719	2.998	-2.226	-1.225
84	-1.516e+06	-2.901e+05	3.59e+05	-6.419e+05	5.923e+04	6.248e+04	-6395	-1.592e+04	-483.4	183.6	267.2	-101.9	-8.89	33.36	-28.18	3.977	3.829	2.531	-1.029	2.034	-0.5928
85	-1.545e+06	-2.377e+05	4.373e+05	-6.449e+05	7.4e+04	4.376e+04	3684	2.07e+04	253.9	92.61	195.8	-160.3	17.15	9.657	-44.27	1.725	-1.375	-1.851	1.261	0.3976	-2.039
86	-8.808e+05	-6.448e+05	5.198e+05	-6.833e+05	-1.773e+05	-1.091e+05	2604	-9556	-763.5	-231.9	161.5	164.8	125.6	-24.68	79.32	2.033	2.399	9.544	-0.7633	1.758	0.2437
87	-9.03e+05	-6.742e+05	4.661e+05	-6.512e+05	-1.564e+05	-1.031e+05	8721	-5187	-1170	-201.4	12.44	-83.59	19.19	-32.23	-18.48	2.297	-1.125	7.694	2.319	-0.2182	0.4446
88	1.006e+06	-1.179e+05	-2824	-1.857e+05	-1.417e+05	6451	-1220	9599	-778.1	-83.13	43.72	42.1	54.24	-12.27	22.66	13.61	7.082	-5.064	1.027	-1.926	-0.3846
89	1.214e+06	-2.397e+05	2.845e+04	-1.962e+05	-9.541e+04	2.554e+04	5834	1.766e+04	-120.5	-98.73	40.03	-121.8	54.58	-9.578	6.246	1.634	5.77	5.63	-1.015	1.788	0.2516
90	8.831e+05	-2.949e+05	2.828e+05	-4.184e+04	-1.662e+05	6997	3242	1.67e+04	-486.5	4.643	-3.81	82.78	54.33	-13.91	25.05	21.95	1.403	-6.658	0.595	-1.811	-0.6898
91	5.207e+05	-3.803e+05	4.67e+05	1.419e+05	-6.885e+04	2.762e+04	4047	8989	-960.3	155	96.83	-288.5	1.453	1.43	-2.069	-0.9524	-1.457	-0.585	-0.8372	0.8789	0.384
92	9.622e+05	-1.324e+05	4.043e+04	-1.61e+05	-1.011e+05	8323	-2.042e+04	653.5	-173.8	84.49	69.68	254.5	12.92	22.13	5.161	-23.57	7.218	-4.117	-0.7993	-0.219	-0.2975
93	1.135e+06	-1.599e+05	-8.811e+04	-2.123e+05	-1.231e+05	1.646e+04	3492	1.288e+04	-436.4	7.538	37.17	334.1	-21.95	22.67	-1.179	-18.23	1.241	-7.443	1.682	-0.5227	0.09371
94	2.58e+05	2.431e+05	6.151e+04	-3.17e+04	2.566e+05	2.904e+04	5.058e+04	2.302e+04	1214	-301.1	63.41	-104	65.27	-25.37	14.17	-10.33	-1.187	-3.258	-0.5305	-1.419	-1.047
95	7.011e+04	1.338e+05	2.769e+05	5.704e+04	1.042e+05	6.706e+04	7.209e+04	4.299e+04	-155.7	-89.65	-10.19	-261.1	49.67	-15.76	7.423	-9.528	-4.9	0.6908	-0.2453	-0.5305	-0.9016
96	8.786e+05	-2.7e+05	2.806e+05	-2.829e+04	-1.406e+05	9569	-1.43e+04	7633	-699.5	-58.08	61.54	159.1	11.31	-5.402	17.23	6.2	4.278	-5.846	-0.1624	-2.273	-0.8433
97	1.133e+06	-1.611e+05	-1.81e+04	-2.162e+05	-1.478e+05	1.615e+04	7446	1.486e+04	-682.8	-84.39	41.88	415.9	14.49	-6.7	48.02	22.25	6.6	-9.32	0.6952	-4.619	-0.9637
98	1.113e+06	-2.496e+05	7.966e+04	-1.581e+05	-1.462e+05	6245	2475	1.528e+04	-441.2	-27.68	-120.8	323.5	62.11	-80.02	3.472	10.47	3.325	2.144	-0.1169	-0.06213	0.4931
99	1.164e+06	-2.01e+05	9324	-1.982e+05	-5.403e+04	1.361e+04	-7876	1.124e+04	-10.12	-149.3	44.03	-117.9	68.67	-13.35	-2.12	-15.07	4.749	-1.186	-0.04529	-1.482	-0.6876
100	8.904e+05	2.226e+04	-7.744e+04	-1.899e+05	1.645e+05	9.004e+04	3157	-1.588e+04	999.4	253.2	146.7	-175.7	85.3	-11	17.84	-3.352	3.719	1.958	-1.458	-0.4316	-0.7855
101	2.911e+05	2.289e+05	-1.204e+05	-2.172e+04	9.424e+04	3.672e+04	1.144e+04	1.387e+04	-1132	246.8	74.46	-244.7	6.155	-0.8164	14.98	-4.915	0.6422	-0.8258	-2.89	-1.98	0.5814
102	1.187e+06	-2.476e+05	5.108e+04	-1.802e+05	-1.253e+05	7613	-2517	1.386e+04	-337.3	-86.79	58.81	124.9	43.35	-8.289	22.59	5.467	8.95	4.197	0.6216	1.564	0.6341
103	1.146e+06	-2.213e+05	4.621e+04	-1.81e+05	-1.053e+05	6193	2803	1.641e+04	-96.43	-87.59	51.09	-184.4	52.19	-10.25	5.302	-1.065	6.432	4.52	-0.1157	0.7574	0.1115
104	1.76e+06	4.147e+04	-1.695e+05	-511.9	-1.061e+05	3.827e+04	1.569e+04	9977	-566.7	-43.08	-125.1	61.71	2.829	-2.378	-6.265	15.68	0.4967	-4.329	-0.7047	-2.155	-0.4704
105	1.91e+06	-6.544e+04	-1.397e+05	-3288	-8.237e+04	2.753e+04	6872	1.653e+04	-177.8	-51.86	-29.89	-132	16.4	-9.468	-0.9405	1.541	2.731	1.35	-0.9781	0.3833	0.1472
106	1.778e+06	-1.739e+05	9.895e+04	1.469e+05	-1.39e+05	2.79e+04	-2060	2.174e+04	-505	43.66	-27.8	80.1	-67.81	5.189	-16.72	26.46	-3.442	-2.399	0.9862	-0.07135	-0.15
107	1.522e+06	-2.455e+05	3.292e+05	2.913e+05	-3.753e+04	-1.04e+04	-1.022e+04	3901	-151.6	180.3	25.93	-308.9	-11.36	3.658	-5.43	-0.4423	-0.249	3.36	-1.48	2.203	0.3441
108	1.943e+06	-8.13e+04	-1.467e+05	1.57e+04	-3.634e+04	3944	-38.49	-7198	-23.76	84.32	-28.25	256.4	-8.103	25.47	9.857	-24.75	7.55	-2.393	-0.07549	-0.8338	-0.3058
109	2.008e+06	-4.754e+04	-2.408e+05	-5.415e+04	-8.355e+04	2.698e+04	7287	1.29e+04	-167.8	28.71	-9.867	324.4	-51.05	8.86	-10.89	-17.96	1.623	-4.667	4.193	-2.287	-1.404
110	1.479e+06	2.187e+05	-1.383e+05	1.392e+05	2.771e+05	-1.02e+05	944.3	1e+04	1059	-242.1	-39.76	-128.7	92.24	-24.3	-0.06932	-10.56	-1.174	-8.297	0.1892	-4.134	-0.8338
111	1.357e+06	8.55e+04	6.608e+04	2.295e+05	1.113e+05	-5.966e+04	1713	3.738e+04	254.8	-21.86	-3.833	-326	64.59	-8.725	8.395	-10.15	0.1056	-1.365	0.9864	1.794	0.5324
112	1.67e+06	-1.55e+05	1.133e+05	1.476e+05	-1.014e+05	1.563e+04	-893	3851	-471.1	-41.21	-25.14	170.8	-62.97	-0.196	-3.08	8.458	2.965	-2.033	-0.9583	-0.3459	0.02571
113	1.915e+06	-2.266e+04	-1.91e+05	-3.097e+04	-1.274e+05	3.381e+04	5010	1.829e+04	-451.7	-31.32	-78.53	445.9	-69.88	20.98	-16.07	28.01	-2.581	-11.15	1.831	-4.071	-1.01
114	1.932e+06	-1.066e+05	-9.127e+04	2.528e+04	-1.251e+05	2.63e+04	-2263	1.986e+04	-291	-14.08	-13.32	287.7	-57.01	2.542	0.7441	12.33	4.503	-0.0184	-0.4551	0.6033	0.4147
115	1.893e+06	-2.908e+04	-1.636e+05	-157.7	-2.938e+04	3212	3410	4316	42.83	-120.4	-40.93	-117.9	39.35	-7.172	-2.074	-15.13	3.363	-0.7457	-0.0101	-2.201	-0.279
116	1.714e+06	1.442e+05	-2.546e+05	7041	1.964e+05	-3.116e+04	1.25e+04	-4.555e+04	660.7	243	56.6	-135.3	22.65	9.652	1.981	-0.8066	2.271	0.5886	0.01086	-0.3208	0.3205
117	1.155e+06	4.162e+05	-2.074e+05	1.003e+05	1.404e+05	-5.223e+04	2.388e+04	-1.064e+04	-301.8	213.3	-5.796	-213.2	21.9	2.564	9.72	-4.38	0.4015	-5.858	-0.1013	-3.9	-0.6278
118	1.892e+06	-7.899e+04	-1.148e+05	7697	-1.03e+05	2.942e+04	5917	1.47e+04	-314.1	-46.84	-33.92	140.5	-40.62	-0.5022	-13.65	8.341	1.287	0.4618	-0.241	0.3225	0.188
119	1.88e+06	-5.922e+04	-1.252e+05	9987	-8.531e+04	2.494e+04	6463	1.809e+04	-228.3	-37.96	-34.45	-196.9	23.05	-9.005	-1.289	-1.29	2.683	2.597	-1.217	0.8987	0.2628
120	1.833e+06	5.537e+04	-1.86e+05	1.759e+04	-1.073e+05	3.425e+04	1.256e+04	9979	-633.8	-47.42	-74.5	59.89	-50.03	-1.762	-14.37	17.06	-1.721	-3.058	0.5169	-1.537	-0.2826
121	2.008e+06	-6.805e+04	-1.557e+05	8978	-7.653e+04	3.543e+04	6661	1.825e+04	-117.1	-47.55	-46.5	-128.7	2.582	-5.769	-9.721	2.545	0.2516	4.2	-0.8909	1.623	0.4193
122	1.769e+06	-1.621e+05	9.723e+04	1.519e+05	-1.413e+05	2.566e+04	-1957	2.117e+04	-560.2	45.95	-35.16	81.96	-75.52	6.863	-18.83	26.94	-2.284	-0.9305	0.7653	0.5682	0.07848
123	1.501e+06	-2.341e+05	3.296e+05	2.943e+05	-3.977e+04	-1.029e+04	-9526	3656	-196.8	181.7	25.12	-308.7	-12.95	2.988	-4.877	-0.5478	-0.4099	2.602	-1.418	1.866	0.2553
124	1.897e+06	-1.004e+04	-1.483e+05	3.603e+04	-4.606e+04	5127	1951	-7966	-206.1	85.01	-10.23	283.4	-92.27	13.41	-26.51	-20.16	-0.2094	1.665	-0.9028	0.6543	0.3882
125	2.01e+06	5958	-2.624e+05	-1.977e+04	-9.187e+04	2.773e+04	7991	1.257e+04	-481.4	44.11	-43.16	337.2	-103.5	11.68	-30.13	-15.32	-3.151	-1.276	0.5075	0.423	0.4525
126	1.076e+06	4.328e+05	-1.314e+05	1.937e+05	2.41e+05	-8.072e+04	2.018e+04	7603	178.4	-220.1	-69.49	-111.4	41.26	-16.5	-3.566	-8.174	-0.6251	0.942	0.1485	0.04337	0.4678
127	1.152e+06	1.864e+05	7.841e+04	2.458e+05	9.942e+04	-3.555e+04	1.548e+04	3.779e+04	-61	-12.38	-40.55	-316.9	55.23	-10.38	9.343	-9.931	-1.283	0.6712	-1.286	0.1277	0.002389
128	1.711e+06	-1.451e+05	1.034e+05	1.588e+05	-1.016e+05	1.567e+04	-1915	4103	-478.6	-37.41	-34.61	182.1	-85.47	3.492	-19.37	10.35	-0.4036	0.1556	-0.3684	0.6182	0.2156
129	2.032e+06	-3.408e+04	-2.075e+05	-2.052e+04	-1.16e+05	4.151e+04	8236	1.895e+04	-362.7	-40.83	-58.07	452.7	-107.2	11.45	-27.82	29.64	-4.33	-6.82	2.205	-2.315	-0.5217
130	1.987e+06	-1.05e+05	-1.01e+05	3.424e+04	-1.202e+05	2.553e+04	29.79	1.896e+04	-346.3	-15.31	-34.23	309.1	-84.5	7.746	-22.9	14.96	0.5936	2.657	0.2819	1.673	0.638
131	1.93e+06	-2232	-1.776e+05	1.876e+04	-2.889e+04	1.332e+04	5774	5580	-58.06	-115.3	-50.9	-113	1.059	-11.25	-12.56	-13.51	0.661	3.603	-1.444	0.9876	0.3562
132	1.588e+06	2.725e+05	-2.66e+05	5.358e+04	1.715e+05	-4.082e+04	1.384e+04	-4.869e+04	173.4	266.5	19.83	-126.2	-20.27	11.56	-7.298	0.7563	0.5024	2.016	-0.5063	-0.9233	0.2691
133	1.642e+06	1.933e+05	-2.269e+05	5.207e+04	1.899e+05	-4.355e+04	1.167e+04	-4012	641.1	186.7	31.95	-223.8	64.8	0.1486	2.934	-4.466	-0.887	-2.475	0.08904	-2.074	-0.3594
134	1.953e+06	-6.348e+04	-1.298e+05	2.402e+04	-9.954e+04	4.129e+04	8082	1.645e+04	-300.9	-41.15	-52.95	144.9	-56.49	2.564	-21.76	9.25	-1.597	2.718	-0.1555	1.265	0.3636
135	1.957e+06	-5.437e+04	-1.397e+05	2.301e+04	-8.046e+04	3.502e+04	7568	1.984e+04	-191.7	-33.78	-49.07	-195.3	9.686	-7.006	-7.116	-0.7674	0.09272	3.786	-1.075	1.437	0.3325
136	5.984e+05	-5.268e+05	1.153e+06	7.538e+05	6.092e+04	-5.506e+04	-2.471e+04	-3.739e+04	-139.9	-95.36	42.05	-107.1	-73.16	-4.844	-20.43	0.7731	-3.618	-0.34	-2.721	1.307	-0.242
137	1.592e+05	-4.842e+05	1.367e+06	9.078e+05	8.887e+04	-7.925e+04	-2.348e+04	-1.843e+04	-317.6	-0.8295	55.18	-73.47	-84.92	1.166	-16.78	-1.547	-4.814	-0.6304	-2.756	1.81	-0.1838
138	3.402e+05	-5.312e+05	1.311e+06	8.742e+05	2.321e+05	-1.148e+05	-3.256e+04	-4.403e+04	696.9	-142.2	59.73	114.1	-57.9	13.78	-20.59	-1.692	-5.451	-7.592	-2.176	-1.267	-0.9742
139	8.649e+04	-3.514e+05	1.276e+06	9.118e+05	3.206e+05	-1.543e+05	-2.735e+04	243.5	815.4	-81.86	96.88	101.4	-38.94	4.402	-15.19	2.193	-5.659	-3.342	-1.039	0.8106	-0.2543
140	4.248e+05	-6.47e+05	1.374e+06	8.542e+05	-4.667e+04	-2.791e+04	-2.511e+04	-2.482e+04	-659.4	43.11	48.24	-94.6	-108.5	2.034	-17.79	-1.96	-4.696	-1.792	-2.35	2.682	-0.1427
141	9957	-3.802e+05	1.344e+06	9.295e+05	1.847e+05	-1.084e+05	-2.139e+04	-2.691e+04	-80.07	-84.54	53.52	26.87	-85.49	-0.112	-19.5	3.47	-4.973	-1.075	-2.309	1.23	-0.1578
142	-6.482e+04	-3.141e+05	1.318e+06	9.281e+05	1.705e+05	-1.112e+05	-1.715e+04	1.689e+04	-108.8	130.8	77.27	-15.04	-66.44	9.846	-8.096	-3.787	-6.014	-2.445	-1.792	1.498	-0.2204
143	1.164e+05	-4.392e+05	1.341e+06	9.1e+05	1.527e+05	-9.523e+04	-2.309e+04	-3.379e+04	-130.5	-94.17	51.98	-0.3938	-88.71	-1.489	-20.22	2.284	-4.45	-0.8731	-1.761	2.378	0.1124
144	-2.504e+06	-2.21e+06	3.469e+05	1.437e+06	-8606	4.456e+04	-7.75e+04	2.022e+04	6400	391	-972.5	104.5	-160	6.138	45.47	-12.27	4.104	9.996	16.46	-1.192	-6.087
145	-2.249e+06	-1.63e+06	1.19e+06	8.4e+05	-1.98e+05	1.372e+04	-3.612e+04	-3198	1.179e+04	156	-314.4	-4.982	-72.38	-172.4	13.24	-3.984	0.4242	-1.433	4.832	1.889	9.012
146	-2.51e+06	-2.251e+06	3.304e+05	1.483e+06	-4.904e+04	5.178e+04	-5.298e+04	2.4e+04	5681	367	-824.2	-13.97	-268.6	99.98	65.67	-8.514	2.516	12.34	11.51	-11.81	0.7356
147	5.343e+05	-6.286e+05	1.305e+06	8.508e+05	2.511e+05	-1.174e+05	-3.938e+04	-4.202e+04	970.1	-158.4	104.7	111.4	-64.11	2.545	-28.97	-0.4775	-4.946	-1.48	-1.947	1.361	-0.2374
148	4.635e+05	-6.6e+05	1.373e+06	8.517e+05	-4.452e+04	-3.123e+04	-2.732e+04	-2.48e+04	-609.7	42.13	50.72	-92.32	-107.8	2.433	-22.54	-1.079	-4.244	1.9	-3.335	3.086	0.007391
149	4.802e+05	-6.268e+05	1.334e+06	8.622e+05	1.889e+05	-1.013e+05	-3.631e+04	-3.013e+04	631.4	-118.6	92.58	-11.73	-54.9	-0.6031	-22.24	1.794	-4.408	-0.6882	-2.229	1.824	-0.1814
150	-1.969e+06	-3.949e+05	8.027e+05	-3.183e+05	7577	2.553e+04	-1.272e+04	-1442	-1131	3832	552.4	67.62	151.2	94.63	-43.14	5.068	0.4622	4.935	7.25	1.234	0.1603
151	-1.209e+06	-8.293e+05	9.38e+05	-3.198e+05	-4.102e+04	-1.539e+04	-1.503e+04	4387	-411.5	-211	226.8	-60.22	214.6	-0.461	-68.76	-5.823	2.415	7.232	-2.09	4.349	-0.247
152	-1.985e+06	-5.911e+05	8.443e+05	-8.56e+04	-5.08e+04	7.161e+04	-2.272e+04	-1.058e+04	-2600	-214.8	65.81	-101.8	194.8	52.24	-34.78	3.786	-0.1651	-0.02555	1.049	-4.007	0.5921
153	-1.736e+06	-5.263e+05	9.178e+05	-2.831e+05	-1.606e+05	-3.026e+04	-2304	-1.335e+04	-1865	-161	99.63	-49.67	192.3	-1.262	-40.36	-3.173	0.0205	-7.888	4.677	-4.571	-1.827
154	-2.258e+06	-4.934e+05	6.216e+05	2.731e+04	-2.993e+04	-2.082e+04	-3.808e+04	-2.165e+04	-4758	-34.51	159	-8.943	-45.59	44.94	-47.54	1.248	-0.5335	-4.427	0.9441	-3.823	2.146
155	-2.408e+06	-6.854e+05	2.346e+05	2.747e+05	1.333e+05	2.013e+05	-2.359e+04	-1.557e+04	-7096	-284.5	182	6.283	-180.5	22.84	44.58	-5.229	-6.011	-4.777	-16.83	-10.7	6.805
156	-2.24e+06	-3.904e+05	6.989e+05	-6.678e+04	4.15e+05	2.268e+05	2.448e+04	4.872e+04	1539	-441.5	261.9	160.9	209.7	23.82	6.437	0.3213	-7.959	-0.1352	-6.809	-0.8185	0.09841
157	-1.884e+06	-4.802e+05	7.668e+05	-2.302e+05	-1.929e+04	5.029e+04	-2286	-5661	-2001	-267	160.4	-50.33	150	-2.911	-46.97	-5.063	-2.188	-12.51	2.511	1.082	0.01315
158	-1.371e+06	-7.19e+05	9.955e+05	-3.257e+05	-1.646e+05	-5.633e+04	-1.251e+04	-1.052e+04	-1127	-158.6	197	46.27	225.7	-4.452	-21.28	-4.621	0.397	0.4559	-0.4019	1.36	-1.223
159	-1.386e+06	-6.945e+05	9.591e+05	-3.411e+05	-1.665e+05	-6.111e+04	-7991	-7808	-1204	-149.5	185.8	14.96	213.9	-1.595	-28.41	-6.092	-1.452	-5.127	0.2601	-0.9375	-1.84
160	-1.942e+06	-7.288e+05	5.691e+05	3.895e+04	1.83e+05	1.926e+05	-3.128e+04	1.579e+04	-2902	-327.5	183.9	-28.37	96.55	34.3	-5.962	2.031	-3.211	14.86	13.18	-16.34	2.817
161	-1.701e+06	-7.311e+05	7.23e+05	-1.031e+05	-1.021e+04	4.714e+04	1169	-7120	-2851	-237.7	152.3	-35.99	63.19	3.286	-29.68	-10.5	3.027	6.843	10.93	-15.2	0.8787
162	-1.95e+06	-4.132e+05	9.217e+05	-2.334e+05	-6.742e+04	1.442e+04	4808	8362	-1521	-168.6	146.3	-56.09	149.3	-1.715	-66.46	-6.204	-2.489	-4.774	-0.916	-1.36	-1.839
163	-2.346e+06	-3.267e+05	6.285e+05	-5.41e+04	5.796e+05	4.03e+05	-5.696e+04	4.817e+04	962.7	-451.2	466.2	281	259.4	-17.32	46.4	2.575	-9.298	4.168	-10.7	1.594	0.0887
164	-1.465e+06	-6.741e+05	9.497e+05	-3.026e+05	-1.081e+05	-2.012e+04	-1.36e+04	-8117	-1069	-196.1	172.7	-58.69	210.6	-5.174	-63.45	0.8955	0.9982	6.708	1.471	1.075	-0.7779
165	-1.967e+06	-6.103e+05	6.307e+05	-5323	-4.098e+04	5.348e+04	9939	1.139e+04	-4316	-130.8	113	-94.56	-64.19	17.64	-17.46	-10.18	-6.635	-8.455	-6.251	-3.661	2.505
166	-5.11e+05	2.098e+05	4.485e+05	1.473e+05	6.807e+04	8.204e+04	5.026e+04	-1.288e+04	-987.8	3852	460.8	-29.7	-76.67	160.7	71.73	-4.382	1.832	2.512	1.271	0.8305	0.06266
167	5.665e+05	-4.661e+05	5.765e+05	8.216e+04	2563	2.876e+04	-2.303e+04	1.339e+04	398.4	-106.2	92.13	-203.9	126.9	0.05659	20.93	-16	10.71	5.397	-4.485	4.891	0.3926
168	-6.227e+05	1.258e+05	6.113e+05	2.927e+05	-2.845e+04	8.517e+04	2489	-2.058e+04	-1511	-162.7	-48.92	-149.4	66.8	-5.47	-1.858	1.051	1.181	-3.259	4.416	8.04	-2.148
169	-4.079e+05	7.477e+04	5.46e+05	1.96e+05	-1.535e+05	5.257e+04	1.721e+04	-5627	-2069	-33.57	-39.91	-155.4	51.17	-11.75	26.8	-10.78	3.506	-16.31	3.66	1.252	-0.2611
170	-1.308e+06	5.491e+05	5.535e+05	3.268e+05	-2.07e+04	1.091e+05	1.504e+04	-1.768e+04	-2299	22.28	-27	-85.6	14.32	-10.51	40.12	-7.293	6.841	-6.137	6.121	10.59	0.7255
171	-1.639e+06	7.371e+05	4.881e+05	3.763e+05	2.578e+05	2.393e+05	1.597e+05	-7.447e+04	-2109	-480	-279.2	195.7	-15.77	-61.57	51.27	-5.041	-5.791	-11.92	17.36	20.99	-2.025
172	-2.387e+06	1.159e+06	5.488e+05	4.907e+05	3.459e+05	8.85e+04	1.692e+05	-3.45e+04	-1865	-408	-250.1	303.3	-36.07	-33.1	28.32	2.795	-4.73	1.72	-5.751	-2.789	-0.6765
173	-1.258e+06	5.697e+05	5.007e+05	2.833e+05	-9.303e+04	1.185e+04	3.002e+04	-3.026e+04	-3143	-126.5	-121.4	-90.2	-6.956	-14.06	7.917	-7.936	6.439	-9.282	1.925	0.01151	0.06457
174	4.452e+05	-4.069e+05	5.923e+05	1.005e+05	-1.108e+05	2.702e+04	-1.341e+04	5072	-547.5	-46.31	59.2	-85.64	95.43	-1.358	45.57	-12.82	12.47	-1.776	-4.446	1.43	-0.1896
175	3.514e+05	-3.336e+05	5.606e+05	9.652e+04	-1.282e+05	-7606	-1.278e+04	2368	-955.9	-28.84	28.18	-115.2	76.17	4.433	40.61	-14.24	12.25	-8.366	-3.518	-1.329	-0.7664
176	-1.459e+06	6.26e+05	5.677e+05	3.779e+05	9.486e+04	9.246e+04	-8913	-2.156e+04	-1889	-243.6	-92.06	-17.61	82.62	-47.01	12.79	3.493	8.445	11.03	9.172	-2.114	-0.7795
177	-7.088e+05	2.197e+05	5.657e+05	2.723e+05	-2.454e+04	8769	3.534e+04	-3.233e+04	-2149	-163.8	-159.4	-45.75	21.14	7.953	4.455	-12.28	9.245	4.735	13.63	-5.009	0.6765
178	-1.346e+06	5.725e+05	5.788e+05	3.36e+05	-1.264e+05	3.63e+04	5.803e+04	-9130	-3419	-15.05	-153.7	-130.4	-29.77	-9.357	31.61	-14.53	7.068	-6.045	-2.929	-1.258	-0.343
179	-2.623e+06	1.341e+06	5.027e+05	5.376e+05	5.604e+05	2.49e+04	1.682e+05	-1.116e+05	-2138	-582.4	-271.1	642.2	-117.4	-36.94	3.456	15.62	-4.078	6.758	-4.483	-3.453	0.05263
180	-1.673e+05	-7.657e+04	5.787e+05	1.75e+05	-1.016e+05	7.154e+04	7272	1113	-1393	-39.3	-118.3	-179	132.5	8.178	28.01	-10.56	6.667	-3.579	-1.021	-0.6974	-0.6129
181	-1.258e+06	4.898e+05	5.263e+05	3.599e+05	-7.89e+04	4.049e+04	5.106e+04	-1.141e+04	-3549	-51.3	-147.9	-102.5	-38.73	-13.25	22.35	-12.21	3.837	-5.566	-1.212	1.21	0.968
182	-2.283e+06	1.794e+06	-2.731e+05	1.085e+05	-3.373e+05	1579	6.891e+04	-3463	8687	-12.43	10.34	-136.4	103	44.1	-25.9	6.161	-1.076	-0.3428	-1.193	-4.891	-2.096
183	-2.519e+06	1.95e+06	-1.963e+05	1.9e+05	-2.726e+05	2604	4037	-1.949e+04	3062	-111.3	-25.5	-167.4	76.75	-19.18	-33.55	16.45	0.8302	3.188	-2.696	-0.2572	-0.5192
184	-1.511e+06	2.404e+06	-1.242e+06	-3.819e+05	-1.906e+05	1.14e+04	-8486	-4.043e+04	4562	376.6	178.4	1190	-148	41.27	-106.8	-94.11	0.7431	15.19	-2.545	3.365	0.9021
185	-2.428e+06	1.975e+06	-2.621e+05	1.3e+05	-2.474e+05	-5270	4470	-1.545e+04	3742	-143.7	19.34	-94.03	83.22	50.18	-38.76	11.41	3.805	7.396	-2.304	0.2215	-0.5806
186	-1.54e+06	1.13e+06	-2.986e+05	1.09e+05	-3.348e+05	1.816e+04	5.978e+04	-4713	2.304e+04	-265.7	667	-117.7	-10.92	83.46	31.57	11.16	-2.846	-8.781	-1.73	-3.478	-1.374
187	-2.142e+06	1.799e+06	-2.394e+05	9.099e+04	-3.411e+05	6593	5.297e+04	-7594	6366	-85.96	111.5	-179.7	-7.478	-9.832	-12.95	3.09	-4.332	-7.98	-3.324	-4.298	-2.317
188	-2.404e+06	1.994e+06	-2.988e+05	1.085e+05	-2.534e+05	-5514	1.233e+04	-1.344e+04	2764	91.42	116.3	-86.99	10.77	-16.88	-38.04	9.03	2.082	8.342	0.1921	-0.7285	-0.3424
189	-2.169e+06	1.793e+06	-2.297e+05	9.866e+04	-2.6e+05	1.052e+04	-1.772e+04	-3.158e+04	6105	-220.4	69.1	-103.7	131.8	34.37	-29.97	14.69	1.591	0.2824	0.4254	-4.769	-2.003
