#Component	1	2	3	4	5	6	7	8	9	10	11	12	13	14	15	16	17	18	19	20	21	22	23	24	25	26	27	28	29	30	31	32	33	34	35
#Std. deviation	8.147e+06	1.561e+06	1.224e+06	4.281e+05	2.541e+05	1.593e+05	3.638e+04	2.775e+04	1.66e+04	1.401e+04	1.135e+04	5161	3132	869.6	466.8	173.3	162.2	97.8	14.15	8.75	5.233	5.038	4.517	3.425	3.24	2.097	1.72	1.377	1.229	0.8326	0.669	0.3212	6.806e-10	6.806e-10	6.806e-10
#Proportion of variance explained	0.9403	0.03451	0.02124	0.002596	0.0009149	0.0003597	1.875e-05	1.091e-05	3.902e-06	2.782e-06	1.826e-06	3.774e-07	1.39e-07	1.071e-08	3.088e-09	4.253e-10	3.729e-10	1.355e-10	2.837e-12	1.085e-12	3.88e-13	3.596e-13	2.891e-13	1.662e-13	1.488e-13	6.232e-14	4.191e-14	2.688e-14	2.141e-14	9.822e-15	6.342e-15	1.461e-15	6.562e-33	6.562e-33	6.562e-33
#Loadings	1	2	3	4	5	6	7	8	9	10	11	12	13	14	15	16	17	18	19	20	21	22	23	24	25	26	27	28	29	30	31	32	33	34	35
c2	-2.788e-05	3.113e-05	7.252e-05	-0.0003176	-9.509e-07	-2.562e-05	0.0004323	-0.0008488	-0.004253	0.0002476	-0.0007622	0.001321	-0.004177	0.03249	-0.00942	0.03275	0.09466	-0.6606	-0.005478	-0.1288	-0.1484	-0.05161	-0.02619	-0.08231	-0.066	-0.001187	-0.08347	-0.01927	-0.374	-0.5669	-0.1747	-0.01017	0	0	0
c3	-0.0003473	0.002631	-0.004021	-0.001394	-0.0005913	0.0003964	0.0004466	-0.002067	-0.002624	-0.004421	-0.001622	0.002929	-0.04003	0.9971	0.03001	0.02132	-0.0254	0.04635	-0.004967	-0.0005976	0.0005725	-0.0006937	0.0001082	0.000899	0.0001844	-0.0004699	0.0002194	0.0001605	-5.293e-05	-0.0001934	0.0002386	-0.0001225	3.141e-15	-3.359e-16	1.176e-16
c4	-2.36e-05	2.684e-05	6.169e-05	-0.0002738	2.876e-05	-4.301e-05	0.0002444	-0.0006011	-0.002321	0.0005431	-0.0008982	0.001263	-0.004283	0.03267	-0.01038	0.0322	0.09526	-0.6635	0.005075	-0.1094	-0.1755	-0.05043	-0.008957	0.167	-0.04476	0.06808	0.1371	0.03642	0.3452	0.5465	0.175	-0.0003532	2.13e-13	1.66e-15	-2.357e-16
c5	-0.03332	-0.04517	-0.007884	0.2953	-0.1878	0.5191	0.1159	-0.7119	0.1325	-0.2332	-0.09673	0.05538	0.01743	-0.001728	0.002297	-0.0001336	-0.0003031	-0.0001697	2.003e-05	-7.9e-06	-1.42e-05	-4.713e-06	1.733e-05	-3.796e-07	1.376e-05	1.887e-05	1.757e-08	-1.494e-05	4.266e-06	-1.06e-06	9.63e-06	1.108e-06	-1.549e-16	4.702e-18	-1.196e-18
c6	-0.5467	-0.1668	0.4028	0.04562	0.08566	-0.04127	0.06338	-0.09132	-0.6886	-0.1076	0.03661	-0.02222	0.001533	-0.000415	-0.001274	-0.0001077	0.00143	0.003615	-0.001653	-6.73e-05	3.391e-05	3.886e-05	1.41e-05	0.0001306	7.003e-05	2.61e-05	0.0002101	1.953e-06	0.0005285	0.000784	0.0002678	-3.599e-05	1.706e-15	-9.935e-17	2.014e-17
c7	-0.6191	0.4623	-0.631	-0.05413	-0.04249	0.01059	-0.003524	0.002857	0.0002322	-0.0005854	-0.0005849	-0.0001029	0.0001763	-0.004055	-0.0001559	-9.634e-05	0.0001079	-0.0001903	1.865e-05	1.984e-06	-3.593e-06	3.229e-06	6.022e-08	-4.015e-06	-4.872e-07	2.056e-06	-7.995e-07	-3.332e-07	1.904e-07	7.569e-07	-1.124e-06	5.505e-07	-1.99e-16	-2.563e-17	1.586e-17
c8	-0.5436	-0.17	0.3949	0.07803	0.1062	-0.05445	-0.06466	0.08389	0.6876	0.1139	-0.0405	0.02292	-0.001748	0.004457	0.001587	-7.149e-05	-0.0005704	-0.00322	0.001631	4.839e-05	-2.179e-05	-2.659e-05	-1.415e-05	-0.0001209	-7.248e-05	-3.378e-05	-0.0002091	-4.763e-06	-0.000529	-0.0007844	-0.0002673	3.474e-05	-1.5e-15	2.552e-16	3.772e-17
c9	-0.0114	-0.01725	-0.001668	0.1161	-0.06198	0.2186	-0.5476	-0.04416	-0.08566	0.3739	0.5565	0.3673	0.2019	0.009714	-0.004809	0.002161	0.000965	-6.599e-05	-0.0001952	-0.0003518	7.437e-05	-8.545e-05	0.0001462	6.171e-05	5.496e-06	0.0001203	3.621e-05	-4.315e-06	1.076e-05	3.584e-05	1.579e-05	-3.662e-05	9.561e-16	-1.107e-16	-2.87e-17
c11	-3.944e-06	6.089e-06	1.149e-05	-5.599e-05	1.341e-05	-8.016e-06	1.411e-05	-0.0001127	-0.0003574	0.0001395	-0.000198	0.000248	-0.00082	0.007037	-0.001982	0.005663	0.01915	-0.1538	-0.1363	0.1448	0.3235	0.0965	0.1135	-0.2205	0.08752	-0.1562	-0.06909	-0.6489	0.2153	0.01771	-0.1419	-0.486	1.483e-11	-4.46e-13	1.526e-14
c14	-3.309e-06	-2.32e-05	-1.394e-05	-6.905e-06	3.312e-06	9.94e-07	-5.444e-06	8.144e-06	2.498e-05	-2.236e-05	-4.102e-05	0.0002996	-0.0004959	-0.0003035	-0.002946	-0.00128	0.007972	0.005529	0.004726	-0.01088	0.1527	-0.6187	-0.2723	-0.2248	-0.07397	-0.0552	-0.05292	0.06639	0.245	-0.1479	0.194	-0.01896	-0.5121	0.2658	-0.02184
c15	-3.183e-06	-2.222e-05	-1.335e-05	-6.253e-06	3.239e-06	2.516e-06	-6.667e-06	-3.304e-06	2.041e-05	-2.362e-05	-1.478e-05	0.0003451	-0.0007164	-0.0003133	-0.002968	-0.0002618	0.005504	0.00415	0.008877	-0.03292	0.1752	-0.545	-0.2264	-0.1916	-0.002385	-0.1684	0.2653	-0.01022	-0.2681	0.2329	-0.1574	-0.005568	0.5121	-0.2658	0.02184
c16	0	0	0	3.944e-31	-2.068e-25	0	-4.337e-19	0	0	5.551e-17	0	0	-5.551e-17	5.551e-17	3.123e-16	-1.497e-15	1.353e-15	6.661e-16	-2.351e-14	1.012e-14	-9.995e-15	-6.347e-14	-2.606e-14	-6.791e-16	1.684e-13	1.298e-13	1.565e-15	1.408e-12	-2.796e-14	3.553e-14	-9.138e-13	1.134e-11	0.4522	0.8821	0.1319
c17	-1.253e-07	-9.837e-07	-5.889e-07	-6.526e-07	7.305e-08	-1.522e-06	1.223e-06	1.145e-05	4.568e-06	1.267e-06	-2.623e-05	-4.549e-05	0.0002205	9.856e-06	2.287e-05	-0.001018	0.002467	0.001379	-0.004151	0.02204	-0.02251	-0.07373	-0.04591	-0.03323	-0.07159	0.1132	-0.3183	0.07662	0.5131	-0.3808	0.3514	-0.01339	0.5121	-0.2658	0.02184
c18	-1.458e-06	-8.838e-06	-5.098e-06	-7.444e-07	1.137e-06	-6.843e-06	5.305e-05	5.537e-05	1.936e-05	-8.646e-05	-3.706e-05	0.0002871	-0.0009195	0.0001276	-0.001062	0.002848	0.005777	0.003147	-0.01805	-0.06759	0.1144	-0.2332	0.1495	-0.05831	0.1099	0.7344	-0.4865	-0.05845	-0.1723	0.23	-0.1656	-0.01324	-1.403e-13	1.118e-14	-2.578e-15
c19	-0.1241	-0.8491	-0.4815	-0.1464	-0.08772	0.01867	0.01208	0.04475	-0.002633	-0.007774	0.002293	-0.002202	0.00704	0.0003377	-0.0005809	8.664e-05	-0.0006371	-0.0001646	-4.234e-06	-2.815e-06	-1.518e-05	2.081e-05	1.391e-05	9.239e-07	2.125e-06	2.549e-06	1.379e-06	8.8e-07	1.147e-06	-1.686e-06	-1.367e-06	3.73e-07	3.423e-16	1.384e-16	2.873e-17
c20	-2.404e-06	-1.312e-05	-7.931e-06	2.891e-06	8.089e-06	4.339e-05	-6.491e-05	-0.000137	5.161e-05	8.844e-05	0.0003834	6.017e-05	-0.003073	-0.0004853	-0.008413	0.0006398	-0.01387	-0.01077	0.01981	-0.768	0.4563	0.1463	-0.05547	0.08764	0.3681	-0.0651	0.02022	0.1312	0.04396	-0.05729	0.06722	-0.04441	9.887e-13	-1.097e-13	3.366e-15
c21	-9.392e-06	1.046e-05	2.968e-05	-0.000138	-7.741e-05	5.724e-05	0.0002119	-0.0003211	-0.002613	-0.0004584	0.0001887	0.0002956	-0.0003439	0.01073	-0.00579	-0.006587	0.03034	-0.1058	0.9362	0.1959	0.2363	0.07936	-0.0005377	-0.04954	0.04208	-0.02655	-0.06412	0.02081	0.005924	0.01573	-0.009969	0.02952	-8.875e-13	5.87e-14	8.776e-16
c22	-0.06114	0.07657	0.2207	-0.7939	-0.464	0.3072	-8.527e-05	0.02175	0.03063	-0.01574	0.01238	-0.0009281	0.0006692	-0.0007632	-0.0003367	0.0002741	-0.001381	-6.513e-05	-5.157e-05	1.998e-05	-2.079e-05	-1.987e-05	4.431e-06	-1.619e-05	6.329e-06	8.561e-06	1.639e-06	6.106e-06	-5.403e-07	7.783e-07	2.687e-06	1.249e-06	-2.316e-16	-2.497e-16	-1.836e-16
c23	-1.633e-06	-2.7e-06	4.554e-07	5.082e-07	-1.07e-05	-2.44e-05	5.039e-05	2.663e-05	-0.0001041	-8.137e-05	6.153e-05	0.0004832	-0.0009852	0.0001843	0.001003	-0.001239	0.005336	-0.00687	0.02756	0.007398	-0.216	-0.324	0.6559	-0.01525	0.4309	-0.4009	-0.2096	0.1102	0.06093	0.01928	-0.05951	0.08297	-2.723e-12	6.601e-14	-1.036e-14
c24	-3.326e-07	-8.085e-07	-5.004e-07	1.903e-06	-3.387e-06	-2.842e-06	1.337e-05	1.444e-05	-1.242e-05	-5.71e-06	-3.804e-06	3.969e-05	-0.0001744	-3.463e-05	-0.0003304	0.0008148	0.0005385	-0.002598	0.0111	0.006881	0.01371	-0.01378	0.1379	-0.01989	-0.004625	-0.02903	-0.03547	-0.1897	-0.4878	0.0785	0.8236	-0.1395	6.13e-12	-2.087e-13	3.547e-14
c25	-6.758e-07	-2.314e-06	-9.2e-07	1.432e-06	-1.229e-06	-6.599e-06	3.569e-05	4.357e-05	-5.895e-06	-3.085e-05	-2.028e-05	0.0002357	-0.0006008	4.065e-05	0.0008728	-0.005619	0.003867	0.002766	0.03091	0.1221	0.05282	-0.1219	0.3234	0.009703	0.2259	0.4582	0.6991	0.0411	0.1125	-0.2748	0.06918	-0.1322	3.425e-12	-1.471e-13	7.359e-15
c26	-0.03101	-0.002615	0.04902	0.3143	-0.8204	-0.4715	-0.0184	0.007139	0.004789	-0.02991	0.03304	-0.00178	-0.002433	0.0001924	-0.000719	0.0003846	-0.001479	-0.0003907	-9.668e-08	2.256e-05	2.162e-06	-1.345e-05	-2.089e-05	-1.294e-05	-1.075e-05	1.106e-05	4.617e-06	2.956e-06	3.871e-06	-2.174e-07	-6.799e-07	-3.729e-07	-1.615e-16	2.662e-16	-1.02e-16
c27	-0.0009075	-0.00639	-0.003847	-0.002123	0.002102	0.003382	-0.007994	-0.007425	-0.009808	0.00288	0.08243	0.3613	-0.9142	-0.04227	0.1573	-0.001844	0.00857	0.003194	0.0009198	0.001017	-0.0001222	0.0005767	-0.0006341	0.0007401	-0.001936	-0.0003861	-0.0001195	-0.0006644	0.0002156	-8.864e-05	-5.157e-05	0.0001357	-1.769e-15	4.788e-16	1.041e-16
c28	-5.815e-05	-0.0003555	-0.0002105	-4.109e-05	0.0002163	0.0004758	0.0002263	-0.001982	0.001098	0.0007115	0.004721	0.01707	-0.06102	0.000499	-0.4004	0.5265	0.1934	0.05969	0.006993	0.08509	-0.1153	-0.008444	-0.2163	0.1029	0.3039	0.018	-0.01454	-0.1068	-0.007369	-0.02421	0.01889	0.02828	0.05433	0.05768	-0.5719
c29	-0.0001171	-0.0006525	-0.0003994	3.116e-05	0.0007574	0.001122	0.0002408	-0.005667	0.001025	0.00382	0.01627	0.03239	-0.1265	0.03	-0.8112	-0.5587	-0.09295	-0.02548	-0.009297	-0.004034	0.004618	0.003111	0.02375	-0.01415	-0.03444	-0.0006789	-0.000321	0.01221	-0.0007823	0.003593	-0.002692	-0.002754	3.522e-14	1.631e-15	-3.747e-16
c32	-5.483e-05	-0.0003372	-0.0001995	-4.031e-05	0.0001978	0.0004546	0.0002288	-0.001837	0.001114	0.0005758	0.004175	0.0162	-0.0582	-0.000705	-0.3845	0.568	0.1993	0.06018	-0.005443	-0.06995	0.108	0.01402	0.1986	-0.08822	-0.272	-0.01918	0.01722	0.09627	0.009025	0.01842	-0.01695	-0.02537	-0.05433	-0.05768	0.5719
c33	-3.325e-06	-1.827e-05	-1.098e-05	-7.892e-07	1.849e-05	2.126e-05	-2.495e-06	-0.0001448	-1.56e-05	0.0001357	0.0005464	0.0008797	-0.002813	0.001204	-0.01597	-0.04145	-0.005926	-0.0004918	0.01244	0.155	-0.2232	-0.02247	-0.4149	0.1912	0.5759	0.03718	-0.03176	-0.203	-0.01639	-0.04263	0.03583	0.05365	-0.05433	-0.05768	0.5719
c38	-0.0004046	4.74e-05	0.0002112	0.0009862	0.002063	0.0009883	-0.002143	-0.002298	-0.00172	0.00231	0.006151	-0.002751	-0.02379	-0.02281	-0.08444	0.289	-0.9445	-0.1235	0.0154	0.01906	-0.0002649	-0.01311	-0.0006274	-0.0007306	0.00257	0.003894	-0.001526	0.002108	0.0003905	-0.0005073	0.0003774	0.0006943	-2.582e-14	1.2e-15	3.747e-16
c39	-0.02707	0.0005735	0.0194	0.3028	-0.1719	0.4824	0.5487	0.4877	-0.04733	0.2854	0.1418	-0.04568	-0.0119	0.001954	0.001086	0.0005686	0.0002093	-7.093e-05	-4.768e-06	2.561e-05	2.497e-05	-1.87e-05	-2.691e-05	-4.96e-06	-2.174e-05	-2.933e-05	1.184e-06	-4.822e-07	8.043e-06	6.802e-06	-9.057e-06	3.156e-06	-4.58e-16	4.163e-16	-2.533e-16
c40	-0.01298	-0.01622	0.003232	0.1391	-0.1042	0.2437	-0.5011	0.06401	-0.1194	0.3465	-0.4564	-0.5076	-0.2332	-0.007101	0.008583	-0.002052	0.005188	0.001569	0.0001826	0.0004642	-0.0001047	-6.385e-06	-2.407e-05	-6.64e-05	-1.039e-05	-6.704e-05	-7.635e-05	1.656e-05	-4.976e-05	-1.274e-05	-3.84e-05	3.922e-05	-1.11e-15	-1.804e-16	1.249e-16
c42	-0.007412	0.00128	0.0055	0.09869	-0.004298	0.1641	-0.2427	0.2446	0.08828	-0.6336	0.4731	-0.4403	-0.1323	-0.005129	0.007376	-0.0001243	0.005818	-0.001375	-0.0001472	0.0002367	-0.0002757	-4.467e-05	-7.221e-05	-0.0002166	-0.0001043	3.863e-06	3.661e-05	-1.042e-05	-2.249e-05	-5.263e-06	-1.249e-05	2.281e-05	-4.823e-16	8.327e-17	5.551e-17
c44	-0.009258	0.003737	0.01236	0.1304	-0.06262	0.2049	-0.2586	0.4141	-0.05204	-0.4208	-0.4662	0.5246	0.1606	0.003557	-0.0163	-0.001145	-0.008615	-0.0009074	-9.156e-05	-0.0003997	0.0001229	0.0001489	-1.758e-05	0.0001283	0.0001118	-9.897e-06	2.403e-05	3.351e-05	3.148e-05	-1.709e-05	3.243e-05	-3.196e-05	8.604e-16	1.665e-16	-1.596e-16
c46	-2.789e-06	3.288e-06	6.48e-06	-3.14e-05	1.96e-05	-1.698e-05	1.851e-05	-7.842e-05	-0.0002102	0.0001686	-0.0001461	0.0004369	-0.0008686	0.004722	0.0003226	0.006979	0.01116	-0.09401	-0.1036	0.02114	0.07232	0.218	0.02383	-0.6465	0.1503	0.05409	0.08217	-0.1535	0.06435	0.05279	0.0996	0.6602	-1.707e-11	5.932e-13	-1.385e-14
c48	-5.268e-06	3.025e-06	1.176e-05	-7.326e-05	1.091e-05	-1.017e-05	3.178e-05	-0.0001247	-0.000439	8.845e-05	-0.0002252	0.0002876	-0.0006049	0.008433	-0.001167	0.002962	0.0323	-0.2048	-0.2665	0.4348	0.6157	-0.02433	0.05557	0.4218	0.04125	-0.07554	-0.07244	0.1422	-0.06205	-0.04904	0.03702	0.3093	-8.649e-12	2.69e-13	-7.55e-15
c50	-3.656e-06	-5.824e-07	4.964e-06	-3.895e-05	1.934e-05	-2.125e-05	3.415e-05	-8.754e-05	-0.0002248	0.0001475	-0.000119	0.0006112	-0.0008446	0.00516	0.002324	0.006412	0.01843	-0.1107	-0.1411	0.2739	0.04554	0.2214	-0.1307	-0.4039	0.2566	-0.01341	-0.07954	0.6246	-0.07126	0.1101	0.03111	-0.4247	9.468e-12	-4.061e-13	-2.165e-15
#Scores	1	2	3	4	5	6	7	8	9	10	11	12	13	14	15	16	17	18	19	20	21	22	23	24	25	26	27	28	29	30	31	32	33	34	35
1	-9.27e+06	6.566e+05	8.787e+05	6.718e+05	4.774e+05	4.472e+04	5.598e+04	-2.902e+04	1.056e+04	3935	1.461e+04	-141.5	890.5	482.6	-1414	-860.3	-67.12	35.61	-1.272	9.246	-0.5186	2.422	3.289	0.3253	-0.5223	0.2625	-0.09907	1.328	0.4011	0.1078	-0.3272	-0.1902	-3.58e-10	8.961e-10	2.626e-10
2	-9.335e+06	4.043e+05	7.854e+05	5.024e+05	5.297e+05	-7.718e+04	-9.169e+04	3.857e+04	-5787	-1.124e+04	6736	-1651	3059	164.7	-135.5	177	-111.1	36.39	18.7	7.688	5.339	2.277	8.071	3.739	2.113	2.403	1.003	0.7743	-0.5097	-1.187	0.1231	-0.1934	-1.521e-10	8.546e-10	3.144e-10
3	-9.336e+06	2.819e+05	6.948e+05	4.748e+05	5.306e+05	-3.909e+04	1.44e+04	-3722	-1.249e+04	1.461e+04	6190	-1938	3991	133.1	305.4	268.8	-225.8	101.6	-6.133	-2.207	6.776	-4.395	6.393	7.734	2.373	-0.2392	-2.007	-1.01	0.1235	-0.06416	-1.091	-0.1267	-1.292e-10	8.796e-10	3.089e-10
4	-9.384e+06	4.113e+05	7.897e+05	1.001e+06	2.762e+05	4.644e+05	3.225e+04	2.707e+04	-2517	-2.735e+04	-3.991e+04	-2566	-2501	44.95	334.1	38.35	-113.2	-70.36	3.068	11.86	-1.078	-3.227	-3.929	0.4805	2.928	-2.791	-1.368	-0.552	-0.2294	0.261	0.5685	-0.03645	-4.173e-10	1.111e-09	1.899e-10
5	-9.681e+06	1.058e+06	4.05e+05	3.232e+05	6.043e+05	-3.12e+05	2197	-2.761e+04	-1.378e+04	2.031e+04	-1.254e+04	1699	-55.21	-282.7	161.3	161.1	-65.48	-50.81	-26.09	-5.933	-4.35	1.047	-4.275	-5.223	0.08143	-1.321	0.6529	-1.301	0.3338	-0.2896	0.2141	-0.1807	-3.46e-10	7.084e-10	3.515e-10
6	-9.194e+06	6.574e+05	9.38e+05	6.958e+05	4.3e+05	4.184e+05	-4263	1.062e+04	9503	-2.38e+04	3.239e+04	-4791	1914	104.4	725.8	138.2	413.6	-30.87	2.784	-4.282	-6.581	-4.425	-2.829	-1.279	-3.539	0.7744	1.167	-0.2709	-0.03414	0.3755	0.02141	0.3582	-4.512e-10	8.961e-10	2.033e-10
7	-1.698e+07	6.435e+06	-6.972e+06	1.672e+04	-3.734e+04	1.559e+04	-4272	4875	4910	-458.2	718.2	-630.6	202.9	-746.5	-43.52	-14.15	3.627	-5.934	2.645	0.8329	0.478	-0.01301	-0.003742	0.6785	-0.01844	0.1552	-0.004147	0.1206	0.04175	0.0979	0.03328	0.01362	-2.613e-09	5.621e-10	4.939e-10
8	-9.105e+06	6.293e+05	8.818e+05	2.728e+05	6.575e+05	-2.786e+05	-1265	-2.216e+04	-5043	2.165e+04	-1.403e+04	2240	369	73.18	26.83	126.9	-48.54	-83.14	3.909	-12.97	-2.025	5.975	-6.864	-6.058	-3.675	2.459	1.757	1.562	0.1755	0.522	0.4657	0.4882	-1.948e-10	6.955e-10	3.356e-10
9	-1.277e+07	-3.789e+06	-1.391e+06	-2.52e+05	-9710	-1.733e+05	2.297e+04	5.083e+04	9143	-1.876e+04	-2.753e+04	-9069	6838	136.3	-366.6	-205.4	312	12.86	-4.901	-16.81	8.096	-5.065	7.707	-2.697	-4.651	1.231	2.556	-0.876	-0.1435	-0.136	0.06366	0.1544	1.549e-09	1.736e-09	5.437e-10
10	-9.399e+06	-2.375e+06	-7.774e+05	-1.243e+05	5.664e+04	-5.261e+04	4.069e+04	-4186	1.742e+04	-6763	-32.26	5424	9.845	-106.2	-1633	609.8	354.7	80.13	-4.521	18.45	-7.96	6.315	1.172	0.1807	0.708	1.69	-2.226	1.529	0.9939	-0.3513	0.054	0.0436	9.342e-10	1.215e-09	3.762e-10
11	-9.733e+06	-2.863e+06	-1.142e+06	-1.774e+05	-3.862e+04	-4.108e+04	7791	2.25e+04	-1.927e+04	-2291	5303	-41.39	3618	-28	273.4	-58.71	-255	2.268	-1.815	5.033	-1.701	-4.687	-2.224	-4.202	1.732	-3.465	-4.83	0.8937	-0.9942	-1.388	-0.01376	0.523	1.13e-09	1.32e-09	4.023e-10
12	-9.777e+06	-2.865e+06	-1.051e+06	-1.211e+05	2.294e+04	-3.339e+04	-1.965e+04	1.017e+04	859.2	1.93e+04	2709	-1378	2065	88.93	671.2	-235.6	23.42	-0.2721	-4.117	5.302	-5.966	-9.674	-9.394	1.941	0.2265	5.61	-4.508	-0.7098	3.753	0.03604	0.1813	-0.1732	1.161e-09	1.321e-09	4.199e-10
13	-9.381e+06	-1.009e+06	-2.725e+05	-1.965e+04	7.049e+04	-2.622e+05	3.141e+04	2.937e+04	-8542	-9865	7799	8699	-9242	286.1	979.6	-142.1	232.3	39.97	-10.4	3.635	-0.9807	-4.405	5.514	-3.211	11.27	2.893	1.866	1.719	-1.54	-0.5016	-0.03467	-0.1262	3.832e-10	1.021e-09	3.215e-10
14	-9.531e+06	-2.529e+06	-9.16e+05	-1.016e+05	-1.106e+04	-6.143e+04	1.499e+04	-2459	-712.7	-7527	7172	6920	3377	-1.375	625.1	-80.94	-180.9	-33.64	5.053	4.563	-3.563	9.548	-2.706	3.994	1.294	0.9644	1.821	-1.763	-2.596	2.676	-1.695	0.3964	9.899e-10	1.267e-09	3.849e-10
15	-9.638e+06	-2.728e+06	-9.847e+05	-8.155e+04	-2.78e+04	4.706e+04	-4106	-9.842e+04	1.366e+04	-1.728e+04	-9796	6214	4110	-265.8	882.7	-34.19	11.8	37.5	4.466	12.27	0.5996	5.309	0.931	2.321	0.5056	-3.398	2.998	1.096	1.827	-0.007597	0.7008	-0.3814	1.07e-09	1.284e-09	4.017e-10
16	-9.509e+06	-2.502e+06	-8.799e+05	-1.347e+05	3.714e+04	-9.44e+04	-863.4	6.559e+04	-1.009e+04	2.019e+04	1.088e+04	-3082	-755.9	43.85	424.3	-22.47	-5.47	5.861	19.72	11.21	0.274	7.255	-7.372	1.81	-4.302	-4.408	2.026	1.155	-0.5466	-0.2314	0.5127	-0.5579	1.027e-09	1.25e-09	3.876e-10
17	-7.883e+06	7.114e+05	9.657e+05	-6.022e+05	-2.604e+04	2.719e+04	-542	-1991	9689	1471	-317.1	-45.02	-78.42	-11.19	83.4	28.36	-63.27	-99.21	-3.891	10.59	10.98	0.4358	2.208	-0.1075	-0.1546	0.5488	1.556	-2.242	1.005	-0.8902	0.2947	0.104	-3.932e-10	3.34e-10	7.86e-11
18	-7.81e+06	6.997e+05	9.982e+05	-7.113e+05	8932	1.237e+05	-7384	3835	1.915e+04	4474	-3265	1543	921.5	-629.8	29.44	-2.781	-160.8	46.25	-5.753	6.509	4.147	2.111	-0.7147	-2.09	-0.1368	1.542	-1.415	0.5235	-2.019	-0.8973	0.02624	0.006495	-3.957e-10	2.775e-10	6.658e-11
19	-7.271e+06	6.049e+05	9.274e+05	-4.552e+05	9.098e+04	-2.776e+04	-1.422e+04	1728	2.732e+04	6711	-3888	1153	-338.5	-314.9	93.05	-45.77	139.8	-325.8	35.92	1.547	-3.81	1.373	5.458	-8.456	4.08	-2.57	-1.621	-1.296	0.9965	0.02174	-1.151	-0.026	-3.112e-10	3.393e-10	1.092e-10
20	-6.818e+06	5.214e+05	8.143e+05	-1.525e+05	6.802e+04	-2.857e+04	-1360	-3674	2.124e+04	1.017e+04	-2463	2588	600.1	-386.1	182.6	27.72	-63.93	97.21	-7.556	4.954	8.337	-0.6247	1.907	-0.8072	2.535	-0.4604	-0.02169	-0.2775	-0.1806	0.4921	1.376	-0.2177	-2.89e-10	4.351e-10	1.124e-10
21	-7.834e+06	7.804e+05	8.184e+05	-5.47e+05	-3.863e+04	7.12e+04	2.54e+04	-1.6e+04	-5.712e+04	-8816	2852	-1064	227.3	-938.1	-74.7	-6.201	-20.41	96.68	16.98	-3.564	-3.703	-2.64	1.828	-0.6646	-1.66	1.633	2.162	0.1432	1.282	-0.6749	-0.7529	-0.06627	-4.308e-10	3.413e-10	7.29e-11
22	-7.919e+06	7.207e+05	9.638e+05	-5.955e+05	-6.96e+04	1.112e+04	2171	-9437	-6.346e+04	-1.188e+04	4755	-2038	-827.1	-1015	-336.1	20.01	44.14	24.41	30.17	7.734	4.894	1.88	0.7987	-1.767	0.7557	0.02946	-0.4201	0.5998	1.203	0.9332	0.6705	0.4759	-4.114e-10	3.395e-10	7.201e-11
23	-7.743e+06	5.885e+05	9.034e+05	3.935e+05	-3.585e+05	-3.913e+04	-7.636e+04	3.46e+04	2565	-1.926e+04	5968	1.204e+04	955.3	-79.69	-177.1	-42.68	-134.7	-21.49	-17.47	-5.767	-4.528	-0.07007	-3.145	-0.7372	-5.273	-0.9746	0.9131	1.034	1.778	-0.1125	-0.9656	0.1122	-4.941e-10	7.786e-10	5.928e-11
24	-7.326e+06	5.344e+05	8.28e+05	3.451e+05	-1.87e+05	-1.458e+05	-9.877e+04	3.242e+04	1255	-8113	6013	-5988	-3168	-148.5	-91	-22.62	106.9	66.35	-15.24	11.76	5.219	1.185	-2.728	-5.32	-1.815	-1.046	-1.067	-0.02999	-0.04847	1.085	-0.739	-0.3906	-3.615e-10	6.963e-10	1.119e-10
25	-8.176e+06	1.312e+06	1175	-6.448e+05	-4.983e+04	7.866e+04	5405	-2029	3994	1164	-879.2	121.6	277.2	4957	236.6	119.9	-111.7	53.57	2.861	-2.982	-1.483	-2.662	-0.4027	-1.17	-1.99	-0.6198	0.4583	1.526	-0.6623	-0.5619	0.101	0.358	-6.436e-10	2.633e-10	9.715e-11
26	-7.879e+06	7.071e+05	9.802e+05	-6.328e+05	-2.637e+04	2716	-7214	-6161	-1.478e+04	-4517	1246	-268.5	415.4	-546.9	-104.3	-40.59	174.1	-391	-46.15	5.047	4.41	-3.121	-0.9911	9.183	-0.4155	-0.4808	-0.3167	2.444	-1.018	-0.1274	0.2176	0.2686	-3.986e-10	3.177e-10	8.071e-11
27	-8.111e+06	1.027e+06	4.999e+05	-7.142e+05	-2377	7.415e+04	-7503	-195.9	-1.807e+04	-2616	-1192	-538.3	-431.4	2854	-487.3	-41.64	73.32	-37.7	-2.469	3.123	0.3657	3.315	-3.21	1.991	3.607	0.05532	0.2148	-2.966	1.709	1.235	0.3196	-0.3573	-4.821e-10	2.556e-10	9.066e-11
28	-7.823e+06	6.775e+05	1.007e+06	-5.733e+05	-4.194e+04	1.032e+05	-92.61	820.4	1.148e+04	1140	-770.4	780.1	526.6	-829.6	31.46	19.98	-140.7	77.27	8.891	-10.21	-12.3	-4.561	1.229	2.435	-1.137	1.43	0.7314	1.307	-0.8309	0.3007	1.077	-0.5781	-3.934e-10	3.453e-10	6.338e-11
29	-8.026e+06	5.901e+05	9.243e+05	-4198	-2.771e+05	-6103	2.905e+04	-8761	1.559e+04	6928	-5876	-6225	-4088	-577.6	300.1	25.42	-204.2	113.4	-8.421	11.8	1.184	-3.64	-2.111	0.3605	-2.145	0.06404	3.387	-0.1769	2.49	-1.12	-1.247	0.5684	-4.87e-10	6.467e-10	5.876e-11
30	-7.951e+06	6.37e+05	9.617e+05	5.58e+04	-2.905e+05	-1.112e+04	-2.513e+04	1.163e+04	2.27e+04	-6637	1.298e+04	4625	1174	-272.9	-42.74	23.12	-200.6	51.46	-10.58	2.66	-0.4096	-3.919	0.3158	-3.073	1.952	0.7358	2.73	-0.2268	1.634	-0.1854	0.9397	0.1409	-4.875e-10	6.51e-10	5.56e-11
31	-7.738e+06	6.936e+05	9.91e+05	-7.18e+05	1.346e+04	1.053e+05	-1829	-376.8	3021	1589	-1693	-203.8	226.3	-739.7	54.84	-25.42	21.69	-131.1	-3.866	-0.2359	-2.265	0.1077	-2.176	1.488	-4.282	2.709	0.2993	0.7394	-1.204	0.1267	-0.1104	-0.5917	-3.708e-10	2.691e-10	6.837e-11
32	-7.786e+06	6.285e+05	9.702e+05	-7.054e+05	5282	1.23e+05	-1.357e+04	1.065e+04	2.564e+04	3574	-4381	-805.4	148.2	-726	-40.86	-55.91	-206.2	45.69	13.75	2.608	0.3154	2.234	0.8394	-2.761	-0.3997	1.698	-1.974	-0.7177	-1.135	0.1393	-0.3198	0.1199	-3.645e-10	2.918e-10	7.052e-11
33	-5.464e+06	-1.335e+06	-4.422e+05	3.13e+04	5.601e+04	2.726e+04	4.298e+04	2.91e+04	4235	-5309	-578.4	4371	-6578	-208	-459.9	210.3	-167.7	-40.2	0.724	-13.07	6.113	-1.127	-1.811	3.405	-1.585	2.011	0.759	-2.726	0.6932	-0.0706	-0.487	-0.3986	5.258e-10	7.482e-10	2.097e-10
34	-5.098e+06	-1.698e+06	-6.785e+05	1.737e+04	5.716e+04	9.156e+04	2736	8481	728.2	1.017e+04	4917	660	-3559	10.11	-1336	54.94	-152.4	-27.04	-1.874	7.463	-2.464	-11.57	-5.962	-1.819	2.185	-2.853	3.468	-0.3432	-1.503	0.3772	-0.346	0.3132	6.643e-10	7.523e-10	2.295e-10
35	-5.199e+06	-1.588e+06	-6.456e+05	2.273e+04	2.772e+04	1.767e+05	-3274	-5.211e+04	-9029	-1450	1153	2442	-3519	-266.6	-259.4	39.2	-66.07	21.86	7.576	-8.47	12.12	-11.46	-5.543	-4.913	-2.993	-0.06386	-1.134	1.824	-1.47	0.7105	-0.08505	-0.3971	6.069e-10	7.272e-10	2.195e-10
36	-5.312e+06	-1.961e+06	-8.166e+05	8.859e+04	-5.066e+04	2.141e+05	-9.614e+04	-6.922e+04	-2899	2.572e+04	4537	-4710	-2548	18.48	8.806	63.4	160	16.07	-5.926	-1.955	-2.509	-5.392	6.473	-0.6856	1.122	0.4868	0.755	-1.293	-0.7612	0.3833	0.1724	0.2783	7.428e-10	8.047e-10	2.462e-10
37	-5.06e+06	-4.74e+05	-1.93e+05	7.204e+04	1.415e+05	-2.935e+04	3.677e+04	4408	-1591	-5156	3708	7598	-1.065e+04	340.2	565.5	-143.8	9.241	16.86	-0.8422	-1.395	1.58	4.731	9.482	0.8376	-10.11	-0.1768	-2.922	-0.4003	0.6989	0.1726	0.7521	0.3685	1.689e-10	5.594e-10	1.821e-10
38	-5.174e+06	-1.708e+06	-7.01e+05	8930	1.914e+04	1.914e+05	-3.337e+04	-1.498e+04	4184	-1.541e+04	3319	2203	-2266	-51.99	-298.4	-48.04	-196.6	-75.98	-5.244	-15.66	-1.94	9.509	3.363	0.8048	1.027	0.5274	-1.153	-0.8957	0.8128	-0.8679	0.3848	0.1724	6.576e-10	7.473e-10	2.212e-10
39	-5.24e+06	-1.92e+06	-7.993e+05	7911	1235	1.861e+05	-7.057e+04	-264.1	-7854	2.517e+04	9275	-5518	-2546	89.84	-241.5	-110.9	-72.56	-32.27	-4.764	-11.16	-0.7462	6.144	4.757	0.7865	2.331	-2.238	0.8474	0.4902	0.09672	-1.002	0.4657	0.06556	7.515e-10	7.797e-10	2.383e-10
40	-5.149e+06	-1.659e+06	-6.484e+05	326.2	3.675e+04	1.577e+05	-2817	-1.177e+04	5754	-5995	6333	-367.6	-4240	-179.9	-193.7	162.6	-139.3	-53.02	3.781	-11.11	2.529	3.781	-1.69	1.284	-0.3118	0.8012	-0.132	-0.5519	-0.04556	0.01298	-0.442	-0.2587	6.466e-10	7.398e-10	2.189e-10
41	-7.066e+06	4.694e+05	7.365e+05	3.434e+05	-2.124e+05	-1.659e+05	-1.336e+04	-2.403e+04	1591	-4685	1343	-1190	-1517	-70.92	-246.2	-193.9	263.2	57.23	12.38	-4.679	1.823	3.422	-13.87	4.923	3.911	2.03	-0.163	-3.331	-1.868	-1.665	0.682	0.2482	-3.563e-10	6.977e-10	1.053e-10
42	-6.774e+06	5.357e+05	7.988e+05	-4.036e+05	2.515e+04	2.117e+05	1345	4831	6082	6686	-9139	952	797.9	-560	99.85	-57.91	142.7	244.3	-16.11	-2.415	-3.986	4.174	-0.07886	-0.1247	-0.8458	0.6407	-0.5265	-0.202	-2.018	0.2295	0.1044	0.4944	-3.559e-10	3.329e-10	6.008e-11
43	-6.685e+06	2.579e+05	6.248e+05	2.61e+05	-1.918e+05	-1.546e+05	5.408e+04	-2.078e+04	1.938e+04	1.96e+04	1.195e+04	-3758	-616.2	22.66	155.4	149.1	108	-2.547	4.74	0.5155	8.506	-2.097	0.7021	4.861	-2.005	-2.382	-1.049	1.078	0.5251	0.6518	-0.3204	0.3544	-2.904e-10	6.885e-10	1.006e-10
44	-6.823e+06	4.857e+05	7.84e+05	5.02e+04	-1.031e+05	-1.96e+05	1.047e+04	-9144	2.08e+04	4145	4359	-942.9	-1399	-159.6	33.79	19.85	104.3	-84.47	38.5	-9.265	-6.805	-7.968	1.505	5.786	-0.1919	-2.4	0.09984	0.2382	-0.2125	-1.115	-0.2268	0.08541	-3.204e-10	5.57e-10	1.076e-10
45	-7.105e+06	2.55e+05	2.642e+05	4.377e+05	-3.384e+05	-2.968e+05	-4.926e+04	-7.257e+04	678.1	-3.367e+04	-1.189e+04	-4910	-1065	803.9	-61.03	22.61	-73.67	-1.248	6.8	0.7752	1.865	-0.02914	-0.18	-0.646	-0.8093	2.181	-2.074	1.175	-1.11	-0.171	-0.9257	-0.09428	-2.575e-10	7.84e-10	1.488e-10
46	-7.093e+06	-3.073e+05	1.998e+05	5.381e+05	-4.738e+05	-1.175e+05	6.607e+04	-1.382e+04	-1.102e+04	-1407	5564	-1.82e+04	-1631	62.34	147.8	101.1	-248.8	-108.8	-15.56	9.966	-12.03	4.195	5.438	-2.821	-2.312	1.556	0.5009	-1.409	-1.396	-0.2702	0.7097	-0.3003	-1.196e-10	9.811e-10	1.004e-10
47	-6.942e+06	2.089e+05	6.049e+05	7.253e+05	-4.655e+05	1.321e+05	-4.962e+04	2.566e+04	-1.224e+04	3.91e+04	-3.088e+04	3030	-2668	319	-50.29	-52.57	210.8	6.273	11.85	6.725	-1.223	2.759	3.966	3.674	-1.421	1.479	0.1642	1.033	0.0564	0.9066	-0.2645	0.01194	-4.192e-10	9.149e-10	3.713e-11
48	-6.974e+06	3.759e+05	7.159e+05	2.28e+05	-2.24e+05	-1.249e+05	9836	3563	5518	-2702	-6278	4458	615.7	-114.2	-196.6	-8.957	-78.76	2.801	9.28	-7.518	-3.065	-10.74	3.792	2.463	2.043	-0.9313	0.0637	-0.2089	0.2298	1.791	1.02	-0.03955	-3.286e-10	6.786e-10	8.723e-11
49	-6.864e+06	6.838e+05	6.491e+05	-3.067e+05	9336	964.3	1.308e+04	-9665	-3616	2531	163.7	-438.7	-210.1	566.6	120.6	9.173	186.2	111.8	-9.282	-6.341	-3.672	-0.77	0.7054	-0.145	-1.996	-2.816	-0.8114	0.1981	-0.7074	-0.5706	-1.291	-0.9852	-3.461e-10	3.632e-10	9.222e-11
50	-7.019e+06	7.511e+05	5.572e+05	-3.013e+05	-1.081e+04	-1.404e+04	5829	-6811	-1.161e+04	-368.1	567.8	1172	532.7	-725.8	-24.17	-17.93	178	121.5	-27.83	-7.49	-3.985	-0.745	4.938	-1.694	2.31	-4.924	-1.338	-2.554	0.7492	0.4863	-0.5762	-0.0004738	-3.872e-10	3.711e-10	9.586e-11
51	-6.889e+06	2.966e+04	4.902e+05	2.54e+05	-3.07e+05	1.356e+05	4.923e+04	8477	1.204e+04	4166	1.725e+04	-8837	910.4	93.51	189.3	107.1	47.31	-18.15	-3.065	-14.45	9.689	7.577	-2.705	-4.825	5.943	1.248	-0.3795	2.302	1.424	1.36	0.1818	-0.1506	-2.711e-10	7.61e-10	5.557e-11
52	-6.827e+06	2.351e+05	6.151e+05	-7957	-1.615e+05	2.909e+04	8691	1.687e+04	-457.1	-4346	-1.436e+04	-4168	-1159	-370.6	-135.8	-50.99	-89	60.76	-3.977	-22.57	-3.538	7.031	-4.027	4.118	6.616	-1.989	-0.4906	2.976	1.195	-0.2906	-0.4619	0.1823	-2.71e-10	5.85e-10	7.945e-11
53	-6.798e+06	4.716e+05	7.319e+05	2.973e+05	-2.123e+05	-2.086e+05	-1.809e+04	4778	-5460	-1.238e+04	1.054e+04	4571	1114	-76.21	-240.6	13.5	49.42	20.94	2.522	-6.379	2.011	1.456	-2.56	-0.09292	-2.625	-4.087	-1.36	-1.506	-0.6783	-0.08021	1.447	-0.06901	-3.327e-10	6.668e-10	9.782e-11
54	-7.272e+06	3.638e+05	3.151e+05	8.877e+05	-6.039e+05	2.674e+05	5.824e+04	-5804	-2.172e+04	2.265e+04	3189	1.443e+04	6591	281.4	55.79	45.5	86.17	-91.74	0.3207	-2.534	4.75	1.534	1.636	-4.592	-0.3955	1.621	0.2779	-0.7719	-0.8889	-1.746	-0.2979	-0.2099	-5.72e-10	1.031e-09	-3.164e-12
55	-6.768e+06	5.243e+05	7.982e+05	-1.83e+05	-3.643e+04	3822	1.571e+04	-8005	1.207e+04	6193	601	-2441	-1110	-482	173.4	-13.99	160.9	105.7	8.267	0.7231	3.957	3.316	-3.506	0.5786	-1.692	-1.163	-0.7696	-0.6719	-0.6825	-0.09771	-0.07752	0.1701	-3.373e-10	4.374e-10	8.291e-11
56	-6.865e+06	1.231e+05	5.48e+05	2.015e+05	-2.779e+05	-1.418e+05	1439	1.182e+04	-1810	6032	8697	1632	3213	62.85	-270.3	71.59	-219.2	-19.38	1.301	-3.2	-3.208	-1.973	4.858	0.7088	0.3928	1.053	-1.331	-0.2534	-0.7799	1.482	0.5671	0.161	-2.274e-10	7.123e-10	9.4e-11
