#Component	1	2	3	4	5	6	7	8	9	10	11	12	13	14	15	16	17	18	19	20	21	22	23	24	25	26	27
#Std. deviation	3.471	2.289	1.664	1.502	1.23	1.092	0.642	0.5862	0.5025	0.4972	0.3566	0.354	0.3077	0.2566	0.2485	0.2314	0.2101	0.1902	0.1797	0.1588	0.1347	0.1238	0.1117	0.08375	0.07633	0.05001	0.01835
#Proportion of variance explained	0.4462	0.1941	0.1025	0.08359	0.056	0.04417	0.01526	0.01273	0.009353	0.009155	0.00471	0.004641	0.003507	0.002439	0.002286	0.001982	0.001635	0.00134	0.001196	0.000934	0.0006715	0.0005677	0.0004624	0.0002598	0.0002158	9.261e-05	1.247e-05
#Loadings	1	2	3	4	5	6	7	8	9	10	11	12	13	14	15	16	17	18	19	20	21	22	23	24	25	26	27
c2	-0.1936	-0.2159	0.268	-0.1417	0.1102	-0.02572	0.1318	-0.01744	0.252	-0.1551	0.1234	0.1306	0.02258	-0.2145	-0.03827	-0.0007079	-0.1925	0.04893	0.2058	0.02219	0.03941	0.02211	0.044	0.07883	0.05511	-0.7257	-0.05879
c3	-0.2416	-0.04411	-0.2306	0.1372	-0.2004	0.08308	-0.03699	-0.01249	0.1307	-0.05359	0.2306	-0.005566	0.08585	-0.1369	0.04777	0.1407	0.04646	0.3335	-0.1298	0.1193	-0.05975	-0.4172	0.5993	0.08721	0.0592	0.07204	0.008145
c4	-0.2686	-0.1412	0.04014	0.005886	-0.03393	0.007114	-0.03384	0.0291	-0.0878	0.1441	-0.08993	-0.203	-0.004017	-0.05735	0.04572	0.2013	0.1099	0.04667	-0.08923	-0.2547	-0.1484	0.171	-0.004503	-0.03114	-0.03713	-0.1163	0.7907
c5	-0.2095	-0.04536	-0.2781	0.134	-0.2656	0.1204	-0.1106	0.1242	0.2286	-0.3789	-0.1336	-0.01923	-0.1635	-0.05278	-0.0687	-0.09901	0.4991	-0.1626	0.3034	0.2005	0.03723	0.2672	-0.06587	0.01894	0.04938	-0.01786	-0.0007138
c6	-0.1728	-0.2199	0.3148	-0.1433	0.0852	-0.02817	0.03352	0.00816	0.2021	-0.207	-0.148	0.1437	-0.06489	0.344	0.1168	-0.229	0.2573	-0.05617	-0.6003	0.1278	-0.09459	-0.145	-0.02851	0.0003939	0.009293	0.03148	0.008067
c7	-0.2482	-0.1861	0.08788	-0.02075	-0.04145	0.04085	0.01041	0.07192	-0.1848	0.05833	-0.3515	-0.1036	-0.1074	0.2684	-0.1013	-0.1517	-0.009117	0.1328	0.4493	-0.175	0.06115	-0.57	-0.1241	-0.03715	0.02151	0.03054	-0.03472
c8	-0.1646	0.324	0.1206	-0.02667	-0.02505	0.1582	-0.06261	0.08038	0.3244	0.2329	-0.04879	-0.08702	0.04039	0.05921	-0.04202	0.07938	-0.06169	0.05536	-0.03687	-0.01616	0.1182	0.006074	-0.2194	0.6401	0.379	0.09905	0.01344
c9	-0.1784	0.3074	0.1065	-0.01487	-0.04746	0.1045	0.01815	0.07755	0.2334	0.3399	0.05203	0.1513	0.1702	0.01222	0.3784	-0.1617	0.1026	-0.4968	0.1809	-0.1646	-0.1009	-0.1065	0.2167	-0.2332	-0.08722	-0.02546	-0.01557
c10	-0.1601	0.3266	0.1263	-0.02124	-0.02911	0.1454	-0.07607	0.04626	0.3291	0.1776	-0.06347	-0.2386	-0.09977	0.03952	-0.3057	0.1156	-0.04872	0.3082	-0.0994	0.2182	0.0344	0.03456	-0.131	-0.4657	-0.3167	-0.06534	-0.08046
c11	-0.1873	0.2929	0.08431	0.02117	0.01752	0.02521	0.01787	-0.1727	-0.2259	-0.3131	-0.03944	-0.02539	0.7324	-0.1145	-0.2062	-0.2073	0.1094	0.07886	-0.02232	-0.03904	-0.1174	-0.02388	-0.1316	-0.03347	0.02885	-0.005449	0.01968
c12	-0.1647	-0.2326	0.2644	-0.1657	0.1356	0.162	0.2645	-0.1342	0.2527	-0.2116	0.2086	-0.01548	-0.02907	-0.2237	-0.04341	0.05914	-0.1365	-0.02415	0.2159	-0.1061	0.00238	0.08487	-0.0268	-0.07025	-0.06194	0.6199	0.04644
c13	-0.1847	-0.2533	0.1523	-0.05038	0.02516	0.3193	-0.1726	-0.007469	-0.2689	0.1879	0.1876	-0.1823	0.06659	0.06723	0.03144	0.2762	0.333	0.03741	-0.05591	-0.2476	-0.1049	0.2135	0.009535	0.04694	-0.02594	-0.0672	-0.4904
c14	-0.2278	-0.0273	-0.2016	-0.1827	0.1468	-0.1491	0.3104	0.1724	-0.1861	0.3823	0.2086	0.1966	-0.08042	-0.3611	-0.03589	-0.2052	0.3165	0.1298	-0.06462	0.2146	0.04403	-0.09538	-0.2814	0.02548	-0.02952	0.0369	-0.002001
c15	-0.1719	-0.06962	-0.4035	-0.1189	0.03427	-0.05356	0.378	0.3033	0.1461	-0.01509	-0.4008	0.1201	0.2191	0.1321	0.0855	0.1296	-0.1996	0.1583	-0.0945	-0.259	-0.03275	0.2652	0.07793	-0.03244	-0.04414	0.02927	-0.2033
c16	-0.1841	0.2947	0.006831	-0.1507	0.1158	0.05267	0.06699	0.1182	-0.2368	-0.1008	0.07169	0.02201	-0.3742	0.03825	-0.5032	-0.2446	-0.07199	-0.1764	-0.1061	-0.2495	-0.03594	0.1256	0.3979	0.05016	0.08712	-0.0141	-0.007562
c17	-0.1917	0.2995	0.04169	-0.07978	0.08871	0.0352	0.026	6.407e-05	-0.2412	-0.1974	0.02134	0.1784	-0.2406	0.1233	0.3133	0.2536	-0.1321	0.14	0.1579	0.2701	-0.5514	0.03863	-0.1143	-0.05846	0.1824	0.01403	-0.01534
c18	-0.1915	0.2996	0.05993	-0.001095	0.1299	0.0164	-0.00994	-0.03959	-0.2016	-0.2816	-0.002071	0.1046	-0.1304	-0.01439	0.359	0.1828	0.07575	0.09343	-0.04875	-0.1217	0.6445	-0.02383	-0.003447	0.07236	-0.2944	-0.02186	0.02961
c19	-0.155	-0.0273	-0.371	-0.2915	0.2125	-0.05884	0.02944	-0.000296	0.01561	-0.1429	0.2272	-0.5489	0.07785	0.1595	0.03609	0.132	-0.1359	-0.4042	-0.07001	0.1711	0.04735	-0.2029	-0.1174	-0.004564	0.004239	-0.07809	-0.006013
c20	-0.1477	-0.04097	-0.3198	-0.2596	0.2015	0.02802	-0.3063	-0.6907	0.1147	0.1634	-0.2123	0.303	-0.04771	0.00218	-0.1026	0.04045	0.01711	-0.01122	0.02347	-0.03208	0.009084	0.02801	0.02092	-0.006786	0.004994	0.004041	0.0004391
c21	-0.08155	-0.03922	-0.05386	0.4819	0.4963	0.03884	-0.01639	0.03244	0.0634	0.004616	0.01104	-0.009358	-0.01861	-0.03139	0.01675	0.02475	0.03693	0.0129	-0.06278	-0.07407	0.1772	-0.00509	-0.03113	-0.3774	0.5614	-0.0001027	-0.01227
c22	-0.08099	-0.04202	-0.05266	0.4844	0.4918	0.03975	-0.01438	0.0342	0.06422	0.03043	-0.02359	0.002373	0.006659	0.07283	-0.06977	-0.07847	-0.02951	-0.05409	0.08004	0.0973	-0.2444	0.000914	0.03454	0.3631	-0.5244	0.002617	0.00361
c23	-0.235	-0.1343	0.1939	0.1398	-0.1416	-0.03157	0.05542	0.04464	-0.2373	0.1338	-0.2717	0.1905	0.1226	-0.08175	-0.2399	0.3876	-0.1561	-0.4016	-0.06617	0.4344	0.1761	0.01202	0.1105	-0.002285	0.02338	0.08156	-0.02063
c24	-0.2599	-0.145	0.02455	0.007103	-0.05521	0.06984	-0.1745	-0.05013	-0.1701	0.1426	-0.03671	-0.2355	0.026	0.02498	0.2923	-0.5275	-0.3346	0.1544	0.02611	0.2919	0.1441	0.3549	0.1531	-0.0002198	0.04744	0.06751	-0.01656
c25	-0.2025	0.07084	0.08462	0.1931	-0.1539	-0.4904	-0.03328	-0.1902	0.05249	-0.0458	-0.2301	-0.2937	-0.2178	-0.4385	0.1189	-0.01045	-0.04707	-0.09515	-0.1679	-0.2219	-0.1781	-0.05902	-0.08209	0.03899	-0.01429	0.03245	-0.2768
c26	-0.19	0.0222	-0.02519	0.3028	-0.2888	-0.2469	0.4135	-0.3822	0.01303	0.09951	0.3474	0.03526	-0.03321	0.4793	-0.0803	0.002709	0.01237	0.01798	0.05334	-0.05011	0.07191	0.1399	-0.08522	-0.002893	0.007413	-0.04969	-0.006754
c27	-0.2004	-0.111	-0.2023	0.1799	-0.2651	0.2692	-0.2711	0.144	-0.01749	-0.1	0.2436	0.3056	-0.05501	-0.07403	-0.04423	-0.0874	-0.3833	-0.1212	-0.2319	-0.2187	-0.03712	-0.12	-0.4048	-0.06673	-0.09231	-0.0152	0.003256
c28	-0.1672	-0.04294	0.07636	-0.1164	0.09357	-0.6107	-0.4877	0.3025	0.09145	-0.004557	0.2357	0.1624	0.1485	0.1862	-0.1024	0.0856	0.01039	0.08211	0.1642	-0.04754	0.03749	0.1012	0.03692	-0.03123	-0.01031	0.157	-0.008409
#Scores	1	2	3	4	5	6	7	8	9	10	11	12	13	14	15	16	17	18	19	20	21	22	23	24	25	26	27
1	-3.826	-1.192	-3.841	-0.7089	-0.2707	-0.09804	0.6006	0.6921	0.65	-0.1186	-0.7527	-0.06529	0.3073	-0.001555	0.2131	0.09116	0.006091	0.5015	-0.1245	-0.06831	-0.02346	-0.1472	0.3612	0.007097	-0.01824	0.07727	-0.0001617
2	-4.432	-0.8383	-4.232	-1.165	-0.1981	0.1388	0.4235	0.4697	0.602	-0.5237	-0.4839	-0.2844	0.04275	0.09721	0.1738	0.1867	-0.07201	0.03114	-0.07446	-0.003749	-0.0264	-0.2612	0.4912	0.03916	0.03135	-0.03109	-0.00395
3	-3.998	-1.068	-3.819	-1.153	0.463	-0.1952	0.4877	0.3117	0.5709	-0.1903	-0.8615	-0.1427	0.259	0.1757	0.05974	-0.04061	-0.08115	-0.2089	0.08177	-0.1371	0.04688	0.2568	-0.4645	-0.1137	-0.06959	-0.0519	-0.01861
4	-5.798	-1.616	-6.454	0.3816	-2.64	1.591	-0.8954	1.331	2.089	-2.526	-0.4909	0.3383	-0.4129	-0.3458	-0.06724	-0.1902	1.064	-0.5394	0.4779	0.3557	-0.04474	0.06123	-0.004006	0.03326	0.07657	-0.01104	0.01059
5	-4.916	0.6441	-2.768	-2.656	1.753	-0.943	0.6298	0.2207	-1.204	0.01389	0.1221	0.1099	-0.5926	0.2983	-0.1195	-0.08615	-0.01446	-0.09757	-0.1938	-0.04499	0.01378	0.04245	-0.04306	-0.006862	-0.02885	-0.03146	-0.01696
6	-3.857	-1.049	-4.091	-1.257	-0.003316	-0.1724	0.4276	0.4404	0.5784	-0.3693	-0.8156	-0.4496	0.2046	0.384	0.1431	0.1932	-0.2325	-0.1581	-0.0846	-0.09403	0.04302	0.006478	-0.007975	-0.05637	-0.03847	-0.03444	-0.01389
7	-4.256	-1.18	-4.538	-0.7042	-0.6027	0.3088	0.1937	0.6789	0.9622	-0.8194	-0.82	-0.2053	0.07075	0.1558	0.1299	0.05538	0.06247	-0.2162	0.08722	-0.03503	0.01449	0.08362	-0.02536	-0.04021	-0.01208	-0.03217	-0.005129
8	-3.781	-1.051	-3.85	-1.302	0.1319	-0.3647	0.7848	0.5929	0.3928	0.05176	-0.6252	-0.3912	0.2997	0.1515	0.2003	0.142	-0.1539	0.2004	-0.2304	-0.01126	0.03978	-0.2243	0.1373	-0.007468	-0.04422	0.01716	-0.01374
9	-3.794	-1.5	-1.778	-2.408	1.441	-0.5843	-0.5936	-0.6737	0.3936	0.8672	0.6344	-0.1634	0.5026	0.0003987	0.149	0.243	0.3516	-0.0258	0.04457	-0.07671	-0.02005	0.1391	-0.1052	0.04661	-0.03055	0.03498	-0.004281
10	-5.518	0.7418	-0.5414	8.523	5.515	-1.411	0.1973	-1.014	-0.3533	-1.271	-0.04576	-0.168	-0.3024	-0.2055	0.9877	0.325	0.4204	0.223	-0.2573	-0.2772	1.075	-0.0961	-0.1489	-0.108	-0.03857	-0.01533	0.03528
11	-3.58	-1.383	-3.177	-2.364	1.324	-0.3541	-0.8552	-1.588	0.3186	0.9561	-0.02258	0.07023	0.2595	-0.01456	0.009266	0.2482	0.2775	0.1519	-0.09022	0.2207	0.07109	-0.02722	0.1003	0.03001	-0.01691	0.02514	-0.008923
12	-3.195	-0.06893	0.09604	1.405	-1.704	-1.777	-0.1251	-0.6186	-0.008042	-0.1058	-0.4385	-0.665	-0.5285	-0.7836	0.1818	0.03564	0.07163	-0.2856	-0.2087	-0.1001	-0.2545	0.1337	-0.2305	-0.0574	-0.07901	0.05294	-0.04138
13	-4.24	-1.802	-1.884	-2.072	1.687	-0.4771	0.7536	0.273	0.2996	0.7924	1.355	-0.2102	0.2356	-0.9878	0.07621	0.1126	0.4354	0.5579	0.00527	0.3083	-0.008838	-0.3091	0.09967	0.1327	-0.00789	-0.03485	-0.01495
14	-3.473	0.2131	0.2958	1.642	-1.444	-1.865	0.08691	-0.802	0.1012	0.1252	-0.2465	-0.694	-0.1102	-0.6979	0.1159	-0.043	0.06963	-0.1901	-0.2193	-0.1138	-0.3014	-0.0001762	-0.1236	-0.0963	-0.03528	-0.02945	-0.05645
15	-3.726	-1.295	-2.881	-1.938	0.884	-0.1204	0.01565	-0.4316	0.3016	0.9948	0.02603	0.0932	0.4011	-0.3261	0.2496	0.08197	0.3559	0.3159	-0.1659	-0.02188	-0.01665	0.1106	-0.03713	0.06944	-0.05059	-0.01255	-0.006549
16	-4.671	0.2436	-0.7542	2.902	-3.436	-1.734	0.9939	-1.756	0.404	-0.2355	1.014	-0.304	-0.3984	0.2998	0.1563	0.05724	0.1947	-0.1074	-0.1565	-0.2146	-0.2387	-0.105	0.1604	0.07299	0.06618	-0.05377	-0.03934
17	-3.582	-2.095	-0.3158	-2.563	1.711	-1.501	-1.299	0.1224	0.6095	-0.01405	1.622	-0.6828	0.5259	0.5642	-0.1257	0.4899	0.1821	-0.294	0.3077	-0.0672	0.05215	0.2417	-0.2406	-0.06295	-0.0812	0.2327	-0.002157
18	-3.075	-0.7524	1.182	0.2371	-0.4414	-3.518	-1.242	0.345	0.1482	0.01348	-0.2283	-0.1081	-0.2239	-0.4483	0.2378	0.1574	-0.1174	-0.04784	-0.2904	-0.166	-0.1632	0.1586	-0.006017	0.07543	-0.01583	0.0174	-0.04521
19	-3.305	-1.507	-1.807	-2.024	1.132	-0.4492	-0.4736	-0.2311	0.2174	0.4064	0.7135	-0.8223	0.4752	0.2242	0.1209	0.4142	0.2177	-0.186	-0.03887	-0.01683	-0.01627	0.02292	-0.07144	0.01011	-0.04949	-0.03557	0.005257
20	-4.043	0.007188	-0.4723	2.538	-2.881	-1.742	0.5948	-1.724	-0.1649	-0.9749	0.4701	-0.5666	-0.01232	-0.07851	-0.1087	0.001359	0.3221	0.01692	-0.09998	-0.1534	-0.2163	0.09109	0.04602	0.16	0.1065	-0.04413	0.01541
21	-4.001	-1.348	-2.934	-0.7383	1.908	-0.04245	0.3896	0.02595	0.5672	1.174	-0.05896	0.3042	0.4246	-0.4547	0.3452	-0.04375	0.3733	0.5106	-0.1204	-0.07096	-0.08382	0.1463	0.1679	-0.02163	0.1015	0.02592	-0.01944
22	-3.439	0.08316	0.1981	1.746	-1.363	-2.096	0.1715	-0.9366	-0.2292	-0.2581	-0.1959	-0.5414	-0.1304	-0.4803	0.3207	0.0924	-0.004519	-0.1164	-0.2684	-0.2836	-0.1082	0.0124	0.06681	0.1601	0.02898	0.03447	-0.004656
23	-3.083	-1.483	-1.39	-1.882	1.082	-0.773	-0.7218	-0.01837	0.2103	0.3	0.8672	-0.7193	0.4219	0.3403	0.05423	0.3847	0.1748	-0.03869	0.05131	0.02458	0.02042	0.01081	0.0538	0.004813	-0.0354	0.07572	-0.001943
24	-3.194	-0.4224	1.425	0.2157	-0.3715	-3.439	-1.473	0.2454	0.08803	-0.3671	-0.2794	-0.1194	0.1774	-0.3434	0.2272	0.1884	-0.1742	-0.04909	-0.2072	-0.2563	-0.1814	0.1962	0.01686	0.01372	-0.04049	0.02929	-0.0277
25	-3.894	-1.972	-1.287	7.55	5.652	1.663	-0.8527	0.8701	0.323	0.3298	0.2962	0.1639	0.03659	-0.004368	-0.3671	0.02352	0.02359	-0.2	-0.3445	-0.02616	-0.3187	0.07765	0.03355	-0.386	0.6056	0.007505	-0.03416
26	-2.425	-1.356	-0.3576	0.5352	-1.097	0.8249	-0.3479	0.3957	-0.5061	0.183	-0.06064	-0.03483	0.04211	-0.04479	-0.03829	0.3638	0.2773	-0.07514	-0.1018	0.006822	0.001581	0.5349	0.04887	0.01739	-0.02834	-0.03503	0.01857
27	-2.617	-1.399	-0.3563	0.7232	-0.8099	0.8769	-0.2538	0.3996	-0.5058	0.1996	0.1175	0.1113	0.2457	-0.1893	-0.09583	0.3384	0.04878	0.03749	-0.2506	-0.09585	-0.05909	0.3354	0.005717	-0.009777	-0.03469	-0.0323	0.01911
28	-3.57	-1.628	-1.628	1.257	-2.236	1.712	-1.219	0.5704	-0.1817	-0.4404	0.7454	0.812	-0.04809	-0.4678	-0.1097	0.4117	-0.2718	0.1153	-0.5839	-0.2091	-0.1877	-0.2257	0.03252	0.003979	-0.1126	0.03906	0.03908
29	-2.279	-1.73	1.109	-0.1842	-0.1977	0.663	0.07509	-0.03541	-0.3637	0.2326	0.1122	-0.09111	0.04331	-0.06111	0.05438	0.3334	0.1729	-0.08917	-0.346	0.0086	-0.01282	0.3727	0.04573	0.03248	-0.05173	-0.05722	0.02203
30	-3.007	-1.554	-0.8714	1.182	-1.984	1.654	-1.347	0.5318	-0.3232	-0.4608	0.6784	0.2916	-0.09995	-0.4372	-0.1551	0.4262	0.1369	-0.1326	-0.2977	-0.08564	-0.1032	-0.07585	0.07408	0.04458	-0.06786	-0.03934	0.04105
31	-2.691	-1.393	-0.3406	0.8725	-0.8668	0.9095	-0.3369	0.2762	-0.5497	0.2052	0.2697	0.1456	0.1651	-0.05615	-0.02344	0.3653	-0.04604	0.05654	-0.3612	-0.1336	0.0172	0.2569	0.03215	-0.002164	-0.07199	-0.02711	0.02305
32	-2.181	-1.655	1.269	-0.2085	-0.1643	0.7257	-0.08804	-0.04813	-0.2582	0.09065	0.00774	-0.18	0.2052	-0.001517	0.05303	0.3419	0.1115	-0.1751	-0.276	-0.06917	-0.09231	0.3882	0.1454	0.01593	-0.01257	-0.05966	0.02461
33	-9.345	9.568	2.282	-0.4374	-0.07426	1.82	-0.3925	0.6391	2.021	1.918	-0.158	-0.4845	0.1566	0.1396	0.1715	-0.03719	-0.0907	-0.14	-0.06314	0.03447	-0.1393	-0.08807	-0.2165	-0.1344	0.08464	-0.02841	0.08607
34	-8.82	9.086	1.853	-0.9746	0.5577	0.8306	-0.2788	-0.0203	-0.6502	-0.493	0.04585	0.9028	-1.088	0.4355	1.804	1.063	-0.1864	0.2889	0.4963	0.4204	-0.6167	-0.0237	-0.08584	-0.1051	0.02515	0.008164	-0.001813
35	-8.063	7.732	1.67	-0.369	-0.05474	1.126	-0.1048	0.3077	0.8391	0.522	-0.0367	-0.3558	-0.2008	-0.1489	-0.4668	-0.04821	0.02561	0.1093	-0.08663	-0.02699	0.1856	0.02147	-0.1335	0.09446	-0.0114	0.005312	-0.03811
36	-7.981	7.943	1.642	-0.3225	-0.4558	1.296	-0.3742	0.3259	0.9605	0.4463	-0.1817	-0.4547	-0.1354	0.04176	-0.3905	-0.09639	0.01967	-0.1852	-0.1021	-0.2299	0.3155	0.03024	0.06568	0.1824	-0.0009762	-0.02691	-0.006534
37	-7.119	5.61	1.551	-1.225	0.6394	-0.862	0.02611	0.8973	-0.279	0.8914	0.5238	0.7628	-0.04486	-0.4031	0.2513	-0.7528	0.5207	-0.7979	0.149	-0.4494	-0.02828	-0.06404	0.374	-0.2097	-0.1399	0.0122	0.03005
38	-7.436	6.908	1.487	-0.4276	-0.2354	0.7207	-0.1839	0.2329	0.4535	0.1883	-0.04782	-0.3545	-0.2833	-0.0549	-0.5222	-0.05841	-0.01009	0.08306	-0.1232	-0.1132	0.1346	0.05159	0.2203	-0.164	-0.171	-0.02863	-0.02172
39	-7.815	7.166	1.213	0.2984	0.1217	1.143	-0.3214	0.1342	0.4735	-0.2435	-0.1053	-0.5191	-0.3858	-0.08162	-0.7682	0.2019	-0.09158	0.6487	-0.2976	0.1642	0.07423	-0.03054	0.1025	0.192	0.1127	0.05073	-0.0008408
40	-7.341	6.957	1.577	-0.4535	-0.1611	0.7649	-0.2378	0.1564	0.3355	0.006513	-0.1761	-0.3976	-0.4321	0.06303	-0.5792	0.06313	-0.1646	0.1744	-0.1297	-0.0781	0.1206	0.2359	-0.1191	0.06419	-0.0211	-0.00603	-0.00614
41	-2.422	-2.089	1.652	-0.5141	0.09262	0.6925	0.3027	-0.041	-0.03282	-0.08589	-0.1934	-0.02776	-0.009845	0.1194	0.01885	0.04463	0.004573	-0.07255	-0.1569	0.05282	0.0123	0.005786	0.03767	-0.01164	-0.004392	0.04913	-0.001866
42	-2.151	-1.795	1.348	-0.2591	-0.1239	0.6989	0.03449	-0.05252	-0.2904	0.05752	-0.2206	-0.1778	0.007152	0.1703	-0.03891	0.2028	0.009851	-0.1131	0.03009	-0.007135	0.0346	0.02466	0.07812	-0.01069	0.005489	0.02836	-0.003567
43	-2.345	-2.095	1.833	-0.5857	0.1597	0.6113	0.3044	-0.04946	0.04968	-0.1771	-0.2259	-0.01997	-0.03408	0.2047	0.02183	-0.02606	0.07799	-0.1151	-0.2062	0.1203	0.0153	-0.03636	0.03455	-0.0109	0.01045	0.05865	-0.004914
44	-1.738	-1.283	0.332	0.202	0.03192	0.7967	-0.4444	0.1877	-0.4041	0.2304	-0.006632	-0.4774	-0.1004	0.2155	0.2919	-0.4749	0.08802	0.4501	0.1883	-0.3216	-0.1	0.004534	-0.01416	0.009604	-0.02629	-0.01716	0.001602
45	-2.503	-2.154	1.574	-0.1679	0.3729	0.8984	0.2151	-0.05014	0.101	-0.1777	0.0603	-0.02852	-0.003344	-0.2023	-0.0832	0.1657	-0.2503	-0.04315	0.2254	-0.07465	0.006387	-0.01397	0.07538	-0.00203	-0.01318	-0.02992	-0.006749
46	-2.637	-2.306	1.825	-0.5496	0.3948	0.788	0.4451	-0.03954	0.1285	-0.1405	0.02245	0.02333	-0.02262	-0.2299	-0.03067	0.01809	-0.107	-0.02676	0.117	0.08269	0.04581	0.05772	0.01246	0.0127	0.002082	-0.1081	-0.009082
47	-2.658	-1.469	-0.5701	0.6035	-1.282	1.015	-0.4526	0.5467	-0.4063	-0.04583	-0.07216	0.1399	-0.04805	-0.06001	-0.1767	0.2124	0.05959	-0.02954	0.1546	-0.01059	0.06937	-0.07128	-0.02664	-0.01233	-0.02174	0.043	-0.007202
48	-2.269	-1.285	-0.9848	-0.1809	-0.484	0.984	-0.9836	-0.3206	-0.2191	0.1904	-0.3027	-0.1242	-0.1611	0.132	0.1832	-0.416	0.1894	0.3796	0.2879	-0.31	-0.03425	0.1317	-0.04364	-0.02056	-0.001038	-0.02697	0.002795
49	-2.397	-2.11	1.731	-0.5496	0.1085	0.7139	0.348	-0.05838	0.07806	-0.1857	-0.06836	0.006769	-0.03468	0.01475	-0.01143	0.02106	-0.0586	-0.06398	-0.06605	0.04058	0.0211	-0.06445	0.02062	-0.01041	-0.006088	0.05081	-0.005115
50	-2.852	-2.658	2.451	-0.9918	0.4643	0.7178	0.715	-0.1657	0.5312	-0.5039	0.00129	0.1814	-0.08613	-0.00308	0.02769	-0.09596	0.06376	-0.09953	-0.2817	0.1196	-0.02905	-0.02494	-0.01582	-0.006478	-0.009371	0.0789	0.001535
51	-2.729	-2.309	1.931	-1.002	0.5032	0.7715	0.1849	-0.7768	0.3754	-0.3871	-0.2539	0.2935	-0.0835	0.1099	0.0003199	0.1103	-0.0431	-0.08747	-0.0487	0.01969	-0.05056	0.03899	0.06816	-0.02262	0.01594	0.03176	0.001746
52	-2.182	-1.706	1.039	-0.1139	-0.2861	0.7419	-0.01297	0.03977	-0.3996	0.1648	-0.07183	-0.1642	0.01203	0.01316	-0.08344	0.231	-0.038	-0.04707	0.1749	-0.04236	0.06116	0.007889	0.04025	-0.004625	-0.006547	0.002495	-0.004896
53	-2.601	-1.601	0.04398	1.397	-0.04082	0.9539	-0.3473	0.2189	-0.4835	0.3046	0.1621	0.005331	-0.004887	0.1544	-0.1846	0.2134	-0.1395	-0.003461	0.05258	-0.08708	-0.01077	-0.1513	0.01515	-0.01149	-0.01428	0.02496	-0.01044
54	-2.57	-1.494	-0.276	1.081	-0.3835	0.9124	-0.3575	0.4527	-0.5197	0.271	-0.08476	0.04582	-0.01624	0.03688	-0.1593	0.1562	0.05664	0.003966	0.08977	0.009525	0.02545	-0.06291	-0.02934	-0.006976	-0.01567	0.03509	-0.01133
55	-2.393	-2.149	1.849	-0.5506	0.1184	0.7501	0.2944	-0.1427	0.08909	-0.2364	-0.1267	-0.06325	-0.02251	0.1001	-0.01346	0.1145	-0.055	-0.1217	-0.04164	-0.0005345	0.006716	0.0113	0.07486	-0.0127	0.001374	0.03846	-0.001561
56	-2.095	-1.693	1.214	-0.1584	-0.2079	0.6561	0.01093	-0.0664	-0.3874	0.1447	-0.2152	-0.2087	0.0123	0.2309	-0.05467	0.224	0.02552	-0.1092	0.07078	-0.01006	0.05318	0.04742	0.07138	-0.009752	0.009004	0.01303	-0.005343
57	-2.446	-2.092	1.64	-0.5415	0.1149	0.6995	0.2662	-0.06983	-0.06394	-0.06321	-0.1159	-0.0994	-0.03509	0.1164	0.04699	-0.02895	0.02219	-0.06666	-0.1559	0.07808	0.01619	0.004281	0.01939	-0.00507	0.0009314	0.03514	-0.004923
58	-2.124	-1.784	1.332	-0.2718	-0.1116	0.705	0.01792	-0.0116	-0.2886	0.04727	-0.2114	-0.2152	0.007461	0.1677	-0.02149	0.1773	0.0203	-0.1002	0.02115	-0.02528	0.02371	0.01288	0.07539	-0.007614	0.00578	0.004045	-0.006366
59	-2.143	-1.999	1.628	-0.7774	0.3414	0.7109	0.1264	-0.295	0.3173	-0.3225	-0.04633	-0.1325	-0.1417	0.3245	0.2074	-0.2995	0.1874	0.2143	-0.1153	-0.3088	-0.1486	-0.0272	-0.0191	-0.01775	-0.008593	0.0121	0.01195
60	-2.564	-2.144	1.432	-0.2877	0.4705	0.8523	0.3131	0.001576	0.07374	-0.079	0.2027	-0.05084	-0.04694	-0.293	-0.05241	0.0275	-0.132	0.03495	0.2067	-0.06135	-0.002286	-0.05723	-0.04348	0.007448	-0.02539	-0.03859	-0.007982
61	-2.727	-2.306	1.814	-0.5925	0.4284	0.7935	0.4541	-0.2028	0.1492	-0.2024	0.0751	-0.01794	0.005721	-0.1989	-0.05322	0.03297	-0.1428	-0.07097	0.1465	0.06603	0.04606	0.07114	0.0004602	0.001766	8.246e-05	-0.04149	-0.01025
62	-2.612	-1.458	-0.5133	0.529	-1.195	1.102	-0.688	0.4021	-0.4803	0.01654	0.1005	0.08189	-0.1482	-0.1487	-0.1456	0.1083	0.2295	0.008226	0.179	0.01045	0.03542	-0.1485	-0.08636	0.01008	-0.01276	-0.004891	-0.002589
63	-2.154	-1.265	-0.2512	0.3956	-0.929	0.904	-0.6313	0.2819	-0.5358	0.09304	-0.1021	-0.1996	-0.1208	0.1209	-0.04394	0.02868	0.279	0.03173	0.2485	-0.05823	0.03014	-0.01781	-0.03582	0.002261	0.01106	-0.02046	-0.004473
64	-2.252	-2.059	1.712	-0.5771	0.1448	0.7799	0.2302	-0.09507	0.1866	-0.3066	-0.01055	-0.1066	-0.06305	0.1001	0.08388	-0.07619	-0.04813	0.05387	-0.03101	-0.1532	-0.05483	-0.05944	0.03899	-0.01207	-0.007716	0.005363	-0.0004411
65	-2.902	-2.658	2.4	-1.037	0.4994	0.7046	0.7091	-0.2056	0.5035	-0.4567	0.02449	0.1882	-0.1055	-0.02836	0.03282	-0.1272	0.08752	-0.09639	-0.2892	0.1541	-0.02294	-0.0305	-0.04286	-0.002326	-0.008154	0.07229	-0.003049
66	-2.486	-2.348	2.124	-0.8264	0.357	0.7478	0.4489	-0.1581	0.4152	-0.4721	0.02712	-0.07297	-0.07352	0.09674	0.0805	-0.08718	0.007418	-0.006819	-0.07422	-0.1008	-0.06158	0.001831	0.0331	-0.01001	-0.004647	0.01799	0.001151
67	-2.173	-1.687	0.9595	-0.1835	-0.2266	0.748	-0.04761	0.05316	-0.3904	0.1681	-0.07327	-0.1879	0.0002081	-0.009524	-0.04865	0.1801	-0.01876	-0.01132	0.1632	-0.06617	0.04147	-0.007652	0.02324	-0.001489	-0.007764	-0.02587	-0.008023
68	-2.538	-1.56	0.1141	1.298	0.05368	1.081	-0.5669	0.3477	-0.4921	0.3267	0.1085	-0.05278	0.001291	-0.01699	-0.1178	0.1741	-0.09325	-0.06873	0.04904	-0.06363	-0.04359	-0.2358	0.04859	0.0009113	-0.004133	0.01116	-0.01202
69	-2.529	-1.5	-0.1898	1.034	-0.3242	0.9895	-0.5422	0.429	-0.5953	0.3006	-0.01853	-0.002783	-0.06758	-0.08031	-0.1563	0.1293	0.1539	-0.0219	0.09203	0.06479	0.009776	-0.1345	-0.04791	0.00906	-0.008191	0.01607	-0.0117
70	-2.368	-2.14	1.841	-0.5515	0.1206	0.7506	0.2953	-0.1194	0.101	-0.2465	-0.1013	-0.09424	-0.02704	0.1072	0.006789	0.08069	-0.04109	-0.0926	-0.04221	-0.03371	-0.006259	0.00948	0.06716	-0.01094	-9.64e-05	0.02408	-0.004334
71	-2.043	-1.679	1.179	-0.2204	-0.1492	0.6839	-0.03507	0.01872	-0.3763	0.1336	-0.2135	-0.2502	0.003425	0.1648	-0.01069	0.157	0.06082	-0.05612	0.05998	-0.04746	0.02357	0.02017	0.0561	-0.005533	0.004686	-0.005618	-0.006841
72	-2.916	-1.566	1.622	-0.3341	-0.015	-2.513	-1.063	0.6189	0.3031	-0.06409	-0.1346	0.1883	0.03477	0.2703	-0.1207	-0.03007	-0.07394	0.06272	-0.01853	-0.02032	-0.0191	-0.04431	0.06236	-0.002687	0.04814	0.008181	-0.00421
73	-2.55	-1.276	1.354	0.01799	-0.3068	-1.902	-0.8771	0.2593	0.0378	-0.05705	-0.3648	-0.1543	-0.02565	0.1246	-0.06494	0.06359	-0.1778	-0.05579	0.07911	-0.1049	-0.0161	-0.06182	0.09028	0.002803	0.04268	0.01536	0.003374
74	-3.153	-1.514	1.676	-0.6343	0.243	-3.08	-1.383	0.9997	0.2441	-0.0263	0.0642	0.5057	0.17	0.2947	-0.196	-0.1798	0.1406	0.1786	-0.0319	0.1253	0.06843	-0.06787	-0.08332	-0.01256	0.02168	0.08332	-0.004436
75	-2.381	-0.7791	0.5488	0.7679	-0.4261	-1.388	-0.3272	0.04569	-0.1968	0.3595	-0.4989	-0.3016	-0.1483	-0.003417	-0.009234	-0.09037	-0.1307	-0.136	0.1404	-0.01238	-0.02621	-0.1926	0.03765	0.02825	0.03813	0.1005	-0.002773
76	-3.138	-1.554	1.449	0.06466	0.2432	-1.944	-0.2149	0.2309	0.259	-0.01832	0.06575	0.1206	-0.1256	-0.3168	-0.1318	-0.04707	-0.1763	0.11	0.2616	0.008354	0.07835	-0.09269	-0.03765	0.04901	0.002248	-0.04835	-0.002644
77	-3.411	-1.565	1.75	-0.4761	0.4227	-2.266	-0.4915	0.4892	0.2845	-0.2542	0.1176	0.3962	-0.1769	-0.2542	-0.0227	0.02013	-0.1564	0.1749	0.2509	0.04039	0.05678	-0.01125	-0.09648	0.02586	-0.01243	-0.0156	-0.0001308
78	-3.262	-0.7299	-0.5705	1.268	-1.767	-1.047	0.6329	-0.3488	-0.2709	-0.004786	-0.05953	-0.1423	-0.4606	0.03856	-0.2753	-0.1522	0.1214	-0.005187	0.1595	-0.04278	0.09112	-0.01704	-0.04432	0.07627	0.06005	0.0274	0.009483
79	-2.72	-0.7614	-0.2842	1.077	-1.504	-0.98	0.2121	-0.164	-0.1957	0.1388	-0.4728	-0.2573	-0.3661	-0.07402	-0.06718	-0.1067	-0.02289	-0.1483	0.1525	-0.0258	0.02169	-0.06509	-0.1451	0.01511	0.04315	0.1012	0.007454
80	-2.926	-1.623	1.69	-0.4032	0.02317	-2.597	-1.097	0.6396	0.4187	-0.1097	0.0477	0.2625	0.08818	0.3003	-0.1731	-0.04122	-0.1107	0.118	0.1267	-0.01001	0.02578	-0.04029	0.08501	-0.005927	0.0533	0.01447	-0.01339
81	-3.499	-2.03	2.251	-0.9285	0.4478	-3.398	-1.555	1.15	0.7679	-0.3143	0.2251	0.7395	0.2098	0.5005	-0.176	-0.1288	0.08189	0.2135	-0.09881	0.09997	0.0527	-0.01038	0.02394	0.004813	0.03932	-0.1893	-0.01789
82	-3.551	-1.331	2.142	-0.7647	0.4514	-2.833	-1.314	0.6832	0.2368	-0.7266	0.1006	0.6422	0.09797	0.3309	0.1526	0.1469	-0.06416	0.2614	0.106	0.03386	0.173	-0.0003074	-0.02791	0.005421	-0.06676	-0.04158	0.01289
83	-2.653	-1.059	0.9829	0.2155	-0.4956	-1.502	-0.2562	-0.03407	-0.2321	0.0555	-0.3301	-0.2219	0.08961	-0.242	-0.1199	-0.0601	-0.1006	0.02715	0.1418	-0.035	-0.05079	-0.1248	-0.07412	0.02137	0.05346	-0.03585	0.01529
84	-3.006	-0.9113	-0.00759	1.883	-0.3814	-1.125	0.3981	-0.3236	-0.09024	0.3748	-0.1914	-0.2976	-0.215	0.09755	-0.1268	-0.02949	-0.1384	0.04834	0.08765	-0.06115	-0.07135	-0.1677	0.05055	0.01471	0.05207	0.01784	0.001045
85	-2.991	-0.8776	-0.2283	1.66	-0.7846	-1.115	0.3906	-0.2754	-0.2361	0.2291	-0.2522	-0.2727	-0.2537	-0.007399	-0.1491	-0.08284	0.07899	0.02839	0.1304	-0.007577	-0.001421	-0.09273	-0.06122	0.05505	0.04809	0.07212	0.00985
86	-2.915	-1.552	1.786	-0.3655	0.01223	-2.425	-1.13	0.5439	0.3313	-0.245	-0.1079	0.1726	0.1317	0.2647	-0.1516	-0.01176	-0.1295	0.03895	0.05831	-0.05728	0.002141	-0.03451	0.09464	0.0008524	0.051	-0.08085	-0.0004197
87	-2.605	-0.9641	1.28	0.09269	-0.3487	-1.667	-0.745	0.1301	-0.1212	-0.09468	-0.4396	-0.2222	0.1556	-0.006619	-0.06385	0.006678	-0.1337	-0.06255	0.07558	-0.1315	0.01098	-0.09816	0.0116	-0.03212	-0.006184	0.03266	0.01054
88	-2.581	-1.838	1.546	-0.5072	0.1016	-0.07224	0.2256	0.1312	-0.0144	0.09986	-0.203	0.04099	0.01937	0.039	0.02119	-0.09749	0.1583	-0.01824	-0.1657	0.117	-0.001551	-0.06963	-0.02043	0.01561	0.02209	-0.05069	0.003047
89	-2.235	-1.614	1.332	-0.1171	-0.2279	0.07232	-0.02858	-0.08991	-0.2332	0.04048	-0.2459	-0.2221	0.008036	0.2293	-0.04923	0.1252	-0.002	-0.08609	0.02994	-0.0286	0.01248	0.01167	0.07697	0.001937	0.03148	-0.04086	0.002975
90	-2.63	-1.802	1.683	-0.6358	0.2177	-0.2133	0.1277	0.1285	0.02383	-0.02611	-0.1579	0.155	-0.04086	0.1611	0.04969	-0.1362	0.2033	-0.04108	-0.2017	0.1677	0.03301	-0.09589	-0.06386	0.01185	0.01358	-0.01328	-0.0001969
91	-2.175	-1.088	0.5127	0.5318	-0.2712	0.114	-0.07457	0.08574	-0.4487	0.4967	-0.2688	-0.2091	0.004012	0.1808	-0.05875	0.001897	0.04398	-0.079	0.1267	0.07044	0.0471	-0.1058	0.003359	-0.01704	-0.01146	0.02988	-0.01356
92	-2.804	-1.867	1.428	-0.2151	0.4369	0.116	0.4543	0.02262	0.05471	0.06831	0.03168	0.0725	-0.0448	-0.3487	-0.05604	0.03327	-0.05352	0.02745	0.2343	0.09479	0.01224	-0.05338	0.002909	0.03366	0.01745	-0.05384	-0.006113
93	-2.992	-1.966	1.812	-0.5732	0.4118	0.0808	0.5648	0.008248	0.2769	0.06266	0.1237	0.1503	-0.0423	-0.333	-0.001511	-0.06072	0.02416	-0.08677	0.1966	0.08263	0.006104	-0.01783	-0.07662	0.00637	0.01017	-0.01594	-0.007128
94	-2.949	-1.227	-0.6433	0.8803	-1.529	0.3749	0.07952	0.246	-0.3722	0.1424	0.1011	0.1429	-0.1482	0.08069	-0.2205	0.02866	0.1404	-0.03196	0.1497	-0.01627	0.08901	-0.04086	-0.1321	0.0166	0.009616	-0.006219	-0.004781
95	-2.596	-1.074	-0.3639	0.8191	-1.341	0.1851	0.1441	0.08176	-0.4604	0.2198	-0.1624	-8.765e-05	-0.03276	0.3165	-0.1641	0.04456	0.1062	-0.07767	0.1932	-0.01945	0.1091	0.08705	-0.1459	-0.01158	0.01946	0.02492	-0.006787
96	-2.553	-1.923	1.597	-0.5662	0.1456	-0.06849	0.3019	0.0781	0.05254	-0.01147	-0.07243	0.07682	-0.01413	-0.06485	-0.03306	-0.1206	0.1099	0.05897	-0.07271	0.1415	0.02344	-0.1052	-0.04573	0.01788	0.01667	-0.03232	-0.001675
97	-3.031	-2.448	2.289	-0.9375	0.4268	-0.2075	0.4985	0.06808	0.4841	-0.323	0.04591	0.3099	-0.035	0.01497	-0.02212	-0.2309	0.1908	0.01015	-0.32	0.2007	-0.01895	-0.07352	-0.1112	0.01879	0.01332	-0.08635	0.0009999
98	-2.824	-2.017	2.177	-0.712	0.2978	-0.0456	0.191	-0.05698	0.3184	-0.4813	-0.08428	0.1248	0.07906	0.1052	0.06528	-0.01066	-0.003465	-0.07749	-0.08459	-0.00261	0.1272	-0.02157	0.04732	0.008178	-0.04334	-0.02818	0.01209
99	-2.338	-1.511	0.9779	-0.06316	-0.3004	0.1129	0.09774	-0.0006011	-0.4217	0.256	-0.1197	-0.1677	0.02967	-0.1208	-0.1041	0.09559	0.08307	0.01765	0.1585	0.04621	0.05189	-0.04255	-0.02791	0.02024	0.0149	-0.03201	0.003252
100	-2.767	-1.344	-0.01257	1.566	-0.1418	0.2711	0.1687	-0.06312	-0.4746	0.4027	0.1428	-0.08921	-0.01729	0.2329	-0.1992	0.1026	0.03131	0.08514	0.08023	-0.01825	0.02469	-0.1187	0.007756	0.02843	0.01823	-0.03319	-0.003316
101	-2.742	-1.177	-0.3261	1.202	-0.4669	0.3098	0.1138	0.2749	-0.3439	0.3854	-0.2225	-0.06104	-0.04514	0.09191	-0.1597	0.09558	0.1317	0.08087	0.1141	0.05122	0.04286	-0.02805	-0.001533	-0.04758	-0.03173	0.01186	-0.01666
102	-2.51	-1.885	1.829	-0.4639	0.05947	0.02453	0.05767	-0.03346	0.1355	-0.1931	-0.1713	-0.0488	0.09128	0.1543	-0.01708	0.01568	-0.01474	-0.1115	-0.02933	-0.006127	-0.02133	-0.02333	0.09411	0.004716	0.04153	-0.07596	0.003358
103	-2.186	-1.493	1.171	-0.1095	-0.2279	0.0671	-0.09841	0.0005144	-0.3653	0.112	-0.3113	-0.2412	0.06104	0.1405	-0.07682	0.109	0.03003	-0.07793	0.04208	-0.01116	0.01101	-0.003955	0.05963	0.002512	0.03269	-0.03889	0.003113
104	-2.601	-2.04	1.384	-0.7054	0.252	0.6448	0.2726	-0.329	-0.06365	0.06047	-0.2148	0.1761	-0.08974	0.08357	0.04807	0.001589	0.08837	0.01165	-0.1606	0.09303	0.03489	0.009645	-0.05106	-0.005555	-0.01822	0.02494	-0.001402
105	-2.174	-1.781	1.259	-0.3092	-0.08416	0.6653	0.08994	0.01664	-0.3223	0.1298	-0.1924	-0.1533	-0.001024	0.12	-0.02915	0.1397	0.07336	-0.06794	0.003823	0.01847	0.03629	0.001702	0.02346	-0.003489	0.00116	-0.004359	-0.003278
106	-2.146	-1.989	1.557	-0.8476	0.4009	0.6882	0.2183	-0.1342	0.2926	-0.2821	0.08201	-0.2153	-0.1595	0.2471	0.267	-0.4347	0.2665	0.2903	-0.1325	-0.3019	-0.1605	-0.06457	-0.1073	-0.01034	-0.01902	0.000835	0.01474
107	-2.025	-1.372	-0.2666	-0.2932	0.4142	0.878	-1.105	-1.211	-0.1753	0.526	-0.4347	0.08037	-0.1922	0.2534	0.1139	-0.4143	0.0754	0.4251	0.2469	-0.3839	-0.07797	0.09063	0.06293	-0.005438	-0.009632	-0.006057	0.001931
108	-2.747	-1.99	1.186	-0.493	0.6353	0.8966	0.07029	-0.498	0.1189	0.04755	0.06599	0.1872	-0.003543	-0.2593	-0.03417	-0.01679	-0.08089	0.0764	0.2353	-0.0827	-0.03899	-0.04223	-0.07237	0.0268	0.008884	-0.09884	-0.003505
109	-2.856	-2.186	1.831	-0.6345	0.4571	0.7963	0.5668	-0.1343	0.1291	-0.1006	0.141	0.0324	0.1603	-0.3325	-0.07629	-0.09398	-0.02542	-0.03119	0.1456	0.09232	0.03215	0.037	-0.1185	0.04907	0.03027	0.001789	-0.001847
110	-2.571	-1.388	-0.9327	0.1646	-0.8825	1.134	-0.7624	0.3121	-0.3084	0.03791	0.1816	0.06124	-0.225	-0.2369	0.04211	-0.2148	0.3668	0.3215	0.1904	-0.234	-0.04515	-0.1772	-0.2183	0.01134	-0.05307	-0.04284	0.01247
111	-2.191	-1.155	-0.6243	0.04562	-0.6663	0.9964	-0.7623	0.2451	-0.2961	0.1359	-0.022	-0.4115	-0.1051	0.1415	0.2661	-0.3581	0.2566	0.1631	0.2914	-0.2537	-0.04565	-0.009113	-0.07243	-0.001578	0.01171	-0.05705	0.001458
112	-2.299	-2.042	1.59	-0.6472	0.2005	0.7283	0.3075	-0.0262	0.1369	-0.1892	0.02345	-0.04445	-0.08001	0.01886	0.09166	-0.1592	0.04683	0.1188	-0.06464	-0.1058	-0.0491	-0.08888	-0.04235	-0.002216	-0.01411	-0.03186	0.0005864
113	-3.015	-2.632	2.214	-1.183	0.6217	0.669	0.7124	-0.3408	0.4706	-0.3194	-0.008044	0.3765	-0.1557	-0.1175	0.0327	-0.1553	0.181	-0.0263	-0.2999	0.2048	-0.02409	-0.04916	-0.1247	0.001697	-0.01557	0.06266	0.0008028
114	-2.47	-2.317	2.037	-0.8745	0.3988	0.7377	0.4297	-0.119	0.3913	-0.4324	0.0397	-0.07606	-0.08162	0.08567	0.09934	-0.1372	0.05873	0.02568	-0.09946	-0.09348	-0.07024	-0.02927	0.002404	-0.001239	-0.002706	-0.04991	0.003972
115	-2.281	-1.638	0.8454	-0.2963	-0.1285	0.7324	-0.03743	-0.01847	-0.4623	0.2299	-0.0901	-0.08304	0.07365	-0.1179	-0.08193	0.1169	0.06501	0.03413	0.1452	-0.008545	0.03199	-0.03473	-0.05679	-0.001827	-0.008429	-0.02776	-0.0004385
116	-2.639	-1.551	-0.05909	1.237	0.08735	1.004	-0.4285	0.3539	-0.4853	0.4083	0.05964	0.04858	0.01329	-0.01758	-0.102	0.1202	-0.108	-0.002217	0.02829	-0.03967	-0.02387	-0.1941	0.008537	-0.004273	-0.0113	0.01266	-0.01088
117	-2.641	-1.49	-0.483	0.9074	-0.2449	0.8719	-0.2767	0.6308	-0.5604	0.3988	-0.1735	0.1486	-0.007616	-0.163	-0.1329	0.06325	0.1192	0.08091	0.03029	0.08383	0.02994	-0.09792	-0.1066	-0.002324	-0.02994	0.03114	-0.01254
118	-2.42	-2.14	1.772	-0.5966	0.1548	0.7172	0.3569	-0.08217	0.06205	-0.1654	-0.09282	-0.03482	-0.03305	0.04546	-0.003585	0.05022	0.007435	-0.07218	-0.06195	0.02144	0.008354	-0.006357	0.01906	-0.006809	-0.004303	0.01984	-0.001256
119	-2.075	-1.673	1.114	-0.2595	-0.1196	0.6652	1.14e-05	0.01884	-0.3827	0.173	-0.2252	-0.2004	0.001873	0.1444	-0.01483	0.146	0.07854	-0.03787	0.05162	-0.02912	0.0289	0.01676	0.03224	-0.005733	0.001612	-0.007797	-0.002682
120	-2.509	-2.111	1.511	-0.6366	0.1865	0.6911	0.3264	-0.1057	-0.04535	0.03093	-0.162	0.0479	-0.03017	0.05901	0.04328	-0.06718	0.06446	0.01861	-0.1559	0.07673	0.02446	0.03123	-0.02072	-0.009964	-0.0126	0.0657	-0.004418
121	-2.172	-1.802	1.267	-0.3316	-0.06544	0.7242	0.003322	-0.1528	-0.2673	0.09606	-0.2194	-0.1162	-0.001874	0.1791	-0.03963	0.1813	0.0429	-0.06849	0.04276	-0.03476	0.031	0.03774	0.06388	-0.01231	0.001136	0.02908	-0.003443
122	-2.401	-2.073	1.012	-1.284	0.7294	0.7891	-0.283	-1.213	0.4683	-0.08457	-0.2293	0.06052	-0.2177	0.3062	0.2039	-0.4602	0.1752	0.2421	-0.1024	-0.312	-0.1299	0.01487	-0.04759	-0.02363	-0.001014	-0.003954	0.01243
123	-1.723	-1.275	0.3121	0.1836	0.04903	0.7952	-0.447	0.1798	-0.3844	0.1875	0.01207	-0.5225	-0.09218	0.2438	0.2696	-0.4045	0.08861	0.385	0.1832	-0.3331	-0.1077	-0.04183	-0.02416	0.008334	-0.02783	-0.03012	0.002417
124	-2.56	-2.171	1.431	-0.3064	0.4807	0.8867	0.3279	0.003468	0.129	-0.1396	0.1832	-0.08029	-0.01581	-0.256	-0.0385	0.04998	-0.1965	0.02896	0.228	-0.09679	-0.001751	-0.02677	-0.01547	-0.004928	-0.03053	0.009692	-0.006474
125	-2.735	-2.326	1.889	-0.6065	0.4295	0.8392	0.5678	-0.0621	0.2392	-0.1333	0.1033	0.03889	-0.006901	-0.2749	-0.03263	0.05295	-0.1151	-0.08126	0.1843	0.03688	0.05032	0.0677	-0.006789	-0.01336	-0.0219	0.06324	-0.01067
126	-2.638	-1.42	-0.6793	0.4564	-1.163	1.111	-0.5866	0.4974	-0.2958	-0.004966	-0.1505	0.2027	-0.03468	-0.1003	-0.07057	0.1094	0.08066	0.05042	0.1859	-0.1197	0.0304	-0.05889	-0.0034	-0.01331	-0.02439	0.04173	-0.00471
127	-2.27	-1.301	-0.3985	0.3291	-0.8947	0.8626	-0.5264	0.2785	-0.5151	0.1683	-0.3452	0.02868	-0.04784	0.0785	-0.1116	0.1435	0.2012	0.003085	0.217	0.004506	0.0797	0.03102	-0.008125	-0.01303	-0.0004736	0.03039	-0.01013
128	-2.277	-2.062	1.631	-0.6542	0.2074	0.774	0.293	-0.03292	0.1789	-0.2506	0.0337	-0.08177	-0.07142	0.03611	0.1041	-0.1481	0.01115	0.1194	-0.03766	-0.1488	-0.05856	-0.06996	-0.0177	-0.01051	-0.01773	0.01523	0.001808
129	-2.925	-2.688	2.371	-1.058	0.5111	0.7674	0.7378	-0.2722	0.5087	-0.4201	0.01961	0.255	-0.1085	-0.04711	0.01782	-0.1331	0.09682	-0.08068	-0.2878	0.1517	-0.01308	-0.01846	-0.06213	-0.00634	-0.01585	0.09565	5.852e-05
130	-2.46	-2.363	2.147	-0.8198	0.3505	0.8337	0.4268	-0.155	0.411	-0.4876	-0.007754	-0.0619	-0.06837	0.08052	0.09155	-0.08785	-0.01769	-0.004761	-0.07768	-0.1032	-0.06308	0.01004	0.04804	-0.01289	-0.005688	0.02314	0.004313
131	-2.176	-1.709	0.969	-0.1977	-0.2164	0.7773	-0.02158	0.0713	-0.3729	0.1606	-0.08099	-0.1615	0.01777	-0.01406	-0.04835	0.1883	-0.02938	0.006798	0.1782	-0.07667	0.05087	0.01416	0.03068	-0.007772	-0.01549	0.01399	-0.005089
132	-2.626	-1.627	-0.1423	1.163	0.1507	1.023	-0.4324	0.3611	-0.4778	0.3631	-0.05985	0.1089	0.03551	-0.06241	-0.1402	0.1568	-0.1561	0.05892	0.01127	-0.04199	-0.01479	-0.1573	0.02446	-0.01624	-0.02631	0.05487	-0.01331
133	-2.737	-1.602	-0.2799	0.9785	-0.3177	1.029	-0.6035	0.3496	-0.6633	0.4206	-0.1151	-0.0389	-0.02607	-0.05088	0.007304	-0.1748	-0.07202	0.1006	0.1099	0.2343	0.1173	0.1167	0.04845	2.716e-05	0.0114	0.08041	-0.01731
134	-2.446	-2.165	1.76	-0.6219	0.1722	0.7559	0.3097	-0.2428	0.1065	-0.1784	-0.1163	0.01434	-0.03016	0.1014	-0.02338	0.09459	-0.02223	-0.08066	-0.02982	-0.01089	0.0133	0.03067	0.04761	-0.01566	-0.005406	0.05653	-0.002531
135	-2.099	-1.697	1.1	-0.2879	-0.09838	0.6991	-0.0428	-0.1247	-0.3493	0.1813	-0.235	-0.1452	-0.001671	0.1773	-0.03244	0.1678	0.07402	-0.02992	0.07948	-0.05626	0.03279	0.04658	0.04677	-0.01159	-0.0004772	0.02266	-0.00375
136	-1.684	-1.029	-0.2404	0.1499	-0.5727	0.7768	-0.5479	0.2736	-0.3464	0.06367	0.3499	-0.2538	0.009339	-0.1035	0.1739	-0.1551	-0.1937	0.09196	-0.1423	0.02413	0.004741	-0.02774	0.02262	0.006218	-0.02215	0.006895	0.00663
137	-1.741	-0.9543	-0.7059	0.1915	-0.7033	0.8358	-0.6533	0.3907	-0.1897	-0.1597	0.3823	-0.3693	-0.0278	-0.06498	0.2457	-0.3051	-0.1753	0.09851	-0.06951	0.009557	-0.004144	-0.01877	-0.01499	0.001247	-0.01482	-0.0112	0.005465
138	-3.143	-1.365	-2.95	-1.367	0.5312	1.123	-2.447	-3.508	0.4515	0.6659	-0.4154	1.226	-0.3254	-0.2128	-0.3675	0.00528	-0.2088	-0.2559	-0.03511	0.1181	0.08483	-0.1371	-0.0515	-0.01142	-0.01336	-0.02715	0.00215
139	-2.667	-1.34	-1.289	0.5446	-1.369	1.332	-1.318	0.5441	-0.2216	-0.3547	0.4792	-0.6158	-0.1082	-0.1525	0.7562	-1.379	-0.6369	0.3848	-0.003377	0.5362	0.2081	0.5842	0.231	0.008106	0.07168	0.1143	-0.01595
140	-1.729	-1.031	-0.2458	-0.3112	-0.1238	0.6435	-0.5048	-0.2227	-0.177	0.1777	0.2529	-0.2916	0.02701	-0.01251	0.1768	-0.1499	-0.2132	-0.109	-0.1015	0.09142	0.04331	-0.04941	-0.01061	0.002573	-0.002149	-0.01618	-0.001199
141	-1.965	-1.021	-0.9385	0.3662	-0.9641	0.9495	-0.7037	0.5264	-0.1037	-0.3149	0.389	-0.1539	-0.02674	-0.144	0.1199	-0.1361	-0.1729	-0.0141	-0.1403	0.04737	-0.006969	-0.136	-0.02261	-0.001162	-0.02658	0.006739	0.005785
142	-2.032	-1.026	-1.058	0.4982	-0.9314	0.9618	-0.6998	0.5919	-0.02529	-0.4163	0.2701	-0.1677	-0.06336	-0.1344	0.08492	-0.1523	-0.002031	-0.08444	-0.01909	0.124	-0.004257	-0.008062	-0.03644	0.02003	-0.03411	0.004051	0.003645
143	-1.893	-0.9632	-0.727	0.3382	-0.8898	0.9251	-0.6769	0.4685	-0.1384	-0.1562	0.3721	-0.1314	3.507e-05	-0.143	0.1696	-0.1695	-0.1964	0.003834	-0.1155	0.01142	-0.007527	-0.1117	0.01733	0.003093	-0.01884	0.0145	0.004249
144	-7.052	6.942	1.205	-0.1614	0.07692	0.9515	-0.1948	-0.9368	-1.044	-1.773	-0.08785	0.2788	1.383	-0.0479	0.09374	0.01075	0.02753	0.1038	0.1328	0.1301	0.09626	-0.07373	-0.1101	0.3178	0.1232	0.05174	-0.02521
145	-5.381	4.338	0.9768	-0.6782	0.4964	-0.5627	0.02544	-0.1563	-1.35	-0.5887	0.2622	0.6369	0.4365	-0.1718	0.2766	-0.4462	0.1875	-0.6118	0.09313	-0.1248	0.2489	-0.05726	0.4252	-0.1742	-0.1911	0.008857	-0.01825
146	-6.775	6.77	1.125	-0.2218	0.0004852	0.8022	-0.1909	-0.98	-1.288	-1.762	-0.1474	0.233	1.438	0.002078	-0.06003	-0.09499	0.05503	0.08753	0.08128	0.1852	-0.1351	-0.03472	-0.09191	-0.08605	0.008877	-0.00705	-0.04624
147	-3.099	-1.455	-2.793	-1.275	0.4331	1.233	-2.607	-3.383	0.4445	0.502	-0.2636	0.6833	-0.2618	-0.04005	-0.1278	-0.3058	-0.4872	-0.2547	0.003159	0.167	0.1358	0.02017	0.08231	-0.01536	0.01776	-0.01916	-0.001503
148	-1.793	-1.109	-0.4953	-0.5047	0.007661	0.6236	-0.4521	0.1084	-0.2329	-0.185	0.6651	-1.317	0.1205	0.2568	0.4382	-0.2905	-0.5433	-0.3846	-0.167	0.2899	0.1004	-0.1353	-0.08333	-0.006469	0.01144	-0.1016	-0.007277
149	-2.091	-1.076	-1.228	-0.1166	-0.5464	0.921	-0.8568	0.3436	-0.1889	-0.4255	0.8727	-1.201	0.04176	0.131	0.3559	-0.2435	-0.4498	-0.4537	-0.1857	0.3	0.06834	-0.3215	-0.138	0.002454	0.002489	-0.1139	-0.0008637
150	-3.894	-0.6885	-0.5979	6.759	4.845	-0.3682	0.1878	-0.02902	0.457	0.07239	-0.3302	-0.1215	0.1695	0.197	-0.1802	-0.3431	-0.1178	-0.2249	0.2502	0.2582	-0.4222	0.01623	0.1054	0.2855	-0.3512	0.04171	0.04056
151	-2.237	-0.7609	0.5485	0.679	-0.9367	-0.956	-0.1571	-0.3115	-0.1282	0.09473	-0.1836	-0.3022	-0.2397	0.00723	0.01869	0.1585	-0.259	-0.1528	0.1272	0.07037	0.02107	0.05404	0.156	0.008968	0.04999	0.01166	0.04535
152	-2.881	-0.04813	0.1384	0.7035	-1.013	-1.08	0.4181	-0.3354	-0.2566	0.3534	-0.1403	-0.03434	0.1728	0.03812	0.1151	-0.01132	-0.05266	0.1034	0.03183	0.2203	-0.08039	-0.03549	0.008139	-0.09906	0.01599	0.02418	0.02748
153	-2.663	-0.5708	0.4624	0.1999	-0.4918	-1.412	0.166	0.08867	-0.2902	0.446	-0.1978	0.07784	0.1372	-0.3356	0.06507	-0.1537	0.02012	0.03726	-0.0272	0.2198	0.004746	-0.02277	-0.1292	0.01666	0.03014	0.02671	0.04047
154	-3.028	-0.1302	-0.08021	0.9339	-0.8093	-0.6924	0.2976	0.05487	0.1941	0.4692	-0.3337	-0.08583	0.1594	-0.3862	0.04074	-0.08763	-0.09994	0.0321	0.0122	0.2156	-0.08502	-0.1327	0.0517	-0.1229	-0.06334	0.0721	0.003154
155	-3.519	0.03978	-0.3163	1.313	-1.65	-0.7914	0.953	-0.4422	0.4774	0.7752	0.2609	-0.1158	-0.1127	0.161	-0.1546	0.02797	-0.06614	0.2924	-0.005802	0.3121	0.06605	-0.088	0.04658	-0.4122	-0.248	-0.06548	-0.05462
156	-3.912	-0.2461	-1.022	1.848	-2.497	-0.7321	0.9303	-0.7077	0.1792	-0.1286	0.6751	0.2222	-0.4867	0.5318	-0.1849	-0.01768	0.09765	0.05121	0.1515	0.1863	0.04793	0.1295	-0.004416	-0.07928	0.01413	-0.008534	0.01391
157	-2.932	-0.3455	-0.001257	0.6734	-1.091	-1.025	0.6098	-0.09737	0.004416	0.8492	0.02079	0.05439	-0.1498	-0.23	0.2105	-0.1462	0.06433	-0.1478	0.08001	0.1727	0.04462	-0.07429	-0.05146	-0.001274	0.01886	0.03701	0.02254
158	-2.445	-1.013	0.918	0.05751	-0.3386	-1.619	-0.3205	0.1742	-0.02425	0.2142	-0.1047	0.04949	-0.08882	-0.1088	0.02207	0.02337	-0.1502	-0.02102	0.041	0.1715	0.03448	0.04535	0.05236	0.0335	0.05107	0.001433	0.03693
159	-2.482	-0.9788	0.7877	0.04025	-0.3292	-1.599	-0.2049	0.2148	-0.1195	0.3465	-0.09704	0.0688	-0.1324	-0.2499	0.01882	-0.03623	-0.05486	0.00476	0.02368	0.2294	0.04295	0.0285	-0.04408	0.03686	0.03798	0.01717	0.03683
160	-3.644	0.5665	0.007658	1.44	-1.826	-0.7299	0.6173	-1.034	-0.1715	-0.3468	0.1714	-0.2103	1.337	0.2633	-0.411	-0.2619	0.1437	0.1957	0.1202	0.08549	-0.2264	-0.02502	-0.05815	-0.2892	0.0001885	0.005795	0.03375
161	-2.989	0.05812	0.3642	0.8239	-1.111	-0.8434	0.321	-0.5833	-0.3539	-0.1103	-0.1265	-0.2225	1.016	-0.2185	-0.3392	-0.2673	-0.02859	0.1061	0.03629	0.07139	-0.1437	-0.04095	-0.1747	-0.1846	-0.01115	-0.04109	0.04244
162	-2.581	-0.6974	-0.03396	0.646	-0.99	-1.102	0.4391	-0.1145	-0.2021	0.3448	-0.1993	-0.06279	-0.2238	-0.2281	0.006657	-0.02597	-0.06588	0.03614	0.05308	0.1949	0.0682	0.07517	-0.05549	0.01681	0.01652	0.06382	0.03674
163	-4.237	-0.6275	-1.236	2.614	-2.723	-0.9697	1.471	-1.086	0.6101	0.005403	1.178	0.1845	-0.4273	0.8786	-0.3332	0.05673	0.2118	0.3195	0.2458	0.2701	0.1428	0.09701	0.222	-0.03812	0.001793	-0.00621	0.002635
164	-2.354	-0.7029	0.6016	0.4703	-0.7167	-1.21	-0.1154	-0.1742	-0.2003	0.09763	-0.251	-0.1791	0.03643	-0.02914	0.006919	0.06192	-0.2195	-0.04072	0.03644	0.08532	-0.001732	0.04913	0.103	0.004387	0.04882	0.04326	0.04899
165	-2.859	-0.3266	0.01913	0.7283	-1.153	-0.9363	0.4737	-0.1025	0.1372	0.6603	-0.1149	-0.1016	-0.2003	-0.1487	0.0204	-0.03135	-0.003081	-0.03023	0.07581	0.2233	0.06941	0.01866	-0.06223	-0.1752	-0.09648	0.02116	-0.01468
166	-3.714	-1.285	-0.9958	6.533	4.916	0.4974	0.1656	0.3323	0.2933	0.335	-0.08531	0.2048	0.1534	0.4578	-0.3324	-0.2583	-0.139	-0.1226	0.1484	0.2423	-0.466	0.1495	-0.007788	0.2768	-0.3361	-0.06322	-0.0227
167	-2.013	-1.018	0.4776	0.4185	-0.7375	0.1422	-0.1956	-0.1534	-0.3881	0.1925	-0.07869	-0.1983	-0.0695	0.1294	0.02031	0.2445	-0.07284	-0.1227	0.1105	0.09016	0.04735	0.1082	0.1966	0.03716	0.05627	-0.1114	0.005743
168	-2.644	-0.5253	-0.1322	0.3618	-0.8369	0.03909	0.4606	0.1285	-0.1533	0.7243	-0.07507	0.2233	0.1768	0.1207	0.2374	0.05037	-0.04564	-0.06377	-5.988e-05	0.02802	0.06894	0.02019	0.06789	0.1557	0.114	0.05922	0.001489
169	-2.605	-0.7567	0.2282	-0.09502	-0.3539	-0.2057	0.6161	0.3464	-0.233	1.003	-0.08681	0.3162	0.1484	-0.2101	0.278	-0.1591	0.197	-0.132	-0.01327	0.1768	0.08013	0.0292	-0.08416	0.05481	0.03314	-0.033	-0.008021
170	-3.071	-0.421	-0.5437	0.7451	-0.7727	-0.01546	0.7881	0.381	0.1522	0.9487	-0.1074	0.4491	0.3259	0.1045	0.3559	-0.08894	-0.005461	-0.2226	0.09822	-0.03225	0.04339	0.04161	0.1616	0.1283	0.08486	-0.006194	-0.02038
171	-4.172	0.1715	-0.8712	1.201	-1.861	0.2139	1.217	0.2037	0.7414	1.516	0.733	1.043	0.5084	0.5757	0.654	-0.2532	-0.2826	-0.6407	0.09149	-0.4799	0.1376	-0.1186	-0.1896	0.3101	0.1952	0.02458	-0.02899
172	-3.719	-0.9933	-2.013	1.378	-2.28	0.2265	0.7603	0.4586	0.1839	-0.2075	0.2184	0.9546	-0.06213	0.3376	-0.0733	-0.001697	-0.4501	0.1632	-0.2077	-0.1537	0.1194	0.2001	-0.2159	-0.04477	-0.07428	-0.001782	-0.006695
173	-2.726	-0.7359	-0.5198	0.1945	-0.7393	-0.04828	0.6235	0.5571	-0.2166	0.7274	-0.3312	0.4092	0.2345	-0.2965	0.2226	-0.0726	-0.0659	0.03219	-0.07634	0.08329	0.06376	0.0541	-0.01482	0.02524	0.0006309	0.000543	-0.006146
174	-2.143	-1.247	0.8888	-0.05292	-0.2685	-0.1087	0.05766	-0.02328	-0.2545	0.2664	-0.07009	-0.01773	-0.03106	0.01577	0.0526	0.09514	-0.01543	-0.04243	-0.03065	0.1785	0.05002	0.09117	0.08324	0.04008	0.04059	-0.1526	0.0008391
175	-2.163	-1.218	0.7173	-0.1362	-0.2025	-0.09245	0.08722	0.1412	-0.3574	0.403	-0.1441	0.03601	-0.04734	-0.2144	0.07135	0.02933	0.07328	-0.002425	-0.06904	0.2524	0.04893	0.05249	-0.01247	0.0451	0.02517	-0.1411	-0.0006278
176	-3.105	-0.3884	-0.7969	0.8176	-1.377	0.107	0.556	0.05415	-0.2397	-0.1381	-0.2182	0.324	0.9528	0.1199	-0.07023	-0.04395	-0.07856	0.2296	-0.04966	-0.06676	0.0008028	0.07608	0.136	0.03962	0.06701	0.02286	0.02186
177	-2.827	-0.3096	-0.06005	0.3704	-0.82	0.2243	0.2498	0.05181	-0.4015	0.08869	-0.2603	0.2733	1.068	-0.2013	0.03914	-0.1512	-0.1297	-0.05404	0.02166	-0.1123	-0.1309	0.005346	-0.07829	-0.03357	0.05384	-0.04363	0.0182
178	-2.558	-0.8517	-0.5478	0.263	-0.7703	-0.1394	0.6441	0.4692	-0.2642	0.5476	-0.4028	0.3509	0.1324	-0.1203	0.1191	-0.002117	-0.1096	0.1023	-0.06142	0.09024	0.09859	0.1893	-0.06593	0.006841	-0.01273	-0.05485	-0.01283
179	-4.125	-1.254	-2.352	1.96	-2.404	0.5864	0.5493	0.6283	0.5121	-0.5112	0.4655	1.216	0.07209	0.172	-0.1168	0.01578	-0.8235	0.2494	-0.3648	-0.3291	0.02267	-0.05685	-0.1717	-0.05212	-0.1409	0.03652	-0.002803
180	-2.424	-0.7755	0.2808	0.1467	-0.4937	-0.1414	0.3582	-0.04823	-0.4593	0.4412	-0.1435	0.1579	0.1612	0.05299	0.1556	0.08509	0.04184	0.04294	0.001238	0.1673	0.04763	0.1131	-0.01686	0.02551	0.02841	-0.07471	0.004149
181	-2.691	-0.717	-0.4994	0.3433	-0.8916	-0.01485	0.5762	0.454	-0.09334	0.6188	-0.3115	0.3626	0.1669	-0.08276	0.1951	-0.001702	-0.1022	-0.01768	-0.003865	0.03808	0.09269	0.1368	-0.009795	-0.01773	-0.02016	-0.01976	-0.01641
182	-4.951	0.569	-2.888	-2.474	1.699	-0.8695	0.604	-0.006897	-1.201	-0.2924	-0.1566	0.1298	-0.3555	0.1774	-0.1796	-0.1285	-0.1134	-0.03275	-0.109	-0.02307	-0.07237	0.0854	-0.1734	0.005258	0.02882	-0.01018	0.02219
183	-4.323	-0.1405	-3.237	-2.1	1.113	-0.7452	0.4632	0.01452	-0.5273	-0.01944	-0.363	-0.1885	-0.1433	0.285	0.02025	0.06557	-0.1782	-0.07112	-0.1472	-0.01747	0.04125	-0.1243	0.009535	-0.000841	-0.01295	0.003526	0.01309
184	-5.705	-1.767	-1.623	-2.013	2.883	-0.1177	1.797	-0.2067	0.8956	-0.9945	0.812	-0.06315	-0.1159	-1.087	-0.3188	0.2699	-0.9869	0.08581	0.9083	-0.4298	0.03737	0.2395	0.1	-0.08122	0.09401	-0.01664	0.0174
185	-4.425	-0.2153	-3.295	-2.179	1.157	-0.6025	0.397	-0.2869	-0.4791	-0.2263	-0.4017	-0.1682	-0.1799	0.267	-0.0499	0.1501	-0.2886	-0.09774	-0.07069	-0.02384	-0.088	-0.07843	0.03289	-0.01051	0.04054	-0.0179	0.01637
186	-6.104	1.954	-2.095	-3.268	2.43	-1.344	0.7239	0.5926	-2.292	-0.355	0.7754	0.5322	-1.008	0.04845	-0.73	-0.6194	0.2269	-0.1239	-0.173	-0.01885	-0.2107	0.1312	0.02986	0.02671	0.1131	0.01193	-0.0007982
187	-4.463	-0.07392	-2.838	-2.403	1.48	-1.062	0.7646	0.4002	-0.9443	0.1469	-0.001224	-0.09611	-0.4142	0.05083	-0.1987	-0.1571	-0.002237	-0.05103	-0.1583	0.03545	0.05529	-0.02717	-0.2253	0.02862	-0.01541	-0.007938	0.003813
188	-4.265	-0.4134	-3.036	-1.638	1.262	-0.6325	0.5653	0.194	-0.3501	-0.2441	-0.2919	-0.4159	0.05977	0.2212	-0.1282	0.001029	-0.2579	-0.117	-0.09255	-0.09344	-0.009073	-0.07577	0.01211	-0.01736	0.01789	-0.009407	0.01762
189	-4.655	0.07044	-2.993	-2.365	1.431	-0.8747	0.5402	-0.1351	-0.9177	-0.1054	-0.1159	0.007439	-0.1024	0.08912	-0.1384	-0.04023	-0.06942	0.1092	-0.143	0.06185	-0.08557	-0.1448	-0.04548	0.01958	0.03643	0.01133	0.02351
