#Component	1	2	3	4	5	6	7	8	9	10	11	12	13	14	15	16	17	18	19	20	21
#Std. deviation	5.299e+06	1.663e+06	9.64e+05	5.791e+05	2.097e+05	7.972e+04	4.492e+04	3.312e+04	3129	696	239	220.6	148.1	64.46	33.58	14.05	6.686	5.752	4.443	3.721	1.664
#Proportion of variance explained	0.873	0.086	0.0289	0.01043	0.001367	0.0001976	6.274e-05	3.41e-05	3.044e-07	1.506e-08	1.776e-09	1.514e-09	6.815e-10	1.292e-10	3.506e-11	6.142e-12	1.39e-12	1.029e-12	6.138e-13	4.306e-13	8.607e-14
#Loadings	1	2	3	4	5	6	7	8	9	10	11	12	13	14	15	16	17	18	19	20	21
c2	-5.951e-05	-4.054e-05	-2.488e-05	8.3e-05	0.0005651	0.0001427	-0.0001328	0.0003719	0.002521	-0.02491	0.04353	-0.734	-0.08673	-0.01793	0.6294	0.1863	-0.1335	0.01298	-0.04432	-0.001931	0.004159
c3	-0.04186	0.07771	0.03172	-0.04982	-0.657	0.03982	-0.7071	-0.2355	-0.00649	-0.001611	-0.0008212	-0.0006118	0.0004297	-6.429e-05	-3.507e-05	-0.0001032	-3.829e-05	-1.786e-05	-7.74e-06	2.195e-05	2.644e-06
c4	-0.8417	0.4066	-0.1504	0.3107	0.06418	-0.05369	0.005323	-0.006304	0.0004589	-6.748e-05	-0.0003691	-0.0001297	0.0008401	-0.0001109	-0.0001564	-6.991e-06	-2.399e-06	-7.257e-06	5.561e-06	-2.118e-06	-1.712e-06
c5	-0.01474	0.03276	0.02296	-0.02387	-0.3063	-0.2014	-0.02882	0.9286	-0.006423	0.002883	-0.0006258	0.0001728	0.0007391	0.0001583	0.0002231	0.0001458	1.995e-05	4.72e-05	1.827e-05	2.678e-07	-3.444e-06
c6	-8.674e-06	-8.864e-06	-6.172e-06	1.628e-05	9.431e-05	-9.442e-07	4.676e-05	0.0001873	0.0006393	-0.005163	0.01297	-0.09216	-0.002873	-0.01775	0.1824	-0.9722	0.01557	0.1002	0.03995	-0.02367	-0.009211
c8	-1.125e-06	6.343e-06	-1.72e-05	-2.033e-05	8.227e-07	2.291e-06	1.672e-05	-2.052e-05	-6.164e-05	1.423e-05	0.004714	-0.0002772	0.003384	-0.004901	0.01367	0.02008	-0.04732	0.1399	0.3824	0.7145	-0.5664
c9	-5.699e-07	2.903e-06	-6.779e-06	-7.371e-06	-2.061e-07	7.324e-06	1.364e-05	-1.793e-05	-0.0001558	-0.0002879	0.003332	9.299e-05	0.004813	-0.001536	0.007615	0.01782	-0.01717	0.1985	0.3441	0.4211	0.8149
c10	-0.03814	0.2308	-0.6509	-0.7205	0.02452	0.03198	0.02656	0.004727	0.007432	0.0001252	6.639e-05	9.943e-05	-0.0004381	4.101e-05	8.045e-05	6.316e-06	1.014e-05	1.559e-06	-1.587e-05	-2.289e-05	7.918e-06
c11	-8.403e-07	4.186e-06	-8.668e-06	-7.265e-06	-1.078e-06	1.201e-05	-1.099e-05	-2.541e-06	-0.001216	0.001214	0.01207	0.0005388	-0.0022	-0.004471	0.01471	0.01433	-0.2046	-0.2941	0.8219	-0.4389	-0.0534
c12	-4.644e-05	-6.361e-05	-2.482e-06	-2.337e-06	0.0004296	0.0004447	-0.0002273	0.0007748	0.001229	-0.01245	0.05147	-0.6353	-0.2157	0.06329	-0.7181	-0.07277	0.1401	-0.02323	0.04284	0.005403	-0.002718
c13	-0.5234	-0.7719	0.1257	-0.3312	-0.02269	0.06292	-0.004688	0.01332	-0.0003465	8.108e-05	0.0003693	0.0002965	-0.0008139	0.0001066	0.0001586	1.203e-05	1.148e-06	5.307e-06	-6.306e-06	2.726e-06	1.901e-06
c14	-2.605e-06	5.894e-06	5.001e-06	-6.241e-06	2.095e-05	1.744e-05	-3.136e-05	-8.616e-05	-0.001389	-0.0008377	-0.006387	-0.0002491	0.00668	0.0001202	0.02765	0.1151	0.307	0.8532	0.191	-0.3394	-0.1093
c15	-0.1144	0.4191	0.7307	-0.5119	0.09241	0.07189	0.04	-0.0004962	0.002235	0.0001358	0.0005216	0.0002562	-0.0009253	0.0001029	0.000154	7.335e-06	2.227e-07	-1.358e-06	-7.54e-06	3.173e-06	2.824e-06
c16	-0.0004157	0.002304	-0.003435	-0.006114	0.005571	-0.002168	0.006339	-0.005472	-0.996	-0.0151	-0.0835	-0.002803	-0.0259	-0.005784	0.002175	-0.001002	-0.001301	-0.0009921	-0.000466	0.001026	0.0001703
c17	-2.398e-05	0.0001248	-0.000213	-0.0002766	0.0001749	2.639e-05	2.119e-05	-0.0004356	-0.04274	0.02216	0.3615	-0.008369	0.2705	0.8904	0.03095	-0.005783	0.001296	-0.0002992	0.0001425	0.0006159	-0.001838
c18	-4.423e-05	0.0002314	-0.00043	-0.0004338	0.0002166	-8.55e-06	-0.0004048	-0.000567	-0.0776	0.1672	0.8416	-0.01548	0.2663	-0.4289	-0.04758	0.009954	0.00562	0.004132	-0.01228	-0.00284	0.0002133
c21	-3.537e-05	3.657e-05	-5.372e-06	0.0001589	-0.0004894	0.0004313	-0.000526	-0.003217	-0.0009948	0.9851	-0.1528	-0.0258	-0.05055	0.05204	0.01495	-0.002778	0.0001498	0.0001284	0.001298	0.0008695	0.0002679
c25	-0.0001782	0.0006518	-0.0007861	0.001432	-0.0002964	6.953e-05	-0.001114	0.0006996	-0.007721	0.006616	0.3545	0.2191	-0.8935	0.1253	0.1098	0.005388	0.0003982	0.007641	-0.004683	0.002848	0.001549
c26	-0.01574	0.04874	-0.03521	0.0895	-0.2889	0.902	0.2809	0.1102	-0.002707	-3.77e-05	-2.333e-05	0.0001372	0.0001779	-9.067e-05	0.000226	3.419e-05	3.08e-05	-1.541e-05	-1.598e-05	-4.757e-07	-3.26e-06
c27	-0.02782	0.02089	0.03473	-0.03806	-0.6142	-0.3623	0.6464	-0.2641	0.003047	-0.0005738	0.000901	-0.0007309	-0.0007734	6.336e-06	-0.0001136	-9.599e-06	4.006e-05	1.43e-05	5.824e-06	-2.638e-05	-2.513e-06
c28	-1.809e-06	4.091e-06	-2.422e-06	1.171e-05	3.037e-05	-6.287e-05	-3.141e-05	-6.692e-05	-0.0005227	-0.002358	-0.002548	-0.008172	0.01641	-0.01212	0.1953	0.02095	0.9075	-0.3402	0.1334	0.06038	0.01203
#Scores	1	2	3	4	5	6	7	8	9	10	11	12	13	14	15	16	17	18	19	20	21
1	-4.772e+06	3.667e+06	2.28e+06	-6.371e+05	2.798e+04	-2.44e+04	-1.125e+05	-2.167e+04	5077	-189.7	58.74	-0.07112	3.943	-34.38	-11.77	-27.55	-9.359	-7.022	-2.373	2.388	1.01
2	-4.887e+06	3.485e+06	2.17e+06	-6.342e+05	-6.252e+04	-4.566e+04	-1.334e+05	-5344	385.4	-303.3	-86.33	-106.2	31.55	-24.24	-1.712	-23.02	-15.79	-8.932	-5.507	7.866	2.173
3	-4.797e+06	3.493e+06	2.18e+06	-6.114e+05	2.448e+05	-4.382e+04	1.45e+05	6.964e+04	6119	517.6	334	135.9	-192.9	8.355	7.151	15.78	6.136	0.4721	2.679	-5.819	0.1994
4	-4.708e+06	3.913e+06	2.448e+06	-7.566e+05	-8.085e+05	-3.328e+05	-7.237e+04	2.585e+05	-41.36	341.2	-124.7	-594.3	145.2	30.23	31.3	2.171	1.848	9.942	5.991	4.272	0.8617
5	-5.087e+06	2.259e+06	1.407e+06	-4.462e+05	3.392e+05	4.022e+04	5.251e+04	-1.225e+04	-9872	-63.28	-51.92	231.8	-46.71	13.21	20.38	-9.145	3.713	4.335	-7.055	-1.922	-0.0948
6	-4.669e+06	3.658e+06	2.279e+06	-6.352e+05	1.482e+05	-3.486e+04	3.132e+04	2.909e+04	4776	45.33	191	121.7	-104.9	-17.96	-3.617	-10.82	-2.853	-9.468	-3.103	1.293	1.265
7	-4.69e+06	3.774e+06	2.332e+06	-6.552e+05	-5.531e+04	-1.068e+05	2.242e+04	8.612e+04	4228	208.7	138.3	-47.73	-46.59	-5.756	0.6843	-3.243	-2.701	-4.408	-0.4373	1.976	1.271
8	-4.688e+06	3.603e+06	2.25e+06	-6.276e+05	1.524e+05	2051	-5.715e+04	-3.006e+04	4769	-218	121.5	104.3	-78.86	-37.85	-7.643	-24.01	-6.477	-4.398	-2.959	0.3159	0.5842
9	-7.27e+06	-1.887e+05	8.085e+05	-4.035e+05	2.081e+05	5.702e+04	-7.528e+04	-1.456e+04	1947	-173	97.6	243	-51.19	-6.648	27.58	16.11	20.01	3.124	6.857	1.644	-0.4669
10	-4.612e+06	2.255e+06	-7.216e+05	1.571e+06	-1.712e+05	5.737e+04	-6.865e+04	-108.7	-2066	5176	1326	50.35	141.4	-429.3	-73.07	-2.454	8.087	8.496	-11.77	-3.788	-1.109
11	-5.766e+06	5.861e+05	1.048e+06	-4.537e+05	9.713e+04	3.81e+04	-1.417e+05	-2.833e+04	2042	-272.2	21.05	249.8	39.12	-13.07	22.6	-4.068	7.8	4.676	1.031	-1.737	-0.7905
12	-4.662e+06	2.272e+06	-9.344e+05	1.375e+06	-2.616e+04	-1.118e+05	2.61e+04	3.957e+04	1772	-296.3	189.8	357.1	-608.2	131.6	-55.57	4.484	4.413	10.74	-0.8798	-2.389	1.188
13	-6.912e+06	2.841e+05	1.001e+06	-4.537e+05	6.293e+04	6.26e+04	-2.517e+05	-8.291e+04	-634.7	-364.2	-204.1	-260.9	-58.87	0.5311	40.15	27.68	1.306	19.67	0.5212	-3.198	-1.901
14	-4.661e+06	2.293e+06	-1.06e+06	1.286e+06	-4.067e+04	-3.689e+04	-1.801e+04	7859	2465	-276	79.62	312.4	-633.8	129	-6.28	5.032	-3.589	8.288	1.044	-2.831	2.419
15	-6.605e+06	1.127e+06	1.444e+06	-5.947e+05	1.671e+05	3.298e+04	-8.412e+04	-3.125e+04	3875	-219.9	168.4	272.9	-82.5	-20.65	29.66	6.761	3.022	10.46	3.21	-1.625	-0.8822
16	-4.663e+06	2.467e+06	-8.375e+05	1.401e+06	-6.348e+05	2.814e+05	-7.14e+04	1.073e+04	-3194	-964.4	-43.71	1.345	-348.2	90.9	31	-14.35	0.8768	0.6549	-4.514	8.687	0.9663
17	-7.245e+06	-1.34e+06	1.851e+05	-2.053e+05	1.93e+05	4.895e+04	-3.32e+04	2.086e+04	150.1	-52.07	2.471	37.99	-42.12	0.1804	2.961	19.66	56.16	-13.52	8.398	1.526	-0.06011
18	-4.6e+06	2.128e+06	-7.403e+05	1.592e+06	2.232e+05	-1.899e+05	1852	-2.857e+04	1404	-387.7	223.4	208.3	-416.1	71.86	48.6	-1.116	4.557	1.952	-3.309	4.215	-0.02653
19	-7.035e+06	-2.35e+05	7.61e+05	-3.861e+05	1.707e+05	4.88e+04	-8.122e+04	-5511	1673	-161.4	21.95	305.7	0.1575	-18.73	15.69	10.72	15.59	-4.433	2.766	1.111	0.2119
20	-4.645e+06	2.109e+06	-7.666e+05	1.603e+06	-4.621e+05	1.579e+05	-7.886e+04	5.664e+04	-4577	-681.4	-18.33	93.34	-201.1	48.39	-15.41	-2.337	-5.703	-5.473	3.467	2.647	-2.81
21	-6.559e+06	1.644e+06	1.716e+06	-6.779e+05	1.955e+05	4.679e+04	-1.186e+05	-4.939e+04	4556	611.1	18.91	166.6	-117.3	25.28	43.66	3.034	-1.722	10.78	3.612	1.563	0.63
22	-4.589e+06	2.325e+06	-6.641e+05	1.581e+06	-6.011e+04	-7699	-4.617e+04	-9075	-1367	-337.3	268.1	265.4	-362.1	9.202	-53.5	-6.802	-5.514	0.6195	1.253	6.639	-1.34
23	-6.301e+06	-3.874e+05	5.788e+05	-3.112e+05	1.23e+05	4.893e+04	-1.067e+05	-1.324e+04	598	-217.9	-48.68	222.8	28.32	-16.98	14.86	3.458	23.01	-8.4	2.29	2.354	0.2044
24	-4.579e+06	2.04e+06	-8.17e+05	1.54e+06	2.284e+05	-1.984e+05	5409	-2.569e+04	1549	-335.4	340.4	181.3	-340.2	52.3	36.35	0.3479	5.658	-7.249	0.7357	2.614	1.053
25	-7.048e+06	-1.127e+06	1.762e+05	-1.605e+05	-3.2e+05	-6.264e+04	1.708e+04	-5.86e+04	-533.6	4958	-730	60.23	-249.6	229.7	64.34	-18.03	0.7832	-2.132	5.158	2.581	1.358
26	-7.02e+06	-9.534e+05	2.698e+05	-1.792e+05	-8.882e+04	-5618	3.591e+04	4.883e+04	362.3	-27.33	38.91	453.9	62.63	-13.36	18.48	16.79	-0.1764	-2.743	-2.27	0.06032	0.1177
27	-6.985e+06	-8.526e+05	3.253e+05	-2.012e+05	-1.352e+05	-1.384e+04	3.753e+04	-1.5e+04	638.6	-64.35	58.36	300.3	-24.57	-10.38	8.953	10.7	-1.764	-3.796	-0.4622	-2.184	0.01626
28	-7.035e+06	-7.846e+05	3.678e+05	-2.452e+05	-7.536e+05	-1.775e+05	9891	-1.205e+05	-1751	-858.4	104	-201.8	-29.55	-4.051	-37.41	-21.57	2.851	-2.688	-2.081	-2.154	-0.03924
29	-7.188e+06	-1.672e+06	-9.673e+04	-6.262e+04	8.12e+04	4.155e+04	1.51e+04	9707	248.4	-102.3	87.44	267.6	0.699	-26.8	5.138	1.335	-2.368	-0.204	-2.717	-0.3354	-0.02038
30	-7.23e+06	-1.721e+06	-1.14e+05	-9.585e+04	-6.337e+05	-1.666e+05	-2.633e+04	-3.44e+04	-3137	-553.7	-50.08	17.26	79.33	-30.57	-15.11	-0.2041	-0.462	-1.208	-1.518	0.2159	0.1211
31	-7.019e+06	-1.006e+06	2.42e+05	-1.749e+05	-2.013e+05	2443	3.782e+04	-3.944e+04	140	-140.5	126.7	276.7	2.272	-52.26	1.356	1.468	0.153	-4.667	-2.992	-1.646	0.0571
32	-7.129e+06	-1.708e+06	-1.223e+05	-6.277e+04	1.006e+05	2.462e+04	6649	1.393e+04	286.4	-81.9	35.91	259.2	-0.7844	-7.021	3.103	1.2	-5.089	-6.354	-0.5698	2.389	0.9714
33	-6.375e+06	4.067e+06	-4.333e+06	-2.085e+06	1.596e+05	-4.545e+04	4.354e+04	-3.185e+04	1.266e+04	148.7	-522.3	-27.42	448	7.853	-80.12	-8.097	5.247	5.319	8.363	3.062	0.3119
34	-4.715e+06	2.855e+06	-2.918e+06	-1.154e+06	5.538e+04	-8458	-1.846e+04	-1.4e+04	-2372	110.6	1494	3.75	723.6	513	-22.78	0.1724	7.587	6.452	-14.66	6.504	2.61
35	-4.851e+06	3.087e+06	-3.32e+06	-1.608e+06	3.632e+04	-7207	1.766e+04	1.047e+04	1882	107.1	-201.2	7.161	-336.2	-69.18	32.11	9.463	2.56	5.531	-2.579	0.136	-2.71
36	-4.865e+06	3.123e+06	-3.321e+06	-1.525e+06	6276	-3.287e+04	2.044e+04	2.206e+04	616	-4.838	-285.6	44.72	-199.6	-193.3	11.81	3.409	-3.204	-0.616	-1.241	8.254	-2.043
37	-4.695e+06	2.517e+06	-1.885e+06	-2.142e+05	2.092e+05	-6.149e+04	2.637e+04	-1.728e+04	-1.019e+04	-206.6	-404.2	-48.94	160.8	-159.1	-17.61	1.002	3.194	14.41	11.79	8.501	10.85
38	-4.761e+06	2.974e+06	-3.019e+06	-1.322e+06	3.35e+04	-1.109e+04	-9858	3827	-856.3	-117.9	-355.2	23.5	-243.5	-110.9	14.61	-0.6636	-1.241	-4.374	-8.699	-4.123	3.959
39	-4.821e+06	3.046e+06	-3.181e+06	-1.451e+06	-9.462e+04	-2.557e+04	-8.562e+04	-1.216e+04	-747.9	182.6	-401.8	-63.55	-159.3	-13.83	4.99	-14.92	-5.481	-6.985	-7.963	-1.814	-6.97
40	-4.753e+06	2.94e+06	-3.019e+06	-1.273e+06	8.767e+04	-2.177e+04	6.224e+04	2.377e+04	-538.5	33.12	-210	66.68	-212.8	-43.37	2.778	6.795	2.293	-4.657	-6.868	-2.172	-3.269
41	-6.088e+06	-1.399e+06	-4.305e+04	-8.151e+04	1.122e+05	2.929e+04	1.058e+04	9966	519.5	-58.38	57.1	-56.03	-41.83	-2.605	-15.87	-17.7	-0.3332	-0.6979	-0.07527	0.204	0.1576
42	-6.094e+06	-1.548e+06	-1.214e+05	-5.925e+04	8.436e+04	2.975e+04	5544	1.757e+04	79.97	-55.17	24.77	127.3	6.13	-5.355	-11.96	-3.005	-1.016	-4.688	-1.278	1.795	0.4992
43	-5.689e+06	-1.421e+06	-1.036e+05	-5.486e+04	1.194e+05	3.043e+04	5309	2.052e+04	299.1	-25.25	37.53	-89.83	-34.13	-0.9049	-9.053	-27.09	0.2844	0.8156	0.6868	0.1955	0.04445
44	-5.379e+06	-1.353e+06	-5.032e+04	-1.042e+05	-4210	-1.207e+04	-3415	1833	-102.4	99.54	-24.22	286.4	30.88	-1.619	-2.883	-1.085	-0.8954	-1.928	-0.5266	0.5315	0.2492
45	-6.078e+06	-1.522e+06	-1.053e+05	-6.924e+04	4.343e+04	561.5	-1367	-7561	70.31	80.05	8.983	-268.9	-67.41	11.43	-13.62	21.27	-5.43	-4.738	-2.486	1.685	0.867
46	-6.208e+06	-1.511e+06	-9.145e+04	-6.825e+04	1.085e+05	1.498e+04	3025	1.141e+04	342.8	44.73	22.18	-292.5	-34.26	2.016	20.08	20.67	-10.61	2.096	-2.989	-0.7485	0.2614
47	-5.815e+06	-7.218e+05	2.975e+05	-2.029e+05	-2.631e+05	-5.938e+04	2.205e+04	1.199e+04	-396.1	-193.4	17.49	125.1	32.13	-13.83	-1.854	9.639	2.171	-1.081	-1.058	-0.7056	-0.01249
48	-5.578e+06	-8.321e+05	2.642e+05	-2.158e+05	-1.08e+05	-6.144e+04	1.009e+04	3.383e+04	217.2	-28.6	24.55	308.5	54.86	-9.679	3.998	8.361	-0.06854	-0.7546	-0.3376	-0.2846	0.2155
49	-5.685e+06	-1.407e+06	-9.309e+04	-6.209e+04	7.632e+04	2.106e+04	4564	3862	205.5	-99.02	48.77	-193.4	-65.93	0.09496	-20.88	-11.38	0.1522	-0.1361	0.03364	0.1659	0.1374
50	-6.152e+06	-1.514e+06	-9.503e+04	-6.687e+04	1.363e+05	3.568e+04	3828	1.913e+04	400.3	-44.01	72.27	-440.7	-117.1	10.79	-25.03	-29.79	2.818	4.106	1.952	-0.7425	-0.2026
51	-6.009e+06	-1.534e+06	-1.208e+05	-5.833e+04	1.246e+05	3.179e+04	771.6	2.022e+04	211.7	-26.76	129.4	-305.9	-32.48	37.2	-17.9	-14.39	-1.077	-2.947	-0.444	1.204	0.4477
52	-6.121e+06	-1.525e+06	-1.042e+05	-6.822e+04	2.714e+04	2.045e+04	5692	7445	-96.09	-113.9	14.8	120.3	15.68	-10.76	-9.417	14.28	-1.572	-3.906	-1.969	0.9824	0.3307
53	-6.2e+06	-1.334e+06	3305	-1.08e+05	-2.036e+05	1.289e+04	1.872e+04	-3.779e+04	-691.4	313.9	-91.06	147.3	-3.33	9.55	0.2741	1.989	1.777	-4.711	-1.946	0.5919	0.1807
54	-6.027e+06	-9.769e+05	1.801e+05	-1.626e+05	-1.695e+05	-2.19e+04	2.131e+04	-2650	-133.5	247.7	-46.7	227.3	22.67	4.085	6.515	4.972	1.447	-0.2844	-0.7481	-0.9377	-0.1364
55	-6.056e+06	-1.541e+06	-1.213e+05	-5.85e+04	1.033e+05	3.013e+04	4901	1.536e+04	182.7	-59.42	45.77	-141.1	-51.97	2.063	-20.58	-9.545	-0.6598	-3.747	-0.6766	1.754	0.5616
56	-6.07e+06	-1.541e+06	-1.215e+05	-5.738e+04	7.793e+04	4.412e+04	1.015e+04	2.135e+04	16.49	-47.82	17.11	196.9	27.81	-8.951	-3.757	0.998	-1.183	-5.163	-1.85	1.8	0.4465
57	-6.133e+06	-1.52e+06	-9.871e+04	-6.816e+04	1.007e+05	3.047e+04	6712	1.158e+04	184.4	-63.83	42.28	-45.39	-48.27	-0.9538	-10.15	-16.78	-0.4078	0.863	-0.06438	-0.05682	0.0119
58	-6.102e+06	-1.561e+06	-1.18e+05	-6.6e+04	8.59e+04	2.533e+04	3791	1.711e+04	65.66	-54.3	24.5	137.6	-8.137	-5.326	-3.447	-2.332	-2.647	-4.331	-1.69	1.825	0.5886
59	-5.743e+06	-1.513e+06	-1.034e+05	-8.167e+04	1.163e+05	3.253e+04	3000	2.156e+04	230	-18.5	53.03	-88.04	-51.85	4.781	-15.44	-28.01	1.899	-1.957	0.6296	1.362	0.3858
60	-6.089e+06	-1.535e+06	-9.873e+04	-7.888e+04	4.341e+04	2435	-1191	-7266	-23.69	80.73	7.482	-263.1	-86.1	12.27	-9.795	22.23	-3.388	1.179	-1.325	-0.5339	0.1634
61	-6.228e+06	-1.557e+06	-1.087e+05	-6.594e+04	1.006e+05	2.83e+04	5572	1.356e+04	90.31	43.9	41.29	-304.6	-78.88	9.933	-0.7085	18.46	-4.828	0.2383	-1.236	-0.4009	0.2224
62	-6.001e+06	-1.246e+06	4.534e+04	-1.364e+05	-3.076e+05	-7.665e+04	-1680	1.633e+04	-1440	-212.3	-34.62	151	78.22	-7.74	6.888	12.41	1.068	4.021	-0.5564	-1.641	-0.5271
63	-5.711e+06	-1.269e+06	4147	-1.147e+05	-1.646e+05	-3.624e+04	2314	4.268e+04	-999.1	-57.83	-39.06	328.7	99.86	-8.088	14.9	11.21	0.02542	-0.01702	-1.016	0.2498	-0.06714
64	-5.721e+06	-1.48e+06	-1.071e+05	-7.125e+04	7.377e+04	1.668e+04	776.5	4057	128	-97.09	51.41	-183	-76.68	2.274	-15.44	-11.27	-1.797	-3.074	-0.9015	1.54	0.6255
65	-6.167e+06	-1.547e+06	-1.067e+05	-6.641e+04	1.334e+05	3.677e+04	3013	1.965e+04	284.9	-44.1	78.05	-431.9	-130.9	15.04	-18.94	-29	2.894	6.143	1.974	-1.349	-0.3943
66	-6.027e+06	-1.558e+06	-1.142e+05	-7.12e+04	1.246e+05	3.257e+04	256.1	2.047e+04	207.6	-37.48	55.04	-298.8	-100.8	8.026	-16.6	-14.76	-0.1148	-2.074	-0.101	1.609	0.5655
67	-6.12e+06	-1.507e+06	-8.365e+04	-8.138e+04	3.338e+04	1.146e+04	3597	6033	-55.19	-110.4	24.94	130.9	-2.949	-7.426	-0.2835	14.93	-3.364	-2.73	-2.331	0.7033	0.3618
68	-6.271e+06	-1.533e+06	-9.029e+04	-9.306e+04	-2.047e+05	-4.113e+04	-4936	-4.198e+04	-935	308.7	-112.9	158	-10.38	15.52	-0.9619	1.771	-1.646	-2.079	-0.7458	1.597	0.5839
69	-6.156e+06	-1.344e+06	2998	-1.163e+05	-1.961e+05	-4.853e+04	192.5	-1388	-846.8	234	-82.6	245.8	34.73	10.54	9.799	6.26	0.2126	3.264	-0.2067	-1.363	-0.3726
70	-6.065e+06	-1.554e+06	-1.18e+05	-6.519e+04	1.031e+05	3.097e+04	4753	1.555e+04	179.1	-58.29	50.57	-132	-72.29	3.007	-14.26	-9.036	-1.234	-3.538	-0.9479	1.806	0.6233
71	-6.079e+06	-1.553e+06	-1.139e+05	-6.849e+04	8.471e+04	2.505e+04	3886	1.906e+04	71.59	-45.38	21.81	205.5	4.167	-6.448	0.5911	1.139	-2.72	-3.72	-1.761	1.516	0.4907
72	-4.494e+06	9.382e+05	-4.459e+05	9.433e+05	1.945e+05	-1.046e+05	6398	-1.289e+04	1054	-260	-148.6	-111.5	89.37	-3.89	60.49	-12.68	4.534	-6.454	-0.5776	1.811	-0.1807
73	-4.502e+06	7.989e+05	-5.064e+05	9.53e+05	1.672e+05	-1.037e+05	4118	-6096	799.9	-249.1	-105.5	33.25	49.86	-4.268	6.076	-4.184	0.08355	-8.84	-0.772	3.391	0.136
74	-4.085e+06	9.696e+05	-4.595e+05	9.435e+05	2.012e+05	-1.275e+05	1.242e+04	-1.096e+04	774.4	-222.8	-116.5	-157.7	174.5	-33.54	83.91	-18.4	15.95	-0.7603	3.584	-2.798	-1.31
75	-3.731e+06	1.145e+06	-4.031e+05	8.916e+05	8.922e+04	-6.034e+04	448.1	-5341	617.9	-77.84	-173.9	162.6	9.432	20.37	-42.81	-8.249	1.124	-1.172	2.443	3.539	-0.2869
76	-4.426e+06	9.675e+05	-4.474e+05	9.499e+05	1.45e+05	-6.781e+04	-8095	-1.604e+04	383.7	-82.27	-100.4	-332.7	34.43	-19.02	21.34	24.28	-1.93	1.559	-2.175	-0.4052	-1.013
77	-4.561e+06	9.775e+05	-4.206e+05	9.37e+05	1.994e+05	-1.048e+05	1.001e+04	-1.203e+04	254.4	-116.6	72.83	-405.6	97.81	7.903	31.42	21.03	4.697	1.599	-2.675	-1.456	-1.105
78	-4.176e+06	1.746e+06	-6.635e+04	8.388e+05	-1.756e+05	7.635e+04	2.189e+04	4.499e+04	-2662	-352.8	-271.2	55.11	18.4	-30.15	-28.93	4.673	-0.3853	2.672	-1.561	1.106	-2.312
79	-3.895e+06	1.681e+06	-1.501e+05	8.515e+05	-5.848e+04	-1.981e+04	4.845e+04	3.612e+04	477.5	-230.8	-112	151.2	-19.72	17.46	-68.18	-0.9544	3.887	3.146	1.887	0.8087	-1.525
80	-4.163e+06	8.489e+05	-4.498e+05	9.002e+05	1.632e+05	-8.723e+04	-2553	-1.307e+04	859.2	-279.5	-162.8	-220.7	94.05	-8.344	76.67	-3.88	6.922	-7.945	-0.8343	2.099	-0.05331
81	-4.52e+06	9.304e+05	-4.446e+05	9.412e+05	2.232e+05	-1.261e+05	9880	-1.283e+04	1433	-238	-116.6	-406.1	223.2	-46.81	198.3	-8.055	-0.1941	-3.622	-4.08	-1.148	-0.09494
82	-4.41e+06	8.343e+05	-4.955e+05	9.5e+05	2.018e+05	-1.219e+05	8350	-1.039e+04	337.4	-151.6	379.3	-361.3	337.7	-70.42	81.57	-0.3616	8.656	-7.085	-4.345	-1.903	-0.4618
83	-4.489e+06	9.256e+05	-4.509e+05	9.426e+05	1.255e+05	-7.084e+04	-467.1	-6062	647.8	-290.7	-114.7	21.2	57.71	10.64	-15.28	11.14	-6.728	-1.647	2.95	-1.498	-1.266
84	-4.435e+06	1.488e+06	-2.503e+05	8.35e+05	-4.276e+04	6.315e+04	-7537	-1.564e+04	572.2	205.1	-277.7	84.74	-3.064	33.09	-28	-4.273	-3.814	-2.441	-1.577	1.94	-0.5788
85	-4.385e+06	1.496e+06	-1.738e+05	8.684e+05	-6.068e+04	4.436e+04	2059	2.11e+04	-189.2	111.9	-210.2	147.5	23.19	9.733	-44.25	-1.855	1.265	1.809	1.343	0.5112	-2.034
86	-4.473e+06	7.929e+05	-5.037e+05	9.473e+05	1.852e+05	-1.098e+05	4075	-9879	690.6	-254.9	-141	-184.2	129.8	-23.99	79.06	-1.54	-1.95	-9.443	-1.629	1.96	0.2303
87	-4.483e+06	8.22e+05	-5.49e+05	8.998e+05	1.639e+05	-1.038e+05	9933	-5359	1115	-220.6	-14.66	78.66	27.97	-32.75	-18.35	-2.538	0.6507	-7.747	2.421	0.09748	0.4395
88	-5.64e+06	-7.108e+05	-1.259e+05	1.782e+05	1.525e+05	6223	-846.9	9445	740.4	-96.9	-36.08	-49.56	57.99	-12.17	22.66	-13.64	-6.753	5.211	0.6258	-1.305	-0.435
89	-5.675e+06	-9.284e+05	-2.233e+05	2.097e+05	1.051e+05	2.543e+04	5809	1.769e+04	103.4	-103	-46.8	116	61.11	-9.452	6.213	-1.658	-5.605	-5.486	-1.845	1.894	0.2476
90	-5.26e+06	-7.573e+05	-1.738e+05	1.93e+05	1.466e+05	5411	7172	1.563e+04	234.2	-61.3	27.67	-98.25	74.66	-15.72	25.68	-22.63	-1.551	6.656	0.9839	-1.756	-0.6967
91	-4.875e+06	-5.379e+05	-1.788e+05	1.319e+05	2.164e+04	2.533e+04	1.023e+04	7371	590.6	60.77	-93.16	258.3	51.16	-3.322	-0.5367	-0.9263	-0.1772	0.4463	0.2777	-0.1232	0.4726
92	-5.578e+06	-6.923e+05	-1.227e+05	1.796e+05	1.075e+05	8162	-1.981e+04	158.1	107.2	65.84	-45.28	-263.6	12.04	22.02	5.22	23.32	-7.645	4.231	-0.9242	-0.2932	-0.2942
93	-5.757e+06	-7.996e+05	-1.958e+05	1.663e+05	1.407e+05	1.657e+04	2881	1.305e+04	459.1	9.33	-13.7	-334.1	-34.94	23.32	-1.374	18.39	-1.427	7.437	1.817	-0.2761	0.08551
94	-5.359e+06	-6479	2.216e+05	7.499e+04	-2.592e+05	2.984e+04	4.793e+04	2.445e+04	-1024	-247.1	-84.13	109.9	49.15	-22.67	13.22	11.5	2.027	3.288	-0.7156	-1.165	-1.086
95	-5.036e+06	4.81e+04	2.056e+05	9.698e+04	-1.288e+05	6.621e+04	7.34e+04	4.363e+04	118.6	-98.56	-5.934	257.5	62.01	-16.1	7.48	9.503	4.56	-0.8107	0.382	-0.8784	-0.8795
96	-5.264e+06	-7.495e+05	-1.509e+05	1.79e+05	1.207e+05	8144	-1.043e+04	6337	437.9	-127	-32.78	-178	31.07	-7.65	17.97	-7.14	-4.9	5.874	0.379	-2.412	-0.8401
97	-5.704e+06	-8.231e+05	-1.709e+05	1.992e+05	1.62e+05	1.6e+04	7473	1.492e+04	670.6	-93.25	-9.279	-419.1	1.746	-5.942	47.81	-21.92	-5.818	9.477	0.5222	-3.844	-1.048
98	-5.572e+06	-8.655e+05	-2.12e+05	1.99e+05	1.49e+05	5658	3709	1.493e+04	348.2	-56.26	152.6	-320.9	56.09	-79.28	3.131	-10.12	-2.779	-2.037	-0.7274	0.3053	0.4608
99	-5.684e+06	-8.681e+05	-1.966e+05	2.029e+05	6.542e+04	1.381e+04	-8482	1.122e+04	14.43	-147.7	-51.89	112.8	72.49	-12.73	-2.341	15.17	-4.895	1.268	-0.106	-1.299	-0.7089
100	-5.717e+06	-5.451e+05	-3.106e+04	1.55e+05	-1.462e+05	9.14e+04	201.2	-1.495e+04	-787.2	311.6	-168.9	171.7	78.05	-8.85	17.13	4.206	-2.917	-1.82	-2.159	-0.162	-0.8251
101	-5.485e+06	1.864e+04	1.445e+05	-2.155e+04	-8.883e+04	3.73e+04	9803	1.443e+04	1224	265	-94.58	240.1	13.9	-1.114	15.04	4.867	-0.6812	0.8417	-2.465	-2.477	0.585
102	-5.636e+06	-9.175e+05	-2.211e+05	2.053e+05	1.32e+05	7295	-1911	1.36e+04	275.5	-104.5	-44.41	-133.6	45.65	-8.261	22.6	-5.55	-8.781	-3.999	-0.4721	2.105	0.6091
103	-5.632e+06	-8.727e+05	-1.999e+05	2.035e+05	1.126e+05	5966	3079	1.631e+04	57.81	-96.58	-61.2	176.4	63.38	-10.54	5.394	0.8468	-6.558	-4.39	-0.706	0.9685	0.1024
104	-6.067e+06	-1.333e+06	-7953	-9.249e+04	1.162e+05	3.817e+04	1.566e+04	1.021e+04	581.9	-43.41	128.9	-51.66	-3.746	-1.884	-6.382	-15.51	0.002894	4.363	-0.6116	-2.049	-0.4998
105	-6.077e+06	-1.497e+06	-9.262e+04	-6.956e+04	9.052e+04	2.75e+04	6662	1.663e+04	176	-52.69	20.43	133.2	20.57	-9.545	-0.9256	-1.597	-2.645	-1.283	-1.253	0.3364	0.1461
106	-5.745e+06	-1.509e+06	-9.395e+04	-8.887e+04	1.196e+05	2.654e+04	1342	2.071e+04	268.1	-17.53	46.91	-88.82	-49.19	2.262	-15.72	-27.59	2.871	2.28	1.662	-0.3381	-0.1171
107	-5.392e+06	-1.392e+06	-6.978e+04	-9.858e+04	-7935	-1.235e+04	-4877	2284	-186.1	98.01	-27.18	286.8	33.04	-0.7005	-4.024	-1.292	-1.193	-3.449	-0.804	1.21	0.4342
108	-6.087e+06	-1.529e+06	-1.081e+05	-8.643e+04	4.332e+04	4081	-349.4	-7079	56.78	90.62	45.58	-251.8	-20.91	26.3	9.605	24.89	-7.752	2.528	-0.3772	-0.599	-0.3264
109	-6.22e+06	-1.539e+06	-1.156e+05	-7.253e+04	1.02e+05	2.736e+04	5989	1.332e+04	237.6	43.55	28.56	-317.2	-69.28	9.754	-11.19	18.18	-2.007	4.646	4.436	-1.498	-1.443
110	-5.955e+06	-1.07e+06	1.675e+05	-1.929e+05	-2.779e+05	-1.007e+05	-2750	1.092e+04	-875.3	-191.1	18.64	140.5	75.4	-21.27	-1.088	11.76	1.962	8.307	0.4652	-3.721	-0.8967
111	-5.659e+06	-1.076e+06	1.272e+05	-1.773e+05	-1.335e+05	-5.999e+04	1984	3.715e+04	-343.6	-41.06	-13.55	318.5	83.96	-9.559	8.639	9.825	-0.5556	1.334	0.9911	1.716	0.5601
112	-5.697e+06	-1.412e+06	-7.415e+04	-8.026e+04	8.101e+04	1.437e+04	2453	2934	269.1	-94.1	48.39	-177.2	-51.64	-2.429	-2.354	-9.374	-3.476	2.056	-0.678	-0.6762	0.04764
113	-6.139e+06	-1.473e+06	-7.375e+04	-7.378e+04	1.41e+05	3.381e+04	4675	1.84e+04	452.5	-35.87	109.6	-436.1	-88.6	21.37	-16.09	-27.9	3.105	11.1	2.41	-3.606	-1.059
114	-6.023e+06	-1.548e+06	-1.091e+05	-7.29e+04	1.277e+05	2.589e+04	-1443	1.953e+04	208.7	-37.14	38.2	-288.3	-60.45	1.769	1.017	-12.68	-4.422	0.116	-0.8647	0.6836	0.4106
115	-6.103e+06	-1.466e+06	-6.871e+04	-8.296e+04	3.911e+04	3487	2524	4592	7.875	-107.4	29.2	122.7	36.83	-6.289	-2.385	15.37	-3.461	0.8019	0.08245	-2.011	-0.3062
116	-6.164e+06	-1.235e+06	5.098e+04	-1.289e+05	-1.802e+05	-2.97e+04	9054	-4.424e+04	-361.1	321	-83	144.9	3.918	12.19	1.179	1.778	-1.395	-0.482	-0.6963	0.1859	0.2731
117	-5.936e+06	-7.151e+05	3.151e+05	-2.056e+05	-1.34e+05	-5.14e+04	2.139e+04	-9553	499.7	261.3	-19.49	221	14.86	3.897	9.279	4.913	-0.0664	5.872	0.2947	-3.672	-0.6728
118	-6.041e+06	-1.495e+06	-9.512e+04	-6.784e+04	1.085e+05	2.92e+04	6262	1.465e+04	281.9	-57.02	45.01	-137.7	-43.88	-0.8542	-13.52	-8.523	-1.232	-0.4306	-0.3941	0.3311	0.188
119	-6.05e+06	-1.477e+06	-8.101e+04	-7.503e+04	9.15e+04	2.482e+04	6463	1.812e+04	210.6	-42.7	21.47	197.1	31.15	-9.325	-1.2	1.135	-2.729	-2.536	-1.49	0.744	0.2721
120	-6.107e+06	-1.394e+06	2009	-1.191e+05	1.172e+05	3.417e+04	1.251e+04	1.017e+04	644.7	-48.31	76.94	-52.08	-54.61	-1.994	-14.27	-17.13	1.919	3.025	0.7866	-1.421	-0.2981
121	-6.126e+06	-1.582e+06	-9.773e+04	-8.949e+04	8.501e+04	3.544e+04	6345	1.837e+04	118.7	-47.21	36.54	132	5.737	-5.897	-9.684	-2.6	-0.1938	-4.177	-1.197	1.47	0.4338
122	-5.744e+06	-1.498e+06	-8.349e+04	-9.507e+04	1.217e+05	2.429e+04	1489	2.013e+04	321.8	-15.89	54.32	-90	-56.92	3.844	-17.8	-28.13	1.712	0.8391	1.254	0.2963	0.1144
123	-5.385e+06	-1.372e+06	-5.936e+04	-1.017e+05	-5932	-1.226e+04	-4128	2039	-142.3	98.75	-26.25	286.6	31.65	-1.411	-3.461	-1.197	-1.053	-2.699	-0.6596	0.8728	0.344
124	-6.083e+06	-1.478e+06	-4.214e+04	-1.114e+05	5.213e+04	5181	1842	-7864	232.3	89.42	27.68	-277.6	-104.5	13.31	-26.51	20.04	-0.2381	-1.691	-0.7045	0.2926	0.415
125	-6.24e+06	-1.529e+06	-7.12e+04	-1.182e+05	1.092e+05	2.804e+04	6874	1.295e+04	542.7	55.41	62.07	-326.5	-121.7	11.98	-30.26	15.4	2.881	1.193	0.8295	0.2655	0.4708
126	-5.821e+06	-6.799e+05	3.633e+05	-2.502e+05	-2.461e+05	-7.988e+04	1.744e+04	8604	-12.25	-178	50.31	125.3	26.3	-14.29	-4.319	9.064	1.221	-0.9112	-0.242	0.3376	0.4407
127	-5.587e+06	-8.8e+05	2.216e+05	-1.913e+05	-1.233e+05	-3.607e+04	1.616e+04	3.768e+04	-28.08	-33.53	23.92	312.2	73.95	-11.29	9.604	9.616	0.8388	-0.7206	-0.8768	-0.3603	0.03328
128	-5.72e+06	-1.445e+06	-6.676e+04	-9.649e+04	8.115e+04	1.442e+04	1424	3169	274.9	-90.65	58.1	-187	-74.7	1.071	-18.57	-11.33	-0.2244	-0.2054	0.02523	0.2081	0.2538
129	-6.194e+06	-1.576e+06	-8.699e+04	-9.164e+04	1.3e+05	4.157e+04	7731	1.916e+04	377.9	-40.91	87.48	-442.2	-127.1	11.59	-27.79	-29.58	4.784	6.737	2.608	-1.89	-0.5548
130	-6.051e+06	-1.595e+06	-1.093e+05	-8.642e+04	1.229e+05	2.514e+04	786.9	1.869e+04	272.8	-36.47	59.28	-306.6	-90.13	6.889	-22.58	-15.36	-0.6148	-2.641	-0.01657	1.689	0.6504
131	-6.13e+06	-1.493e+06	-4.669e+04	-1.094e+05	3.834e+04	1.358e+04	4918	5884	109.5	-102.4	38.44	119.8	-1.705	-10.75	-12.77	13.69	-0.6913	-3.577	-1.623	0.7428	0.3693
132	-6.139e+06	-1.102e+06	1.664e+05	-1.855e+05	-1.576e+05	-3.955e+04	1.088e+04	-4.747e+04	105.3	336.8	-44.95	138.4	-37.4	13.41	-7.889	-0.03606	0.1245	-1.959	-0.8432	-0.6603	0.234
133	-6.11e+06	-1.179e+06	1.088e+05	-1.601e+05	-1.786e+05	-4.227e+04	8080	-2862	-410.8	247.6	-59.9	230.1	54.34	2.397	2.213	5.351	1.518	2.493	0.05937	-1.752	-0.402
134	-6.077e+06	-1.545e+06	-8.359e+04	-9.182e+04	1.051e+05	4.107e+04	8399	1.644e+04	271.5	-50.54	63.65	-140	-60.72	2.13	-21.6	-9.432	1.609	-2.743	-0.2478	1.149	0.3788
135	-6.091e+06	-1.542e+06	-7.91e+04	-9.52e+04	8.683e+04	3.493e+04	7499	1.99e+04	177.5	-37.44	35.5	197.2	16.95	-7.389	-7.007	0.62	-0.1781	-3.777	-1.238	1.184	0.3531
136	-4.12e+06	-9.732e+05	-7983	-9.649e+04	-1.967e+05	-6.024e+04	-9814	-4.163e+04	-719.1	-306.6	-0.4709	60.51	7.744	-14.1	-17.46	-4.433	0.5101	0.06398	-0.4391	-0.8317	-0.06606
137	-3.728e+06	-6.691e+05	1.13e+05	-1.318e+05	-2.503e+05	-8.533e+04	-6448	-2.331e+04	-702.2	-252.8	-0.7588	17.08	10.56	-9.835	-13.25	-2.791	1.055	0.2862	-0.02652	-0.6961	0.02793
138	-3.857e+06	-8.112e+05	4.838e+04	-1.189e+05	-3.869e+05	-1.2e+05	-1.756e+04	-4.842e+04	-1573	-354.7	-1.523	-161.4	14.51	5.246	-17.8	-1.735	2.449	7.268	0.637	-3.315	-0.8183
139	-3.823e+06	-5.411e+05	1.977e+05	-1.734e+05	-4.752e+05	-1.59e+05	-1.428e+04	-3759	-1655	-284.4	-40.85	-150.5	32.17	-3.729	-12.54	-5.418	2.857	3.034	1.23	-0.9609	-0.09988
140	-3.794e+06	-9.363e+05	-3.096e+04	-7.931e+04	-1.121e+05	-3.449e+04	-6525	-3.01e+04	-434.7	-228.8	9.125	34.85	-4.755	-10.09	-13.9	-2.814	0.5771	1.423	0.492	0.04965	0.0903
141	-3.713e+06	-5.082e+05	1.977e+05	-1.621e+05	-3.458e+05	-1.141e+05	-5466	-3.144e+04	-861.4	-316.5	2.694	-77.78	-2.013	-9.997	-16.31	-7.369	1.661	0.7543	0.212	-0.9838	0.02793
142	-3.721e+06	-4.197e+05	2.473e+05	-1.773e+05	-3.295e+05	-1.168e+05	-2037	1.246e+04	-855.8	-107	-20.51	-41.09	23.39	-0.4341	-4.777	-0.2518	2.413	2.08	0.945	-0.8026	-0.02078
143	-3.748e+06	-6.115e+05	1.433e+05	-1.45e+05	-3.124e+05	-1.01e+05	-6783	-3.841e+04	-821.5	-328.8	2.736	-50.94	-3.311	-11.57	-16.98	-6.264	1.068	0.559	0.5775	0.2211	0.3056
144	-2.558e+06	1.693e+06	-1.879e+06	-8.238e+05	-1.84e+05	3.71e+04	-5.612e+04	1.314e+04	-7818	68.78	1053	-96.38	-72.82	-6.272	49.45	7.16	-10.02	-10.37	18.87	-0.1703	-5.995
145	-2.459e+06	1.362e+06	-1.07e+06	6347	2.109e+04	5703	-1.373e+04	-9758	-1.316e+04	-121.3	380.9	-30.53	22.68	-183.6	16.45	-0.1521	-4.414	1.147	6.902	0.9499	9.161
146	-2.533e+06	1.688e+06	-1.919e+06	-8.695e+05	-1.476e+05	4.389e+04	-3.08e+04	1.71e+04	-7111	40.6	894.6	13.2	-171.4	85.47	70.46	2.518	-9.44	-12.82	16.35	-11.87	0.8094
147	-3.923e+06	-9.978e+05	-4.119e+04	-9.519e+04	-4.039e+05	-1.224e+05	-2.483e+04	-4.641e+04	-1835	-366.2	-47.86	-160.9	8.118	-5.961	-26.22	-2.931	1.99	1.184	0.3028	-0.6237	-0.06884
148	-3.809e+06	-9.726e+05	-4.286e+04	-7.733e+04	-1.139e+05	-3.779e+04	-8809	-3.009e+04	-484.1	-229.4	6.756	32.45	-4.203	-9.658	-18.66	-3.701	0.1573	-2.246	-0.6239	0.3232	0.2451
149	-3.87e+06	-9.624e+05	-2.852e+04	-9.516e+04	-3.446e+05	-1.067e+05	-2.088e+04	-3.476e+04	-1562	-343.8	-39.98	-41.76	28.48	-10.03	-19.19	-5.546	1.221	0.3895	0.07363	-0.3099	0.001623
150	-3.746e+06	1.666e+06	-1.653e+05	7.587e+05	-4.567e+04	2.381e+04	-7645	-3001	833.3	3749	-493.3	-156	229.8	88.37	-40.78	-8.16	-3.558	-5.158	8.51	1.322	0.2419
151	-3.829e+06	8.521e+05	-4.979e+05	8.38e+05	-6622	-1.77e+04	-8614	2396	-3.181	-315.5	-199.9	14.04	258.2	-2.331	-68	4.624	-3.348	-7.219	-2.287	3.55	-0.1664
152	-3.546e+06	1.59e+06	-3.114e+05	5.848e+05	-1.22e+04	6.869e+04	-1.395e+04	-1.323e+04	2069	-360	-33.47	59.9	249.3	48.74	-33.38	-5.67	-1.68	-0.1192	2.724	-4.482	0.6263
153	-3.691e+06	1.38e+06	-2.334e+05	7.753e+05	1.116e+05	-3.32e+04	5703	-1.547e+04	1412	-283.5	-68.45	9.927	238.7	-3.884	-39.37	1.701	-1.721	7.73	6.26	-4.316	-1.825
154	-3.581e+06	1.915e+06	-3.014e+05	3.858e+05	-3.139e+04	-2.347e+04	-3.012e+04	-2.431e+04	4263	-180.1	-125	-32.82	10.83	38.57	-45.35	-4.109	-2.147	4.211	3.272	-4.78	2.223
155	-3.653e+06	2.117e+06	-6.079e+05	2.616e+04	-1.977e+05	1.992e+05	-1.63e+04	-1.781e+04	6666	-424.8	-153.8	-42.57	-127.4	15.22	46.95	2.589	3.971	4.547	-12.52	-14.88	6.941
156	-3.638e+06	1.919e+06	-1.903e+05	5.163e+05	-4.678e+05	2.262e+05	2.679e+04	4.83e+04	-1722	-479.2	-236.7	-192.8	219.5	25.03	6.192	0.17	8.593	0.04353	-6.109	-2.181	0.1377
157	-3.744e+06	1.571e+06	-2.477e+05	6.688e+05	-2.539e+04	4.816e+04	3929	-7327	1642	-366	-136.7	13.06	188.9	-5.109	-46.16	3.904	1.143	12.37	3.336	0.8187	0.0675
158	-3.745e+06	9.957e+05	-3.773e+05	8.558e+05	1.144e+05	-5.93e+04	-4425	-1.285e+04	645.3	-284.5	-156.5	-94.97	272.4	-6.824	-20.38	3.391	-1.502	-0.519	0.108	0.7648	-1.162
159	-3.78e+06	1.029e+06	-3.698e+05	8.517e+05	1.196e+05	-6.397e+04	-342.6	-9957	749.9	-268.7	-149.6	-61.14	259.2	-3.889	-27.54	4.883	0.2624	5.004	1.346	-1.494	-1.792
160	-3.691e+06	1.61e+06	-5.326e+05	3.773e+05	-2.424e+05	1.909e+05	-2.539e+04	1.365e+04	2482	-445.4	-155.9	-12.47	141.5	30.68	-4.621	-3.942	-0.296	-15.23	16.68	-14.58	2.703
161	-3.723e+06	1.356e+06	-4.812e+05	5.557e+05	-4.574e+04	4.461e+04	8474	-9014	2435	-354.5	-125.6	-1.704	108.3	-0.6322	-28.34	8.394	-6.492	-7.086	14.09	-13.75	0.7819
162	-3.621e+06	1.587e+06	-1.294e+05	7.323e+05	1.525e+04	1.175e+04	1.201e+04	6480	1089	-283.4	-118.6	15.87	194.6	-4.571	-65.42	4.706	1.076	4.619	0.5077	-2.27	-1.773
163	-3.672e+06	2.053e+06	-1.61e+05	4.788e+05	-6.271e+05	4.036e+05	-5.605e+04	4.681e+04	-1183	-501.2	-426.9	-332.3	275.2	-16.21	46.09	-1.842	10.4	-4.227	-10.38	-0.4279	0.1597
164	-3.748e+06	1.102e+06	-3.539e+05	8.162e+05	5.894e+04	-2.28e+04	-6121	-1.031e+04	618.4	-313.4	-142.8	13.98	257.2	-7.496	-62.54	-2.283	-2.34	-6.774	1.877	0.8598	-0.7321
165	-3.674e+06	1.633e+06	-4.018e+05	4.22e+05	-1.835e+04	5.069e+04	1.758e+04	9474	3863	-263.2	-89.83	59.92	-11.02	11.51	-15.49	7.791	4.51	8.178	-3.342	-6.095	2.635
166	-4.646e+06	5.097e+05	3.339e+05	9.711e+04	-1.112e+05	8.03e+04	5.505e+04	-1.326e+04	833.8	3808	-424.9	-36.31	-9.789	153	74.48	1.234	-4.796	-2.68	2.804	-0.1656	0.1786
167	-4.816e+06	-6.216e+05	-2.22e+05	2.435e+05	-5.067e+04	2.683e+04	-1.746e+04	1.146e+04	-787.3	-199.4	-80.77	172	169.7	-2.762	21.87	14.72	-11.58	-5.206	-5.225	3.934	0.4725
168	-4.384e+06	5.109e+05	3.276e+05	4.388e+04	-3.726e+04	8.229e+04	1.103e+04	-2.271e+04	1055	-283.3	68.09	125.1	112.6	-9.475	-0.529	-2.714	-2.459	3.189	3.91	8.039	-2.051
169	-4.537e+06	3.43e+05	2.548e+05	9.459e+04	9.891e+04	4.954e+04	2.546e+04	-7505	1627	-153.3	58.94	130.4	98.59	-16.11	28.18	9.017	-5.102	16.23	4.412	1.146	-0.2021
170	-4.256e+06	1.221e+06	6.837e+05	-3.368e+04	-4.234e+04	1.063e+05	2.32e+04	-1.951e+04	1882	-92.57	49.35	61.82	58.34	-15.03	41.54	5.531	-8.211	6.169	4.885	10.98	0.8233
171	-4.227e+06	1.577e+06	8.257e+05	-1.005e+05	-3.203e+05	2.371e+05	1.661e+05	-7.318e+04	2131	-488.3	290.4	-171.6	-33.04	-60.51	50.73	5.926	6.484	11.81	13.81	23.55	-1.964
172	-3.959e+06	2.292e+06	1.229e+06	-1.917e+05	-4.192e+05	8.632e+04	1.744e+05	-3.295e+04	1886	-415.5	269	-280.5	-56.58	-32.06	27.88	-2.08	5.495	-1.744	-5.22	-3.651	-0.6794
173	-4.336e+06	1.204e+06	6.815e+05	-2.458e+04	3.602e+04	8950	3.799e+04	-3.175e+04	2777	-233.3	139.3	77.09	30.03	-18.1	9.187	6.223	-7.945	9.285	2.511	-0.1415	0.106
174	-4.755e+06	-5.134e+05	-1.614e+05	2.257e+05	5.981e+04	2.443e+04	-6206	2911	95.47	-160.8	-34.63	52.95	141	-5.092	46.79	11.22	-13.56	1.969	-4.555	0.4895	-0.1291
175	-4.762e+06	-4.041e+05	-1.077e+05	2.101e+05	7.952e+04	-1.017e+04	-5780	279.9	519.9	-141.3	-6.863	85.78	121.4	0.5436	41.88	12.54	-13.51	8.522	-3.042	-2.15	-0.7233
176	-4.194e+06	1.361e+06	7.593e+05	-7.052e+04	-1.619e+05	9.013e+04	-1562	-2.356e+04	1482	-355	118.4	-0.8095	118.2	-50.01	13.74	-4.928	-10.32	-11.01	9.228	-0.553	-0.8243
177	-4.42e+06	6.254e+05	3.935e+05	3.616e+04	-3.683e+04	5954	4.311e+04	-3.368e+04	1805	-260.7	178.4	37.22	51.04	4.84	5.509	10.61	-11.9	-4.788	14.36	-2.834	0.6055
178	-4.217e+06	1.246e+06	7.159e+05	-3.72e+04	6.021e+04	3.278e+04	6.713e+04	-1.055e+04	2998	-137	172.3	116.4	14.43	-14.42	33.18	12.52	-8.801	6.066	-1.869	-2.349	-0.2728
179	-3.949e+06	2.552e+06	1.375e+06	-2.534e+05	-6.333e+05	2.363e+04	1.72e+05	-1.093e+05	2371	-540.1	298.8	-601.6	-171.2	-33.77	2.34	-14.1	5.643	-6.712	-4.602	-3.602	-0.005748
180	-4.58e+06	9.202e+04	1.304e+05	1.383e+05	4.659e+04	6.875e+04	1.503e+04	-827.5	952.4	-156.4	136.8	157.8	176.9	4.963	29.12	9.102	-7.96	3.62	-0.4576	-1.22	-0.5719
181	-4.262e+06	1.167e+06	6.234e+05	-7.353e+04	1.292e+04	3.723e+04	5.966e+04	-1.28e+04	3149	-168.7	167	89.7	2.6	-18.12	23.84	10.32	-5.48	5.528	-0.4023	0.2729	1.052
182	-4.913e+06	2.645e+06	1.489e+06	-3.08e+05	3.458e+05	207.8	7.146e+04	-2973	-8708	27.63	-26.87	139.9	93.97	46.41	-26.47	-5.5	1.642	0.3536	-0.7585	-4.729	-2.152
183	-4.777e+06	2.847e+06	1.662e+06	-3.529e+05	2.722e+05	1409	7191	-2.016e+04	-3198	-128.6	19.02	162.8	87.89	-19.23	-33.48	-16.6	-0.5138	-3.136	-2.811	-0.588	-0.5171
184	-6.364e+06	2.485e+06	1.668e+06	-3.635e+05	3.051e+05	1.529e+04	-1.873e+04	-3.763e+04	-3888	561.8	-137.7	-1156	-252.9	49.51	-109.6	96.93	9.957e-05	-15.07	-3.898	3.444	0.8839
185	-4.899e+06	2.803e+06	1.657e+06	-3.314e+05	2.564e+05	-5971	6203	-1.576e+04	-3802	-138.9	-25.87	91.19	83.8	51.19	-38.87	-11.36	-3.427	-7.273	-2.873	0.1638	-0.5934
186	-5.036e+06	1.863e+06	8.835e+05	-2.759e+05	3.389e+05	1.664e+04	6.295e+04	-4536	-2.311e+04	-156.7	-700.2	90.3	-26.22	85.67	31	-10.2	3.975	8.786	-1.471	-3.426	-1.421
187	-4.957e+06	2.509e+06	1.508e+06	-2.82e+05	3.503e+05	5289	5.559e+04	-7368	-6411	-61.71	-130.5	175.9	-5.765	-9.656	-13.04	-2.932	4.6	7.902	-2.231	-4.95	-2.322
188	-4.951e+06	2.802e+06	1.66e+06	-3.309e+05	2.664e+05	-6107	1.364e+04	-1.35e+04	-2788	100.8	-123.3	78.56	15.58	-16.94	-38	-9.21	-2.2	-8.299	0.01758	-0.5263	-0.3591
189	-4.939e+06	2.529e+06	1.506e+06	-2.796e+05	2.689e+05	9813	-1.543e+04	-3.232e+04	-6204	-212.6	-75.8	96.28	132.6	35.94	-30.27	-14.41	-1.24	-0.2388	0.6901	-4.283	-2.068
