0.502
0.484
0.481
0.484
0.592
0.449
0.481
0.475
0.485
0.440
0.482
0.457
0.484
0.469
0.494
0.474
0.476
0.434
0.466
0.481
0.499
0.432
0.478
0.402
0.369
0.471
0.494
0.485
0.427
0.473
0.484
0.482
0.522
0.475
0.481
0.486
0.494
0.412
0.472
0.474
0.446
0.434
0.449
0.429
0.367
0.396
0.427
0.469
0.484
0.472
0.466
0.438
0.434
0.363
0.466
0.483
0.438
0.473
0.479
0.474
0.445
0.435
0.430
0.539
0.443
0.449
0.484
0.514
0.459
0.481
0.460
0.475
0.534
0.457
0.425
0.493
0.457
0.388
0.562
0.476
0.465
0.475
0.513
0.459
0.437
0.452
0.475
0.457
0.476
0.473
0.420
0.455
0.489
0.403
0.478
0.447
0.406
0.478
0.454
0.349
0.470
0.447
0.430
0.427
0.417
0.432
0.480
0.484
0.387
0.481
0.432
0.423
0.442
0.533
0.447
0.452
0.430
0.384
0.459
0.421
0.429
0.403
0.366
0.466
0.442
0.401
0.396
0.392
0.503
0.431
0.541
0.469
0.430
0.457
0.401
0.430
0.451
0.411
0.459
0.444
0.443
0.395
0.469
0.487
0.596
0.418
0.436
0.351
0.466
0.535
0.380
0.426
0.448
0.523
0.488
0.441
0.486
0.429
0.405
0.423
0.481
0.405
0.452
0.446
0.407
0.432
0.556
0.425
0.404
0.375
0.308
0.443
0.443
0.460
0.505
0.401
0.477
