#Component	1	2	3	4	5	6	7	8	9	10	11	12	13	14	15	16	17	18	19	20	21	22	23	24	25	26	27
#Std. deviation	2.877	2.231	1.904	1.502	1.388	1.202	0.9228	0.829	0.8113	0.7185	0.6309	0.5628	0.511	0.4442	0.3366	0.3299	0.2977	0.2796	0.2484	0.2297	0.1958	0.1487	0.1443	0.08909	0.07984	0.07368	0.04325
#Proportion of variance explained	0.3066	0.1844	0.1342	0.08352	0.07132	0.05351	0.03154	0.02545	0.02438	0.01912	0.01474	0.01173	0.009669	0.007307	0.004195	0.00403	0.003281	0.002896	0.002285	0.001954	0.00142	0.0008194	0.0007711	0.0002939	0.0002361	0.0002011	6.927e-05
#Loadings	1	2	3	4	5	6	7	8	9	10	11	12	13	14	15	16	17	18	19	20	21	22	23	24	25	26	27
c2	0.2035	-0.2481	0.1828	-0.1068	0.06892	-0.1255	0.2514	-0.3224	0.1617	-0.07574	-0.158	0.03994	0.04249	0.001046	-0.09663	-0.2769	0.111	0.1378	0.05345	0.04419	0.1323	0.005638	0.03551	0.2073	-0.2722	-0.5764	-0.1184
c3	-0.2165	0.281	-0.1034	0.01736	0.00632	-0.2345	0.2164	-0.1289	0.09469	-0.07347	-0.03473	0.01885	-0.005809	-0.1616	-0.1602	-0.04623	0.1884	0.02744	0.189	-0.6136	-0.2679	0.1237	0.3672	0.02716	0.009874	0.05654	0.02206
c4	-0.07129	-0.05206	0.1388	-0.2488	0.1923	-0.4408	0.4186	0.5023	-0.1303	0.2334	0.1495	-0.0739	-0.122	0.136	0.03404	0.09026	0.06148	0.0912	-0.08527	0.0602	0.04631	0.04212	0.000158	-0.02685	-0.00969	-0.08332	0.2749
c5	-0.1726	0.2899	-0.09748	0.05031	-0.04873	-0.2901	0.1736	-0.2593	-0.1611	-0.2381	0.09157	-0.119	-0.05868	0.1364	0.1447	-0.03826	-0.01986	-0.5318	0.3069	0.2709	0.2919	-0.00644	-0.04665	0.02266	-0.04142	0.005147	-0.0008394
c6	0.2199	-0.263	0.1377	-0.06544	0.01627	-0.07446	0.1943	-0.2868	0.01024	-0.1549	-0.01785	-0.03005	0.07829	0.04572	0.3563	0.5871	-0.1169	-0.2359	-0.207	-0.2158	-0.2519	0.05061	-0.05413	-0.004887	0.006855	0.01647	0.01593
c7	0.1836	-0.09549	0.09613	-0.03313	0.0136	-0.3172	-0.315	-0.283	-0.6594	0.2198	0.2591	0.05589	0.03707	-0.2361	-0.125	-0.07264	0.08507	0.0394	0.03026	-0.01317	-0.1551	-0.008562	-0.03142	-0.005509	0.003374	0.0008048	-0.01526
c8	-0.2722	-0.2215	0.02377	0.1791	0.03561	-0.08261	0.06706	0.05171	-0.03686	-0.0006739	-0.03719	-0.1204	0.3691	-0.04565	-0.1107	-0.0158	-0.09187	0.00856	-0.01177	-0.04487	0.00359	-0.1693	-0.1809	0.6694	-0.1812	0.3217	0.06565
c9	-0.2779	-0.2115	0.01092	0.1456	0.006535	-0.0601	0.02407	0.0479	0.02923	0.0392	-0.1572	-0.04099	0.3947	-0.12	0.04309	0.09685	0.1107	0.007519	0.2047	0.5031	-0.3833	0.1684	0.3046	-0.2314	0.03135	-0.09076	-0.04292
c10	-0.2702	-0.2245	0.01769	0.1717	0.03208	-0.08156	0.08467	0.0447	-0.05343	0.01319	0.03244	-0.1571	0.3111	-0.03744	-0.1406	-0.1265	-0.2127	-0.1107	-0.1013	-0.3495	0.224	-0.08433	-0.2877	-0.4753	0.169	-0.1997	-0.2071
c11	-0.2813	-0.2017	-0.003011	0.08781	0.03531	0.02911	-0.08633	-0.1156	0.09666	-0.1053	0.1192	0.04655	-0.2788	0.1498	-0.4551	0.1767	0.5355	-0.2094	-0.3066	0.08595	-0.05635	0.08898	-0.1664	-0.02261	-0.03051	-0.01561	0.04177
c12	0.2186	-0.1946	0.1937	0.04943	0.1469	-0.2107	0.177	-0.308	0.2974	0.04386	-0.03966	-0.05281	-0.07885	0.007963	-0.09911	-0.2851	-0.0132	0.08899	0.03063	0.1354	0.04625	-0.02006	-0.001112	-0.2085	0.2755	0.5735	0.109
c13	0.2481	-0.03522	0.07367	0.3103	0.2147	-0.1376	0.09286	0.3391	0.06096	-0.04924	0.05378	0.1464	-0.2174	-0.2646	-0.08298	0.1474	0.02873	-0.1552	0.1357	0.04201	0.00668	-0.05008	0.02512	0.1044	0.01879	0.06716	-0.6376
c14	-0.1559	0.1011	0.3356	-0.2384	0.02982	-0.04669	-0.1677	0.07477	0.08662	0.2597	-0.4606	0.2463	-0.001433	-0.2018	0.2505	-0.1718	0.225	-0.3626	0.009702	-0.08531	-0.081	-0.06192	-0.2766	0.01103	0.03621	0.02543	0.003284
c15	-0.1207	0.2859	0.2349	-0.188	0.001348	-0.2165	-0.179	-0.1328	-0.0289	0.05411	-0.2433	-0.1155	0.1629	0.349	-0.09827	0.3263	0.08062	0.3256	-0.0953	0.04046	0.2297	-0.0677	0.1092	0.001156	0.05582	0.1079	-0.4107
c16	-0.2799	-0.1701	0.1734	0.08322	0.04557	-0.03805	-0.1261	-0.03155	-0.0962	-0.01268	-0.0594	0.1005	-0.2413	-0.07843	0.1209	-0.1586	-0.3086	-0.1538	-0.4439	0.003652	0.2072	0.08311	0.5759	0.05506	-0.07806	0.03385	-0.02038
c17	-0.2883	-0.1905	0.1063	0.08002	0.05218	-0.008588	-0.09661	-0.06478	-0.03024	-0.06518	0.01843	0.1244	-0.2639	-0.006134	0.2276	0.08194	-0.08824	0.3359	0.3438	-0.08987	0.1363	0.5638	-0.2808	-0.0215	-0.1587	0.09044	-0.03648
c18	-0.2887	-0.1993	0.05723	0.05117	0.1173	0.02436	-0.06634	-0.08748	-0.01732	-0.1074	0.07148	0.06474	-0.2914	0.0434	0.2205	0.08862	0.06135	0.2117	0.2783	-0.03214	-0.06569	-0.673	0.07066	0.01761	0.255	-0.145	0.06734
c19	-0.1177	0.2123	0.3908	-0.1037	0.03565	0.04002	-0.02707	-0.03133	0.07505	-0.05953	0.05379	-0.1514	-0.2123	0.06313	-0.3664	-0.02011	-0.5329	-0.07496	0.07989	0.1003	-0.457	-0.005464	-0.1516	0.02801	-0.03892	-0.1183	-0.01085
c20	-0.09211	0.193	0.341	-0.006778	0.05934	0.1313	0.07746	-0.06082	0.1749	-0.0009185	0.5875	0.5383	0.3545	0.04668	0.06383	-0.002896	0.03652	0.002843	-0.02562	0.02453	0.07544	-0.008049	0.03886	-0.00745	-0.003722	0.008347	0.0005531
c21	-0.03488	0.04633	-0.1722	-0.1826	0.6289	0.1271	-0.04122	-0.06481	-0.03819	-0.04885	-0.01175	-0.03276	0.05	-0.01651	0.01777	-0.007348	-0.00318	-0.01387	0.001831	-0.008196	-0.04637	-0.1886	0.005054	-0.281	-0.5968	0.184	-0.03023
c22	-0.032	0.04745	-0.1772	-0.179	0.6233	0.137	-0.06684	-0.08228	-0.04623	-0.04668	-0.01666	-0.03061	0.09798	-0.03379	-0.02998	-0.00204	-0.05082	-0.05713	-0.02583	0.03004	0.04994	0.267	-0.003979	0.2739	0.5611	-0.1628	0.0107
c23	0.05095	-0.2262	-0.3445	-0.1182	-0.0406	-0.2213	-0.08118	0.0541	-0.01762	0.02321	-0.1912	0.5975	0.03898	0.4359	-0.2175	-0.004415	-0.265	-0.1209	0.1481	-0.04682	-0.09103	-0.0244	0.02321	-0.009631	0.01633	0.03568	-0.01288
c24	-0.0315	0.1101	0.05557	0.338	0.07239	0.3928	0.4508	-0.2073	-0.3168	0.5014	-0.203	0.1187	-0.1032	0.1729	-0.07813	0.08759	-0.00708	-0.009952	0.0408	0.00202	0.01725	-0.00625	0.01657	-0.001052	0.006362	0.007621	-0.004385
c25	-0.1826	-0.1318	-0.205	-0.3662	-0.1635	0.1205	0.2183	-0.06356	-0.04798	0.1213	0.2436	-0.1128	-0.08865	0.1689	0.2402	-0.3184	0.06586	0.00115	-0.1245	0.03024	-0.2852	0.03412	-0.05082	0.08288	0.04745	0.1309	-0.5135
c26	-0.1637	0.01693	-0.312	-0.2295	-0.1175	-0.1101	0.0544	-0.2308	0.3084	0.4156	0.09559	0.06517	-0.09179	-0.4721	-0.1286	0.3135	-0.2091	0.03261	-0.02109	0.1464	0.1843	-0.07849	-0.05534	0.01633	-0.02952	-0.04725	-0.01557
c27	-0.09036	0.3038	-0.1861	0.223	0.02814	-0.2284	0.1932	-0.08003	-0.1082	-0.2943	-0.1733	0.2759	-0.03394	-0.1638	0.1338	-0.09878	-0.05612	0.3141	-0.4391	0.1889	-0.1898	-0.05465	-0.2902	-0.03838	0.04086	-0.04105	0.001291
c28	-0.04289	-0.1169	0.1289	-0.4246	-0.1666	0.2762	0.2959	0.0779	-0.3347	-0.4097	-0.1576	0.1565	0.02498	-0.3037	-0.2648	0.09224	0.01171	0.0369	0.09228	0.05596	0.1706	-0.03491	0.04634	-0.07103	0.07761	0.1803	-0.006735
#Scores	1	2	3	4	5	6	7	8	9	10	11	12	13	14	15	16	17	18	19	20	21	22	23	24	25	26	27
1	-2.074	4.522	1.987	-1.174	-0.3377	-1.374	-0.4622	-0.4504	-0.5241	0.00873	-0.0873	-0.9505	0.6362	0.5644	-0.1025	0.3338	0.5492	0.3021	0.1147	-0.6944	-0.03187	0.04017	0.3554	-0.03731	0.06863	0.09764	0.00156
2	-2.74	4.674	2.553	-0.8396	-0.2793	-1.641	-0.1899	-0.7719	-0.4723	-0.2751	0.2332	-0.7228	0.2323	0.545	-0.229	0.1547	-0.04796	0.2146	0.2695	-0.5145	-0.3477	0.1356	0.5428	0.0379	-0.02633	-0.04871	-0.008195
3	-1.906	3.941	2.802	-1.332	0.0004794	-0.8548	-0.7685	-0.4687	-0.4659	-0.05399	0.3068	-0.6471	0.6032	0.8354	-0.02385	0.2832	-0.08367	0.1057	-0.2382	0.7302	0.2421	-0.1756	-0.4854	-0.08148	0.006588	-0.07657	-0.06024
4	-4.335	8.63	0.4599	0.4365	-0.6509	-4.849	1.969	-2.938	-1.655	-3.188	0.3792	-0.7338	0.1877	0.6809	0.5897	-0.3028	0.08883	-1.444	0.8182	0.5382	0.1008	0.1466	0.01705	0.03895	-0.07013	0.006336	0.03444
5	-3.038	1.447	4.781	-1.519	0.1094	0.462	-1.572	0.1851	-0.3733	0.5178	-0.2494	0.576	-0.9016	-0.3007	0.4892	0.2109	-0.5082	-0.01239	-0.2463	0.01801	0.0393	-0.03648	0.00444	0.006938	0.006103	-0.047	-0.04369
6	-2.075	4.407	2.56	-1.16	-0.4833	-1.047	-0.751	-0.443	-0.5303	-0.2433	0.446	-0.9577	0.4682	0.8485	-0.2763	0.4272	-0.3679	0.344	-0.04963	0.1205	-0.08646	-0.06791	0.006622	-0.0431	0.006517	-0.05862	-0.04228
7	-2.549	5.321	1.917	-0.7393	-0.3974	-1.935	-0.1028	-1.027	-0.819	-0.798	0.3613	-0.9572	0.4726	0.8899	-0.003803	0.2378	-0.1469	-0.02778	0.1293	0.3046	0.0533	-0.02223	0.001242	-0.02744	-0.01466	-0.04401	-0.01971
8	-1.991	4.133	2.712	-1.436	-0.4594	-0.9253	-0.9739	-0.1998	-0.3147	0.2267	-0.09442	-0.9237	0.4908	0.5543	-0.25	0.3386	0.05725	0.309	-0.008922	-0.4836	-0.3087	-0.04559	0.101	-0.02119	0.05485	0.0009263	-0.03239
9	-0.4081	1.671	4.364	-1.033	0.6142	0.693	1.615	1.752	1.226	0.1386	0.3092	0.1716	0.2656	-0.4833	-0.3714	0.3159	0.2439	-0.1835	0.2165	0.2771	0.0126	-0.04576	-0.1318	0.03756	0.06115	0.04204	-0.008968
10	-4.136	0.01056	-5.139	-4.699	8.054	2.017	0.2401	-0.9897	0.4094	-0.05557	1.213	-0.428	-1.277	0.2418	0.7987	0.3322	0.3895	0.2834	0.601	-0.08231	-0.3748	-1.278	-0.05062	-0.1237	-0.00867	-0.07642	0.08755
11	-1.126	3.386	4.088	-0.4823	0.183	1.583	0.7097	0.9499	1.329	0.227	1.125	0.8636	0.8897	-0.03518	-0.1829	0.2019	0.1192	-0.3049	0.33	-0.3755	-0.01601	-0.0532	0.02645	0.01154	0.03801	0.02778	-0.01552
12	-1.832	0.08933	-2.481	-2.014	-1.467	0.16	1.345	1.01	0.3535	0.5961	0.8907	-0.5626	-0.4558	1.005	0.8213	-0.616	-0.07229	-0.1518	-0.235	0.3319	-0.1427	0.1436	-0.2638	-0.06338	0.09345	0.07151	-0.1095
13	-0.5928	1.923	4.545	-1.686	1.153	-0.3142	1.222	1.021	1.925	0.4772	-1.531	-0.1824	-0.2687	-0.909	-0.1643	-0.8725	0.8429	-0.4844	0.4759	-0.8396	-0.285	0.02987	-0.05836	0.1295	0.01882	-0.0441	-0.02568
14	-2.139	-0.2974	-2.531	-2.192	-1.143	0.2712	1.359	0.8776	0.6449	0.8856	0.8071	-0.5577	-0.2893	0.7001	0.3686	-0.4573	0.185	-0.1645	-0.2975	0.1733	-0.3085	0.2254	-0.1679	-0.06953	0.006197	-0.03589	-0.1486
15	-1.328	3.176	3.794	-0.7467	0.4233	0.2089	0.8858	1.482	1.109	0.6474	-0.07767	0.08442	0.5585	0.1124	0.1427	0.2821	0.6823	-0.1468	0.09116	-0.1587	0.08772	-0.06568	-0.09681	0.06753	0.05626	-0.02133	-0.02065
16	-3.805	1.487	-4.41	-2.143	-1.813	-1.674	2.383	-0.6717	1.69	1.575	1.135	-0.1307	-0.8529	-1.146	0.1301	0.3656	-0.2333	0.04068	-0.01325	0.008979	-0.349	0.2343	0.2075	0.1143	-0.06092	-0.05082	-0.0938
17	1.08	0.07108	4.257	-1.711	0.3268	1.204	2.235	1.477	0.9965	-1.544	-0.004881	-0.492	-0.4965	-1.357	-1.118	0.2482	-0.6342	-0.1454	0.3209	0.6521	0.1809	-0.1233	-0.2597	-0.1447	0.1885	0.2989	0.009788
18	-0.4075	-1.57	-0.8585	-3.645	-1.7	1.747	2.017	1.329	-0.5211	-0.7029	-0.0124	-0.1442	-0.09434	0.6779	0.5399	-0.1494	0.02643	0.2639	-0.1911	0.04097	0.00213	0.07384	0.01069	0.08567	0.04077	0.06312	-0.1151
19	-0.2214	1.899	3.593	-0.9185	0.3876	0.5114	1.02	1.901	1.189	-0.3664	0.3773	-0.6807	-0.2155	-0.4062	-0.62	0.3049	-0.2732	-0.1169	0.2126	0.1797	-0.1626	-0.02419	-0.1117	0.01584	0.02746	-0.06745	0.006444
20	-2.96	1.098	-3.991	-2.011	-1.694	-0.9714	1.935	-0.4147	1.39	0.9908	1.57	-0.3144	-1.492	-0.1616	-0.06348	0.1828	0.1755	-0.2862	-0.1694	0.0581	0.001082	0.1866	0.06291	0.1967	-0.08535	-0.02304	0.03383
21	-1.551	3.253	3.366	-1.319	1.918	0.2318	0.8066	1.191	0.9775	0.8485	-0.7062	-0.1655	0.8802	0.1389	0.2614	0.2685	1.014	-0.081	0.1598	-0.3212	0.2117	0.03377	0.1414	-0.01995	-0.08258	0.09381	-0.05114
22	-2.087	-0.1862	-2.643	-2.454	-1.14	0.377	1.269	0.6936	0.7176	0.8092	0.9809	-0.4621	-0.7514	0.6793	0.3981	-0.1231	0.1918	0.1981	-0.1881	0.07086	-0.2957	0.03567	0.132	0.1653	0.02796	0.07247	-0.01212
23	0.03364	1.563	3.162	-0.8955	0.03564	1.189	0.8086	1.498	1.028	-0.8149	0.1517	-0.7213	-0.1756	-0.7498	-0.6929	0.2336	-0.3082	-0.09287	0.3181	-0.02089	-0.02388	-0.03141	0.02859	-0.03164	0.07134	0.1028	5.885e-05
24	-0.5781	-1.967	-0.9022	-3.384	-1.65	1.88	2.056	1.186	-0.5683	-1.097	0.2693	-0.1937	-0.2815	0.8134	0.1591	0.04487	0.2079	0.4028	-0.2372	0.1811	0.04589	0.09495	0.04395	0.01122	0.0607	0.05599	-0.07672
25	-0.5614	2.504	-4.013	-1.422	9.253	0.7699	0.468	0.901	-0.2598	-1.207	-0.7366	0.2178	0.3771	-0.04986	0.02491	0.1491	-0.3015	-0.243	-0.4524	-0.01722	-0.01969	0.33	0.04037	-0.2863	-0.6511	0.2337	-0.08979
26	0.2399	1.345	-1.202	0.8185	-0.01005	-0.8445	0.7971	2.16	0.3394	-0.1563	-0.2788	0.1989	-0.532	0.7388	0.1531	0.4335	-0.1457	-0.2143	0.1179	0.2612	0.6102	-0.04591	0.07054	0.01886	0.007467	-0.0442	0.02805
27	0.182	1.319	-1.192	0.653	0.3729	-0.9686	0.7609	2.025	0.5675	-0.2889	-0.4981	0.366	-0.5065	0.561	0.01678	0.2989	0.07732	0.08109	-0.2081	0.07335	0.3498	-0.0107	0.005373	-0.007624	0.01052	-0.05034	0.02946
28	-1.069	3.616	-2.182	1.691	0.06807	-2.607	2.202	1.239	0.1357	-1.678	-0.633	1.321	-0.669	-0.1281	0.2911	-0.08964	0.1967	0.6128	-0.5799	-0.4497	-0.415	0.1173	0.002196	-0.03319	0.1349	-0.0211	0.08958
29	1.714	-0.7136	-0.204	0.4804	0.3619	-0.4756	0.8223	1.896	1.274	0.009986	-0.2737	0.08668	-0.4678	0.6401	0.2711	0.4701	-0.223	-0.1016	-0.05677	0.06703	0.3284	-0.04266	0.05063	0.03646	0.01734	-0.08609	0.03567
30	-0.3494	2.649	-2.243	1.761	0.066	-2.118	1.801	1.751	0.1939	-1.779	-0.2045	0.7624	-0.8497	-0.06453	0.2162	-0.2193	0.01224	0.004456	-0.1593	-0.1431	-0.2049	0.07767	0.08539	0.03446	0.05074	-0.09735	0.09031
31	0.1088	1.396	-1.381	0.8247	0.4431	-0.8686	0.9934	1.931	0.5284	-0.1779	-0.4647	0.5192	-0.5929	0.3673	0.03114	0.4337	-0.04138	0.2527	-0.2503	-0.03262	0.2013	-0.09296	0.04101	-0.008533	0.05258	-0.06953	0.04135
32	1.819	-0.9086	-0.2474	0.6281	0.3488	-0.3668	0.8288	1.864	1.238	-0.2575	-0.05609	-0.1273	-0.3997	0.769	0.08424	0.5077	-0.2078	-0.01414	-0.07171	0.1728	0.3361	0.06297	0.1881	0.02428	-0.02342	-0.07323	0.03918
33	-11.49	-6.24	1.256	2.651	1.464	-1.745	2.422	1.476	-1.225	1.527	-0.415	-0.7762	2.167	0.003053	-0.3602	0.2442	-0.1725	0.06732	-0.08447	0.2243	-0.3993	0.15	-0.3253	-0.1141	-0.1076	-0.09881	0.1964
34	-10.73	-6.035	1.394	1.951	0.6196	-0.4026	-0.1975	0.05023	-0.3847	-0.446	0.3187	0.5442	-0.667	-0.2521	1.334	0.4798	-0.1998	1.579	1.821	-0.1236	0.06731	0.7052	-0.3933	-0.102	-0.02747	0.01387	-0.0109
35	-9.409	-4.975	0.6605	1.826	0.5698	-0.9944	0.4505	0.2815	-0.2625	0.104	-0.07786	-0.4713	0.7885	-0.1669	-0.1004	-0.4464	-0.212	-0.3209	-0.2963	-0.151	0.131	-0.2645	-0.1211	0.1052	0.02608	0.03959	-0.08624
36	-9.607	-4.853	0.3175	2.239	0.2983	-1.06	0.6468	0.3805	-0.5396	-0.05161	0.2115	-0.6607	0.8964	-0.00928	-0.1795	-0.2109	-0.3614	-0.2709	-0.3313	0.1033	-0.002477	-0.3642	0.2268	0.1965	0.01576	-0.01387	-0.01174
37	-7.124	-4.667	1.885	-0.4478	-0.1277	0.2863	0.004669	0.7639	-0.3352	0.03736	-1.445	0.5208	0.2263	-0.72	0.7273	-0.1209	0.5385	-0.553	-0.1174	0.9696	-0.4748	0.1143	0.6998	-0.2616	0.1037	-0.07895	0.06402
38	-8.515	-4.448	0.4822	1.473	0.141	-0.7154	0.3925	0.3202	-0.3076	-0.02611	0.1345	-0.4351	0.327	-0.06459	-0.08145	-0.3246	-0.2784	-0.2203	-0.3574	-0.25	0.2081	-0.1473	0.2992	-0.1954	0.1124	-0.09758	-0.06515
39	-9.144	-4.078	0.03604	1.678	1	-0.9676	0.5331	0.01711	-0.398	-0.2653	0.4399	-0.468	0.06564	0.03058	-0.2243	-0.4136	-0.2911	-0.1935	-0.3504	-1.082	0.3696	-0.1062	0.02713	0.1883	-0.04734	0.1415	0.007575
40	-8.402	-4.609	0.4813	1.576	0.1737	-0.5799	0.2964	0.335	-0.3908	-0.05893	0.3358	-0.4372	0.1597	0.1088	0.01316	-0.2937	-0.5115	-0.04928	-0.4703	-0.1255	0.5156	-0.2115	-0.09541	0.06955	0.01664	0.0224	-0.02111
41	2.795	-1.538	0.3294	0.5984	0.2888	-0.6636	-0.02542	-0.1458	0.06482	0.2202	0.01318	0.09086	-0.0471	0.327	0.02792	0.2852	-0.1778	-0.05099	-0.02218	-0.07435	-0.0954	-0.004956	0.02928	-0.02731	0.03391	0.05298	-0.0001826
42	2.443	-1.14	-0.1686	0.7009	0.1	-0.5394	-0.483	0.4499	-0.114	0.0848	0.3657	0.05159	-0.09381	0.2049	-0.1666	0.1354	-0.2265	0.01024	0.118	0.02792	-0.001624	-0.01707	0.1023	-0.01949	0.01097	0.03711	-0.006856
43	2.983	-1.78	0.3315	0.5706	0.1416	-0.4328	-0.2662	-0.4559	0.1702	-0.03257	0.02918	-0.02097	0.0661	0.27	0.123	0.3632	-0.2586	-0.1985	-0.01054	-0.1216	-0.1395	0.001425	0.02101	-0.02846	0.02158	0.07618	-0.004872
44	1.455	0.774	0.1665	1.879	0.3451	1.448	-0.323	0.1746	-1.169	0.6998	0.3697	-1.261	-0.2191	-0.8337	0.2426	0.09343	0.5619	0.2244	-0.1391	0.0275	0.1878	0.03763	0.02721	0.01223	0.01387	-0.01294	-0.004045
45	2.781	-1.369	0.1914	0.6189	0.7955	-0.8075	0.02131	-0.2894	0.2463	-0.07596	0.02077	0.05551	-0.06056	0.1057	-0.2788	-0.4928	-0.01531	0.291	0.07876	0.08196	0.04024	0.02192	0.1081	0.004443	-0.002457	-0.0396	-0.01874
46	3.024	-1.74	0.674	0.587	0.7111	-0.7536	0.392	-0.5034	0.231	0.3811	-0.316	0.1936	-0.1109	0.3177	-0.123	-0.2805	0.01363	0.0102	0.1129	0.05668	0.06073	-0.01261	-0.0005508	0.05004	-0.05363	-0.1511	-0.02721
47	0.5122	1.582	-1.308	1.044	-0.2978	-1.469	-0.4294	0.5021	-0.9631	-0.5076	0.01926	0.4973	-0.1846	-0.08563	-0.1585	-0.2201	0.01465	-0.03138	0.1319	0.01338	-0.03646	-0.06716	-0.02158	-0.02709	0.04595	0.04337	-0.01076
48	0.4864	2.304	0.5804	2.155	0.008302	0.9808	0.3426	0.07047	-1.495	0.6719	0.9837	-0.4455	0.0374	-0.5052	0.2826	0.09517	0.6275	0.09426	-0.05214	0.2128	0.3375	-0.02629	0.0119	-0.008816	-0.01628	-0.0285	-0.001738
49	2.9	-1.604	0.3267	0.6263	0.1903	-0.6055	-0.2367	-0.5001	0.3209	-0.07692	-0.03739	-0.01058	0.0262	0.1305	0.02092	-0.01337	-0.1369	0.001616	-0.01555	-0.0767	-0.1097	-0.01111	0.01954	-0.02831	0.03138	0.06627	-0.006678
50	3.687	-2.603	1.122	0.2769	0.5773	-1.207	0.6239	-1.174	0.7615	-0.04439	-0.2647	0.03196	0.01033	0.3085	0.2792	0.2616	-0.1592	-0.2013	-0.1201	-0.1108	-0.1658	0.02834	-0.04628	-0.03352	0.05382	0.0923	0.01158
51	3.209	-2.101	1.047	0.5292	0.4866	-0.7463	0.3089	-0.8785	0.6857	-0.1756	0.66	0.391	0.2286	0.3239	0.1212	0.1816	-0.1472	0.08627	0.0246	0.002135	0.04329	0.06972	0.0776	-0.0331	-0.0006001	0.04743	0.005023
52	2.113	-0.6873	-0.3206	0.7703	0.07225	-0.6258	-0.5214	0.6218	-0.2099	0.1402	0.2426	0.1386	-0.1715	0.02226	-0.2713	-0.1693	-0.08726	0.09047	0.1596	0.06662	0.04079	-0.04895	0.06351	-0.006055	0.008914	0.0006733	-0.01129
53	1.031	0.7774	-1.494	0.6967	1.132	-0.7506	-0.3878	0.6839	-0.7366	0.02585	0.1196	0.5269	-0.1637	-0.4263	-0.357	-0.0666	-0.1283	0.2224	-0.04931	-0.08074	-0.1822	0.01876	0.01967	-0.01592	0.0336	0.01419	-0.01982
54	0.7652	1.126	-1.313	0.7449	0.6367	-0.8516	-0.5587	0.7466	-0.979	-0.04148	-0.01154	0.4824	-0.1186	-0.131	-0.1823	-0.05756	-0.009831	-0.05206	0.07745	-0.0331	-0.05715	-0.02196	-0.04219	-0.01526	0.03968	0.03215	-0.02122
55	3.016	-1.781	0.3186	0.5986	0.296	-0.7864	-0.0332	-0.2881	0.2974	-0.0379	0.1891	-0.0272	-0.04589	0.2597	-0.06071	0.1043	-0.2236	0.04375	0.02434	0.009067	-0.04041	0.009976	0.09584	-0.02635	0.01937	0.04955	-0.001346
56	2.275	-0.9734	-0.3291	0.7036	0.02546	-0.4565	-0.6179	0.5978	-0.181	0.169	0.4199	0.07028	-0.1106	0.1364	-0.2179	0.1629	-0.2511	0.00362	0.1526	0.0595	0.0459	-0.03593	0.09881	-0.01229	-0.0009605	0.01917	-0.01213
57	2.772	-1.46	0.4386	0.7695	0.3409	-0.4483	0.1863	-0.2057	-0.04985	0.44	-0.03894	0.08052	-0.1419	0.2693	0.02621	0.2925	-0.1735	-0.1095	-0.01087	-0.06574	-0.1303	-0.004843	0.0005193	-0.01311	0.02507	0.03113	-0.006742
58	2.439	-1.101	-0.117	0.7293	0.1056	-0.4971	-0.4808	0.4706	-0.1465	0.0636	0.365	-0.05324	-0.1107	0.1664	-0.1427	0.1346	-0.1956	0.01378	0.09644	0.02436	-0.01358	-0.01097	0.1014	-0.007621	-0.002628	0.006836	-0.01564
59	2.926	-1.303	1.116	0.8772	0.2673	0.01139	-0.07946	-0.5715	0.2981	-0.2121	0.7152	-1.164	0.07804	-0.6213	0.5379	0.3844	0.2587	0.1271	-0.3085	0.007532	0.09278	0.06358	0.03832	-0.02637	-0.001826	0.0404	0.01944
60	2.668	-1.191	0.5517	0.5805	0.8417	-0.6978	0.01407	-0.2968	0.2729	0.08311	-0.1369	-0.07535	-0.1133	-0.1543	-0.1158	-0.5645	0.1422	0.1536	0.02811	0.07258	-0.002571	0.0003358	-0.04003	0.01844	0.003829	-0.05308	-0.02122
61	2.995	-1.759	0.7452	0.6249	0.7508	-0.731	0.4954	-0.6241	0.3189	0.4475	-0.1926	0.2478	-0.1737	0.3063	-0.2275	-0.2808	-0.04655	0.026	0.1087	0.1231	0.04294	-0.01413	-0.008623	0.01891	-0.01514	-0.06416	-0.02456
62	0.5676	1.622	-1.09	1.317	-0.1853	-1.209	-0.2436	0.6305	-1.004	-0.4833	0.1889	0.4557	-0.2895	-0.4186	0.002723	-0.3416	0.1561	-0.2087	0.1629	-0.006661	-0.1165	-0.03825	-0.1002	0.0125	0.01415	-0.02037	-0.0012
63	0.8333	1.242	-0.8946	1.372	-0.2974	-0.3466	-0.6747	0.7198	-1.028	-0.2327	0.5213	-0.155	-0.2221	-0.4152	0.00839	-0.08233	0.09954	-0.1987	0.2076	0.1142	0.09521	-0.03823	-0.01208	0.01202	-0.02342	-0.01653	-0.0113
64	2.923	-1.444	0.5447	0.8295	0.233	-0.3964	-0.1246	-0.5261	0.2965	-0.2044	0.2581	-0.5861	-0.0129	-0.1901	0.1447	0.02523	0.03969	0.1853	-0.1344	-0.02353	-0.02298	0.03138	0.07737	-0.01706	0.002395	0.01846	-0.00444
65	3.639	-2.549	1.223	0.3091	0.6031	-1.12	0.69	-1.197	0.7306	0.07689	-0.3027	0.1191	-0.005613	0.295	0.302	0.2532	-0.1494	-0.2601	-0.1068	-0.1177	-0.1901	0.02237	-0.08696	-0.02474	0.05126	0.08198	0.001648
66	3.371	-2.056	0.9679	0.5798	0.4449	-0.7389	0.3132	-0.8209	0.5413	-0.1476	0.1622	-0.5598	-0.05273	-0.04122	0.1766	0.1278	-0.03109	0.06661	-0.1168	0.02414	-0.002164	0.04255	0.0631	-0.01827	0.009172	0.03185	0.0006604
67	2.068	-0.5801	-0.1405	0.8169	0.09829	-0.5189	-0.4977	0.6232	-0.2564	0.1478	0.2621	0.02502	-0.1706	-0.03192	-0.2025	-0.1794	-0.0123	0.09651	0.1257	0.0592	0.02942	-0.03937	0.04447	0.007523	-0.005703	-0.0348	-0.0214
68	1.089	0.7278	-1.358	0.9265	1.212	-0.6235	-0.3249	0.8421	-0.919	-0.1214	0.07937	0.4805	-0.1322	-0.3138	-0.2939	-0.2136	-0.0336	0.1392	0.0005853	-0.1024	-0.3476	0.07109	0.0527	0.00206	0.02089	-0.004964	-0.02277
69	0.8502	1.072	-1.245	0.9139	0.7079	-0.7437	-0.4812	0.8916	-1.041	-0.1071	0.03809	0.542	-0.1871	-0.204	-0.1145	-0.1911	0.03898	-0.2039	0.1309	-0.07391	-0.1674	0.003573	-0.07797	0.00837	0.026	0.005299	-0.02086
70	3.012	-1.739	0.3673	0.6257	0.3009	-0.7431	-0.01611	-0.2884	0.2842	-0.03646	0.1991	-0.1549	-0.06638	0.181	-0.02729	0.1104	-0.1773	0.05859	-0.004239	0.01563	-0.03099	0.01306	0.09236	-0.01918	0.01233	0.03364	-0.009731
71	2.275	-0.8886	-0.1528	0.7731	0.05778	-0.3593	-0.6096	0.6369	-0.2481	0.1189	0.404	-0.1308	-0.1222	0.07069	-0.1203	0.1118	-0.1238	0.002745	0.1084	0.04009	0.02686	-0.02036	0.083	-0.002123	-0.007815	-0.002758	-0.01812
72	1.47	-2.004	-0.0006517	-2.54	-1.274	1.024	0.8311	-0.151	-1.511	-0.8332	-0.08359	0.1805	0.3434	-0.1962	-0.1724	0.2199	-0.05754	0.0783	-0.07786	-0.1146	0.004695	0.03839	0.07347	0.00308	-0.03681	0.02427	-0.007341
73	1.232	-1.556	-0.6217	-1.823	-1.212	0.8959	0.2926	0.149	-1.323	-0.4353	0.4739	-0.06686	0.1823	0.1246	-0.2109	-0.06593	-0.1147	0.216	-0.03852	0.009552	-0.06424	0.04012	0.1349	0.004902	-0.02767	0.03206	0.008809
74	1.35	-2.209	0.4434	-2.974	-1.507	1.578	0.7704	-0.342	-1.834	-1.323	-0.6337	0.5318	0.4108	-0.557	-0.1459	0.3411	0.1289	-0.2559	-0.04447	-0.1876	0.03225	-0.06835	-0.1276	-0.03509	0.02534	0.1136	0.002996
75	0.3538	-0.5014	-1.431	-1.308	-1.029	1.086	-0.8956	0.01013	-1.065	0.2578	0.4738	-0.1884	0.3952	0.06605	-0.04395	-0.3409	-0.1216	0.02323	0.03629	0.0008894	-0.2519	0.06957	0.06678	0.00465	0.02628	0.1504	0.005193
76	1.279	-1.821	-0.07663	-2.362	-0.5587	0.5114	0.4911	-0.6223	-0.6944	-0.09163	-0.2475	0.2078	0.1621	-0.1947	-0.1447	-0.6798	0.1769	0.1183	0.07088	-0.0302	0.02226	-0.05784	-0.03854	0.06617	-0.01783	-0.06148	-0.004323
77	1.392	-2.374	0.5848	-2.63	-0.7003	0.5626	0.8775	-0.7007	-0.9339	-0.5628	-0.4706	0.409	0.04916	-0.1926	0.01709	-0.5002	0.1958	0.2144	0.1532	-0.006834	0.1425	-0.05484	-0.1273	0.03056	0.009508	-0.02185	0.002186
78	-1.004	0.9989	-2.109	-1.358	-1.382	-0.8656	-0.3903	-0.6028	-0.5015	1.059	0.4988	0.09199	-0.3141	-0.3691	0.1186	-0.2809	-0.1351	-0.2616	-0.04293	0.0646	0.0764	-0.08788	0.007531	0.07992	-0.02653	0.05636	0.03069
79	-0.4555	0.6917	-2.034	-1.072	-1.438	-0.1937	-0.7064	-0.2681	-0.8271	0.7245	0.5883	-0.1226	0.08916	0.1227	0.1909	-0.3758	-0.1609	-0.09862	-0.02138	0.1962	-0.09569	-0.02947	-0.1271	-0.002597	0.01648	0.1507	0.02755
80	1.585	-2.044	0.06054	-2.517	-1.383	1.242	0.7703	-0.5062	-1.384	-1.058	-0.2212	0.178	0.4232	-0.4712	-0.334	0.08319	-0.02749	0.1035	0.01473	-0.1087	0.1077	0.007346	0.1055	-0.003276	-0.04124	0.04559	-0.02663
81	2.013	-2.953	0.9574	-3.521	-1.358	1.212	1.828	-0.7513	-1.819	-1.809	-0.8175	0.5583	0.531	-0.6472	-0.206	0.6381	0.07627	-0.08116	-0.05949	-0.2228	0.1496	-0.03249	-0.002415	0.07333	-0.1361	-0.2461	-0.05034
82	1.355	-2.976	0.6832	-2.794	-1.132	1.161	1.203	-0.8116	-1.518	-1.598	-0.2547	0.5496	-0.07322	-0.3444	-0.1258	0.3775	0.156	0.3601	0.2624	-0.1191	0.1561	-0.1786	-0.05986	0.002717	0.04403	-0.09423	0.03141
83	0.7463	-1.125	-0.7665	-1.566	-1.08	0.4921	-0.1387	0.09297	-0.8599	0.2619	0.4087	0.002575	-0.03285	0.1838	-0.2168	-0.4033	0.242	0.03581	-0.0962	0.01769	-0.1289	0.06219	-0.09168	0.04498	-0.06302	-0.04181	0.03524
84	-0.3349	0.2326	-2.099	-1.784	-0.008006	-0.047	-0.4228	-0.186	-0.5833	1.079	0.5576	-0.1148	0.1297	-0.2582	-0.1506	-0.2048	-0.1016	0.1268	-0.07455	-0.134	-0.1621	0.1018	0.05846	0.02017	-0.0297	0.03121	0.006325
85	-0.4965	0.5309	-2.064	-1.661	-0.4579	-0.232	-0.5262	-0.1643	-0.6591	0.9987	0.5722	-0.06811	-0.05901	-0.1654	0.006615	-0.2335	-0.01395	-0.1675	-0.0003622	-0.01971	-0.06908	0.006336	-0.0608	0.04367	0.00852	0.1068	0.03336
86	1.592	-2.205	-0.007482	-2.398	-1.242	1.028	0.8814	-0.3024	-1.426	-1.03	0.02931	0.1459	0.2779	-0.1716	-0.3245	0.1509	-0.02079	0.1513	-0.07256	-0.04505	0.04937	0.03043	0.1269	0.03361	-0.08914	-0.09518	-0.005435
87	0.8919	-1.534	-0.7152	-1.557	-1.141	0.8254	0.02461	0.1929	-1.209	-0.3	0.5809	-0.09058	0.06989	0.2517	-0.2774	-0.1114	0.08485	0.1499	-0.1149	0.07687	-0.1553	-0.009244	0.04275	-0.0429	0.02156	0.02736	0.02579
88	2.286	-1.621	0.3943	-0.2648	-0.08644	-0.3122	-0.08904	-0.0902	-0.1786	0.2027	-0.1651	0.07087	0.1169	0.1597	0.1469	0.252	0.02872	-0.2544	-0.02445	-0.1312	-0.1506	0.01284	-0.05439	0.0364	-0.0431	-0.07457	0.006617
89	2.081	-1.227	-0.3569	0.07887	-0.2395	-0.2058	-0.3659	0.3193	-0.2911	0.1441	0.4695	-0.07409	-0.0613	0.1259	-0.173	0.1725	-0.197	0.02511	0.0533	0.0282	0.01003	0.009441	0.1056	0.01929	-0.05027	-0.04881	0.00333
90	2.36	-1.849	0.5027	-0.3095	-0.2166	-0.03034	-0.2431	-0.436	-0.1435	-0.1311	-0.1841	0.1198	0.1692	0.003966	0.2657	0.3552	-0.06912	-0.3211	0.001815	-0.1466	-0.1714	-0.02706	-0.1055	0.01946	-0.01879	-0.02249	0.003716
91	1.067	-0.1746	-1.036	0.2778	-0.2318	0.3724	-1.246	0.3862	-0.6116	0.3215	0.2207	0.02885	0.2295	-0.1397	-0.1705	-0.03041	-0.1371	-0.1413	0.1426	-0.007473	-0.1067	-0.01424	0.00122	-0.02617	0.02513	0.03446	-0.02635
92	2.154	-1.521	0.3648	-0.3468	0.4623	-0.5333	-0.145	-0.3807	0.1739	0.2818	-0.2956	0.1961	0.0504	0.05964	-0.1015	-0.5513	0.1629	-0.02151	0.203	-0.01635	0.01149	0.02939	-0.01806	0.05352	-0.03726	-0.06432	-0.01398
93	2.416	-2.055	0.7663	-0.3844	0.375	-0.7306	0.2296	-0.5679	0.336	0.324	-0.4449	0.2011	0.1241	0.01694	0.01118	-0.4351	0.1396	-0.1349	0.1597	0.1649	-0.04021	0.01714	-0.09401	0.01671	-0.0143	-0.01947	-0.01395
94	-0.07506	1.493	-1.6	0.2569	-0.6451	-1.407	-0.4638	0.1322	-0.6827	0.1933	-0.00665	0.4697	-0.1868	-0.4599	-0.06098	-0.1078	-0.03352	-0.1749	0.03192	0.1255	0.01084	-0.1038	-0.1231	0.02785	-0.007683	-0.01061	-0.006471
95	0.1785	1.029	-1.649	0.2285	-0.7876	-0.7546	-0.9313	0.1904	-0.6588	0.3854	0.2461	0.2643	-0.06853	-0.2379	-0.1683	0.1572	-0.1653	-0.1346	0.07593	0.2727	0.1643	-0.1285	-0.1288	-0.007207	-0.007685	0.04209	-0.01208
96	2.436	-1.635	0.4528	-0.2252	-0.1606	-0.1891	-0.254	-0.4855	0.06788	0.0224	-0.2391	0.02278	0.1249	-0.01934	0.1249	-0.02592	0.08385	-0.2357	0.004239	-0.1862	-0.09652	-0.01225	-0.08876	0.03038	-0.03182	-0.03998	-0.001803
97	3.143	-2.59	1.109	-0.6781	0.1263	-0.7297	0.6749	-1.094	0.3388	-0.1132	-0.5121	0.1587	0.1202	0.05774	0.3366	0.3374	0.01511	-0.3769	-0.1697	-0.195	-0.1575	0.01373	-0.1826	0.05165	-0.05573	-0.1257	0.0008098
98	2.788	-2.447	0.6213	-0.2501	0.05134	-0.4648	0.3873	-0.8556	0.1545	-0.3199	0.006215	-0.002748	0.0003762	0.2065	-0.013	0.2319	-0.05088	0.01449	0.008218	0.007884	-0.08717	-0.1202	0.07461	0.005207	0.02792	-0.068	0.02854
99	1.686	-0.8013	-0.3289	0.04534	-0.2249	-0.3456	-0.5647	0.511	-0.2754	0.3784	0.1734	0.1452	-0.1351	0.01595	-0.1834	-0.243	0.0927	-0.1266	0.1473	-0.00841	-0.005052	-0.03738	-0.04258	0.03333	-0.02605	-0.04405	0.008145
100	0.5323	0.5922	-1.638	-0.1921	0.787	-0.5986	-0.603	0.4075	-0.4581	0.6237	0.2282	0.3329	-0.168	-0.5529	-0.3192	0.04971	-0.05758	-0.002358	0.01971	-0.1295	-0.07666	-0.009706	0.001296	0.04551	-0.02351	-0.05187	-0.0051
101	0.2349	0.9026	-1.418	-0.09692	0.2983	-0.7763	-0.7845	0.47	-0.7507	0.4186	0.08796	0.1784	0.0712	-0.1165	-0.1456	-0.004249	0.006865	-0.1556	0.1289	-0.09026	0.05122	-0.03518	-0.02325	-0.05427	0.03267	-0.001718	-0.03812
102	2.56	-1.91	0.1971	-0.08614	-0.08589	-0.3432	0.08787	-0.2914	-0.05883	-0.1437	0.191	-0.08243	0.06651	0.179	-0.1267	0.1922	-0.1004	-0.002802	-0.008401	0.0166	-0.06435	0.05609	0.1201	0.03384	-0.07795	-0.09525	0.002863
103	1.895	-1.057	-0.3739	0.1034	-0.2787	-0.1097	-0.5576	0.5177	-0.4292	0.1356	0.4277	-0.03251	-0.07199	0.1976	-0.1923	0.1001	-0.1097	-0.04302	0.04944	0.01793	-0.008634	0.01093	0.07956	0.01982	-0.05008	-0.04658	0.004165
104	2.562	-1.333	0.7358	0.5475	0.3489	-0.5083	-0.006724	-0.222	0.1417	0.415	0.1403	0.4081	0.06704	0.2184	0.2157	0.3012	-0.05716	-0.1077	0.000913	-0.09454	-0.05305	-0.04662	-0.08778	-0.01351	0.03381	0.01476	7.586e-05
105	2.369	-1.049	-0.02273	0.6407	0.102	-0.5117	-0.5489	0.4811	-0.1244	0.1424	0.24	0.03183	-0.08543	0.1271	-0.07527	0.1196	-0.1372	-0.06825	0.09364	-0.002067	-0.01703	-0.03015	0.02896	-0.001192	-0.003027	-0.008362	-0.008009
106	2.863	-1.158	1.384	0.9141	0.3081	0.1463	-0.04281	-0.5831	0.2328	-0.06708	0.4909	-1.411	-0.02315	-0.8105	0.6555	0.3329	0.4022	0.03854	-0.3514	-0.0058	0.04601	0.05334	-0.07508	-0.01502	0.001717	0.02098	0.02579
107	1.269	1.219	0.8961	2.039	0.5058	1.899	0.0519	-0.04144	-0.9093	0.8485	1.667	-0.06238	0.5138	-0.6596	0.3245	0.134	0.6106	0.2674	-0.1766	0.09536	0.3669	0.02799	0.1536	-0.005815	0.003795	0.007394	-0.00356
108	2.379	-1.031	0.9358	0.7256	0.9236	-0.4337	0.1415	-0.3823	0.3197	0.185	0.3093	0.2956	0.138	-0.1896	-0.04377	-0.4538	0.3172	0.1669	0.0156	0.122	0.04935	0.03508	-0.07116	0.06454	-0.05763	-0.1231	-0.01467
109	2.822	-1.826	0.8836	0.6041	0.7809	-0.7657	0.4331	-0.6244	0.3717	0.545	-0.4148	0.2756	-0.1536	0.2184	-0.2315	-0.318	0.1977	-0.1605	0.04896	0.1528	-0.01845	-0.02036	-0.1554	0.06087	-0.01132	0.004392	0.00229
110	0.3524	2.234	-0.03113	1.514	-0.02972	-0.6937	-0.09512	0.493	-1.031	-0.3929	0.4235	-0.2963	-0.2167	-0.9842	0.4537	-0.3958	0.7114	-0.08899	-0.07956	0.0267	-0.0157	-0.04821	-0.2196	0.01915	0.02153	-0.06843	0.0246
111	0.5484	1.888	0.1289	2.014	-0.07824	0.5584	0.009329	0.3542	-1.434	0.3501	0.5349	-0.88	-0.2034	-0.6926	0.1783	0.01897	0.4492	-0.02867	0.06923	0.2851	0.05135	0.006195	-0.02377	0.02378	-0.04258	-0.06876	-0.003066
112	2.815	-1.328	0.7401	0.7331	0.2359	-0.3658	-0.2155	-0.4862	0.2952	-0.1072	0.08504	-0.552	0.01258	-0.29	0.2795	-0.003475	0.1679	0.06305	-0.1577	-0.06885	-0.03981	0.01042	-0.03347	0.005389	-0.01202	-0.03446	-0.003681
113	3.49	-2.432	1.511	0.1828	0.6303	-1.11	0.5764	-1.178	0.8248	0.1219	-0.2786	0.3666	0.12	0.2253	0.4807	0.2095	-0.01429	-0.3477	-0.09648	-0.162	-0.1695	0.008333	-0.1998	-0.01835	0.05147	0.06676	0.01065
114	3.311	-1.956	1.101	0.5715	0.4474	-0.6739	0.2598	-0.7638	0.509	-0.1611	0.1442	-0.6316	-0.04172	-0.1266	0.2557	0.1353	0.0383	0.02557	-0.1441	-0.002673	-0.02121	0.04557	0.02239	0.01283	-0.03038	-0.05949	0.00231
115	1.931	-0.5281	0.07881	0.7655	0.134	-0.4863	-0.5691	0.6236	-0.2154	0.1995	0.2172	0.223	-0.1483	-0.02227	-0.1616	-0.2061	0.1547	-0.03783	0.09409	0.03146	0.002862	-0.03763	-0.07075	0.008046	-0.006415	-0.04414	-0.002381
116	0.9316	0.8825	-1.192	0.8323	1.201	-0.5629	-0.3231	0.714	-0.9472	0.1146	-0.08646	0.5819	-0.06426	-0.2562	-0.2483	-0.1427	0.02542	0.1478	-0.02694	-0.1126	-0.2857	0.04172	-0.003982	-0.003629	0.02798	-0.007606	-0.02019
117	0.6285	1.301	-0.9564	0.6346	0.6627	-0.7978	-0.6795	0.772	-1.074	0.05363	-0.327	0.5733	-0.02643	-0.007578	-0.01654	-0.1476	0.1811	-0.1715	0.04877	-0.1214	-0.1038	-0.0401	-0.1601	-0.009805	0.0516	0.02009	-0.02329
118	2.949	-1.698	0.4601	0.5428	0.3013	-0.7603	-0.084	-0.2705	0.2945	0.03405	0.06206	-0.04422	-0.04072	0.1772	0.03076	0.08289	-0.1295	-0.03208	0.00149	-0.01628	-0.04891	-0.004538	0.02191	-0.01413	0.0143	0.02297	-0.00148
119	2.226	-0.8469	-0.07493	0.7111	0.05599	-0.3764	-0.6657	0.6347	-0.2242	0.1386	0.3624	-0.07631	-0.08389	0.06881	-0.0828	0.1085	-0.09314	-0.02028	0.1033	0.02669	0.03409	-0.0289	0.04983	-0.002743	-0.007044	-0.00834	-0.008348
120	2.706	-1.349	0.6479	0.7021	0.3673	-0.4563	0.1299	-0.2402	0.001049	0.516	-0.1016	0.1946	-0.02822	0.2543	0.1231	0.2922	-0.03633	-0.1321	-0.03245	-0.08399	-0.05751	-0.032	-0.05002	-0.02995	0.05257	0.07123	-0.004078
121	2.421	-1.052	-0.005134	0.7305	0.138	-0.4972	-0.474	0.4394	-0.06534	0.09625	0.4597	0.07735	-0.03679	0.1146	-0.1148	0.1512	-0.1569	0.01334	0.1013	0.0365	0.04659	-0.02514	0.09124	-0.02207	0.01396	0.04012	-0.007338
122	2.672	-0.6466	2.106	1.311	0.507	0.7979	0.5602	-0.9303	0.2252	0.41	1.38	-0.5511	0.4223	-0.546	0.6269	0.4264	0.3649	0.09308	-0.3675	0.07242	0.1135	0.04771	0.009221	-0.02249	-0.01305	0.008403	0.02088
123	1.472	0.7319	0.1523	1.742	0.3176	1.282	-0.5061	0.2606	-1.029	0.4587	0.4938	-1.328	-0.2018	-0.8836	0.2136	0.06027	0.4833	0.2366	-0.1421	0.04264	0.1302	0.04392	0.02183	0.01481	0.005328	-0.02851	-0.003301
124	2.706	-1.175	0.5805	0.637	0.8642	-0.6958	0.07197	-0.3731	0.2698	0.08528	-0.1173	-0.1457	-0.1156	-0.09142	-0.1887	-0.5377	0.1089	0.2426	0.0262	0.1059	0.0255	0.0001736	0.0003603	-0.0113	0.03385	0.01024	-0.01527
125	3.054	-1.86	0.7594	0.535	0.7615	-0.9588	0.36	-0.5762	0.4403	0.3404	-0.3484	0.1767	-0.06392	0.2514	-0.1669	-0.3803	-0.00383	0.02294	0.1436	0.1582	0.04174	-0.03124	-0.005473	-0.03495	0.05869	0.07585	-0.01868
126	0.4534	1.76	-0.9486	1.267	-0.2088	-1.239	-0.2946	0.4613	-1.061	-0.4902	0.134	0.3213	-0.03871	-0.1455	-0.02285	-0.2071	0.246	0.06258	0.08986	0.05684	0.005028	-0.04414	0.02665	-0.02923	0.04664	0.04662	-0.007684
127	0.7624	1.233	-0.921	1.107	-0.3458	-0.588	-0.9027	0.6895	-0.9568	-0.2749	0.4063	0.2771	0.01386	-0.022	-0.05582	-0.04638	0.04535	-0.1677	0.2354	0.07352	0.1479	-0.07815	0.009335	-0.02181	0.01444	0.04728	-0.02084
128	2.875	-1.343	0.7568	0.814	0.2659	-0.3575	-0.1511	-0.5297	0.3006	-0.1343	0.1343	-0.6479	-0.01294	-0.2897	0.2407	-0.008899	0.1596	0.1283	-0.1603	-0.03915	-0.01791	0.01777	0.004904	-0.01968	0.01612	0.02959	0.00158
129	3.654	-2.515	1.264	0.3516	0.6413	-1.17	0.6793	-1.218	0.7968	0.1203	-0.2948	0.213	0.0349	0.2875	0.3289	0.2473	-0.1197	-0.2683	-0.1207	-0.1094	-0.1663	0.005516	-0.1079	-0.03797	0.07014	0.1102	0.01051
130	3.417	-2.049	0.9446	0.7073	0.4828	-0.7334	0.354	-0.831	0.5048	-0.13	0.1536	-0.5385	-0.05284	0.03309	0.1759	0.1287	-0.02182	0.0954	-0.1206	0.02085	0.001118	0.04783	0.07971	-0.02406	0.01313	0.03586	0.00814
131	2.099	-0.5846	-0.1176	0.8386	0.1197	-0.5498	-0.4946	0.5987	-0.2428	0.1509	0.2259	0.03026	-0.1593	-0.008171	-0.2187	-0.1751	0.00637	0.119	0.1331	0.06546	0.06347	-0.05154	0.0553	-0.01426	0.02244	0.01621	-0.01206
132	0.9884	0.9587	-1.091	0.8013	1.222	-0.5888	-0.366	0.6835	-0.9579	0.06037	-0.08443	0.6551	-0.02211	-0.07996	-0.259	-0.1564	0.05882	0.2008	-0.05684	-0.1713	-0.2113	0.02469	0.00809	-0.03247	0.0633	0.04758	-0.02443
133	0.7027	1.491	-0.972	1.926	0.9427	0.4641	0.8996	0.1769	-2.003	1.512	-0.6072	1.032	-0.4096	0.4177	-0.3638	0.1324	0.03985	-0.1929	0.2503	-0.06587	-0.04581	-0.04081	-0.01864	-0.0146	0.06555	0.05748	-0.0236
134	2.978	-1.698	0.4772	0.5893	0.3295	-0.7698	-0.02994	-0.3218	0.3654	0.02489	0.2301	0.05402	0.01057	0.1826	-0.01841	0.1185	-0.1669	0.02711	0.01512	0.01976	0.007681	-0.008971	0.06627	-0.03559	0.03448	0.0743	-0.002596
135	2.249	-0.8355	-0.03486	0.7563	0.08662	-0.3715	-0.6156	0.5987	-0.1607	0.1461	0.4994	0.01332	-0.03565	0.04177	-0.09971	0.13	-0.0945	0.009553	0.1112	0.05305	0.08701	-0.03574	0.07563	-0.01915	0.01083	0.0345	-0.009237
136	0.531	1.567	-0.807	1.985	-0.618	1.947	-0.4741	0.3646	0.8279	-0.8527	-0.6021	-0.7203	-0.08886	-0.2228	0.2534	-0.2578	-0.06936	0.1507	-0.1368	-0.1836	0.05158	-0.02086	0.02379	-0.01041	0.003584	0.03957	0.01172
137	0.1539	2.282	-0.718	2.276	-0.7254	2.2	-0.3463	-0.08021	0.5945	-0.978	-0.6055	-1.114	-0.1239	-0.3343	0.3055	-0.2892	-0.03853	0.1182	-0.1253	-0.08879	0.0807	-0.01434	-0.0096	-0.007214	-0.01644	0.02236	0.007621
138	-0.7454	3.953	1.673	2.283	-0.07991	2.704	0.6124	-0.7674	1.702	-0.994	2.731	2.89	1.852	-0.02512	0.4484	-0.5896	-0.185	-0.02893	-0.1921	-0.006867	-0.03316	-0.04946	-0.02308	-0.01015	-0.01989	-0.02743	0.00787
139	-0.7376	4.447	-0.5246	5.901	-0.02431	5.19	4.706	-2.54	-2.794	3.226	-2.613	0.03547	-1.251	1.137	-0.2357	0.4325	0.04703	-0.1342	0.247	-0.04389	0.2048	-0.0267	0.1141	-0.01245	0.04804	0.09254	-0.01179
140	0.697	1.259	-0.1658	1.818	-0.6078	2.398	-0.7151	0.07613	1.243	-0.7882	-0.241	-0.5873	0.2336	-0.1479	0.1835	-0.2644	-0.2869	0.06143	-0.05974	-0.04229	-0.03182	-0.03735	-0.003848	-0.0001133	-0.03072	0.01721	-0.005749
141	-0.04749	2.501	-1.139	1.982	-0.8312	1.329	-0.5649	-0.06921	0.7866	-1.698	-0.6244	-0.7925	-0.0197	-0.2978	0.3122	-0.411	-0.1363	0.09087	-0.1499	-0.1681	-0.06479	-0.006977	-0.0224	-0.01863	0.001597	0.04205	0.01132
142	-0.1405	2.61	-1.215	1.882	-0.7346	1.205	-0.5849	-0.1423	0.6952	-1.784	-0.5746	-0.8613	-0.002814	-0.1505	0.3557	-0.392	-0.1716	-0.1662	0.01009	-0.01238	0.1226	0.002462	-0.03425	0.002268	0.01071	0.04348	0.006039
143	0.05424	2.242	-1.106	2.064	-0.7934	1.558	-0.5383	0.008816	0.7726	-1.445	-0.6643	-0.7597	0.04254	-0.3	0.3016	-0.3798	-0.07145	0.1464	-0.1365	-0.1424	-0.04723	-0.001445	0.0336	-0.01579	0.001277	0.05547	0.008089
144	-8.309	-3.999	-0.4643	2.632	-0.2096	1.244	-1.571	-1.755	1.242	-1.716	0.5873	0.5355	-1.167	0.5616	-0.9112	0.3773	0.8395	-0.06753	0.1799	-0.005404	-0.09286	-0.09354	-0.1656	0.3372	-0.0281	0.1538	-0.03331
145	-5.336	-3.116	0.2194	0.6991	-0.8459	2.322	-1.901	-0.7992	1.037	-1.131	-0.6934	0.798	-0.7976	0.04011	0.1883	0.06488	0.314	-0.3247	0.154	0.5056	-0.3064	-0.138	0.6642	-0.2336	0.1464	-0.06448	-0.04304
146	-8.066	-3.85	-0.5061	2.537	-0.427	1.443	-1.789	-1.565	1.201	-1.642	0.6651	0.5702	-1.303	0.6147	-0.9193	0.484	0.8288	-0.1916	-0.02695	0.02008	-0.02103	0.1583	-0.2123	-0.07346	-0.02686	0.006292	-0.1066
147	-0.6703	4.281	1.751	3.522	0.1457	3.984	2.122	-1.396	0.6795	0.3428	2.257	2.555	1.304	0.3189	0.03001	-0.296	-0.3508	0.08772	-0.1197	0.09768	-0.08734	-0.03337	0.1094	-0.007516	-0.02321	-0.04596	0.004472
148	0.6083	1.789	0.3796	2.563	-0.4148	3.385	0.2826	-0.4299	0.5217	0.1223	-0.7301	-1.324	-0.5898	0.06949	-0.4355	-0.07685	-0.9144	0.1073	0.03801	0.07984	-0.5286	-0.0284	-0.154	0.03377	-0.07431	-0.1458	-0.01713
149	-0.09445	2.905	-0.1794	2.761	-0.5233	2.605	0.4465	-0.4101	0.2883	-0.6474	-0.6915	-1.151	-0.6946	-0.2267	-0.3627	-0.3028	-0.8812	0.007525	0.01561	0.02165	-0.7598	0.003564	-0.2216	0.04477	-0.07199	-0.1734	0.0005918
150	-1.442	0.7477	-4.051	-2.939	6.645	2.234	-1.024	-1.186	-0.06969	-0.1361	-0.02047	-0.4868	0.7446	0.185	-0.2319	-0.06638	-0.19	-0.2674	-0.02637	0.1601	0.1391	0.5593	0.06139	0.2072	0.4163	-0.0616	0.1003
151	0.1931	-0.2337	-1.82	-0.6648	-1.311	1.058	-0.3092	0.186	0.3351	-0.007301	0.3615	-0.2513	0.1065	0.3146	-0.004672	-0.3463	-0.4473	0.2006	0.1709	0.009788	0.145	0.05066	0.1961	-0.005914	-0.05076	0.03576	0.1046
152	-1.056	-0.08557	-1.639	-0.8982	-1.386	0.8881	-0.7185	-0.07097	0.5567	0.5272	-0.08625	-0.02962	0.1956	0.1075	-0.0636	0.06892	0.06075	0.007343	0.157	-0.177	0.03173	0.1326	-0.08223	-0.1178	-0.0253	0.02287	0.06339
153	-0.2059	-0.516	-0.8606	-1.341	-1.29	1.238	-0.5874	0.2246	0.2847	0.2339	-0.5675	0.1076	0.2543	0.3327	0.1856	-0.2338	0.2247	-0.207	0.02144	-0.07262	-0.006488	0.01066	-0.2034	0.004053	-0.02055	0.04061	0.09868
154	-1.181	0.2654	-1.628	-0.7679	-0.8899	0.5219	-0.5113	-0.09743	0.3414	0.2748	-0.3955	-0.2	0.6534	0.4484	-0.01037	-0.4114	0.18	-0.1015	0.07205	-0.2316	-0.1433	0.1398	-0.0282	-0.1679	0.07458	0.06566	0.008589
155	-1.883	0.6247	-2.25	-0.9333	-1.296	-0.217	-0.1838	-0.5492	0.9777	1.105	-0.3346	-0.1124	0.6924	-0.5615	-0.1921	-0.1111	-0.2467	-0.09885	0.1447	-0.4802	0.1056	-0.03226	-0.09831	-0.4435	0.12	-0.1954	-0.1466
156	-2.362	1.798	-3.094	-0.8199	-1.611	-0.9948	0.2713	-1.339	0.9713	0.7123	0.03118	0.2628	-0.2287	-1.007	0.09039	0.1911	-0.5453	-0.1764	0.2076	-0.0002859	0.3845	-0.00309	-0.02464	-0.08597	-0.03985	-0.01166	0.03302
157	-0.9273	0.1808	-1.468	-1.061	-1.32	0.5207	-0.518	0.1056	0.5957	0.8517	-0.5794	0.03007	0.544	-0.08638	0.3237	-0.3054	-0.01056	-0.1996	0.2332	0.08374	-0.1464	-0.003659	-0.07021	-0.01773	-0.004732	0.05052	0.05927
158	0.605	-0.9314	-0.8078	-1.444	-1.328	1.487	-0.1069	0.1141	0.1155	-0.3735	-0.3813	0.01626	0.311	0.2354	0.1071	-0.2608	-0.1729	0.03201	0.1284	-0.09296	0.1569	0.0166	0.04171	0.02599	-0.05331	0.02719	0.08732
159	0.4711	-0.799	-0.7151	-1.481	-1.3	1.436	-0.2248	0.2268	0.1242	-0.184	-0.5307	0.09258	0.2912	0.2273	0.2401	-0.3601	-0.07847	-0.1235	0.1263	-0.1029	0.1251	-0.008943	-0.08665	0.02486	-0.03228	0.04244	0.08938
160	-2.222	0.1346	-2.666	-0.4438	-1.425	0.0296	-0.2617	-0.8428	1.071	0.4607	0.5737	-0.08475	-0.314	-0.1962	-1.265	0.5667	0.692	-0.369	-0.3148	0.03519	0.05666	0.2685	-0.1827	-0.3045	-0.04564	-0.04612	0.07174
161	-1.066	-0.3271	-1.828	-0.5953	-1.265	0.6966	-0.5634	-0.2188	0.7351	0.2398	0.2034	-0.07086	-0.1586	0.3269	-0.7908	-0.01715	0.6428	-0.2549	-0.4308	0.07054	-0.004192	0.149	-0.2809	-0.1818	-0.05052	-0.09489	0.08918
162	-0.4167	0.3219	-1.52	-1.113	-1.37	0.7364	-0.6279	0.01354	0.4577	0.5071	-0.2765	-0.06116	0.1739	0.3067	0.266	-0.37	-0.123	-0.09605	0.1172	-0.075	0.1976	-0.0492	-0.09188	-0.0132	0.009975	0.09806	0.09047
163	-2.506	2.274	-3.763	-1.428	-1.392	-1.499	0.7196	-1.953	1.585	1.248	0.03591	0.1903	-0.1265	-1.777	-0.3495	0.4101	-0.5977	-0.277	0.4561	-0.3711	0.5194	-0.04669	0.1994	-0.05838	-0.01235	-0.01522	0.01317
164	0.1322	-0.4556	-1.455	-0.9517	-1.326	1.257	-0.3693	0.1602	0.2607	-0.0249	0.105	-0.1603	0.1142	0.4204	-0.08207	-0.1546	-0.1785	0.1434	0.0438	-0.06142	0.1245	0.05438	0.109	-0.01939	-0.03118	0.07229	0.1157
165	-0.8687	0.1849	-1.632	-0.9412	-1.366	0.488	-0.5413	0.02114	0.5393	0.5826	-0.337	-0.1434	0.5794	0.04933	0.1965	-0.3507	-0.1967	-0.1904	0.1855	-0.03044	0.09205	-0.05234	-0.1226	-0.2042	0.06074	-0.001754	-0.0395
166	-0.7762	1.537	-3.653	-2.081	7.098	1.698	-1.202	-0.7669	-0.02034	-0.368	-0.5353	-0.06641	0.7775	-0.2019	-0.2123	0.2291	-0.3315	-0.198	-0.1804	0.1606	0.3861	0.548	-0.07467	0.2549	0.3413	-0.1604	-0.05882
167	0.7961	0.06394	-1.409	0.5378	-0.7081	0.6325	-0.6051	0.6729	0.5015	-0.219	0.1929	-0.07115	-0.0125	0.1844	-0.08708	-0.0676	-0.3608	0.06437	0.2908	-0.01071	0.2261	0.01885	0.2396	0.07044	-0.117	-0.1105	0.0037
168	-0.3517	0.505	-1.087	0.1682	-0.8226	0.2623	-0.9747	0.3734	0.6719	0.2718	-0.6174	0.07364	0.5531	-0.01001	0.05382	0.2121	-0.01354	0.1168	0.1984	0.0185	0.001394	-0.04962	0.1092	0.1553	-0.05295	0.1496	0.01502
169	0.167	-0.1065	-0.3061	-0.2197	-0.6784	0.5149	-1.026	0.5734	0.6864	0.5007	-1.144	0.215	0.6246	0.1123	0.3648	0.03348	0.2006	-0.3048	0.2289	0.1414	-0.04988	-0.06994	-0.09808	0.07306	-0.04743	-0.01531	-0.01696
170	-0.9569	0.889	-1.214	-0.2306	-0.5366	-0.1018	-0.9306	0.09971	0.6441	0.4683	-1.09	0.09912	0.9343	0.009437	0.0354	0.3032	0.142	0.08603	0.2729	0.2655	-0.05828	0.008591	0.2554	0.147	-0.0603	0.04992	-0.04198
171	-2.395	1.331	-1.928	0.05127	-0.882	-1.228	-0.2722	-0.5328	1.11	0.8721	-1.637	0.6008	1.478	-1.282	-0.06315	0.7107	0.02236	0.6662	-0.05831	1.056	-0.5941	-0.1823	0.0279	0.372	-0.1119	0.1372	-0.04527
172	-1.842	3.263	-2.307	-0.06123	-1.188	-1.665	-0.06898	-1.144	0.4128	-0.2504	-1.147	0.6381	0.1711	-0.2384	0.2325	0.4104	-0.1815	0.6521	-0.4734	0.1165	0.3762	-0.2221	-0.202	-0.04632	0.04923	-0.007148	-0.02237
173	-0.4321	0.9157	-0.698	-0.1564	-0.7877	0.06563	-0.994	0.3974	0.4028	0.3459	-1.204	0.2284	0.5783	0.5152	0.2538	-0.004021	0.3108	0.05903	0.04945	-0.01591	0.03638	-0.06828	-0.02621	0.02522	-0.001414	0.01762	-0.01505
174	1.274	-0.6305	-0.6138	0.1138	-0.5904	0.7777	-0.5435	0.4033	0.7024	-0.1611	-0.2796	-0.01081	0.14	0.2294	0.1205	-0.009335	-0.212	-0.06556	0.1808	-0.0972	0.1946	-0.008671	0.07693	0.0879	-0.1265	-0.1704	-0.01009
175	1.138	-0.4599	-0.4259	0.07383	-0.5587	0.7721	-0.6798	0.5754	0.5866	-0.0758	-0.5223	0.09027	0.1685	0.3466	0.2887	-0.1545	-0.04291	-0.2197	0.1754	-0.1476	0.1271	-0.02363	-0.06011	0.08961	-0.1048	-0.1621	-0.01149
176	-1.218	1.379	-1.672	0.1441	-0.9616	-0.4045	-0.7542	-0.3181	0.626	-0.1116	-0.4298	0.1027	0.05439	0.3685	-0.6143	0.5649	0.5956	0.1509	-0.1767	-0.1183	0.1741	0.0107	0.1482	0.03395	-0.04356	0.05554	0.05301
177	-0.5617	0.3433	-1.109	0.439	-0.7044	0.1708	-0.8985	0.1834	0.6027	-0.2391	-0.4491	0.1826	0.1381	0.5288	-0.5223	0.216	0.7356	0.1453	-0.2933	0.293	-0.07899	0.1255	-0.08571	-0.008552	-0.08346	-0.04416	0.03581
178	-0.2428	0.9712	-0.8452	-0.2593	-0.8889	0.1517	-1.147	0.3007	0.4358	0.2569	-0.9813	0.1238	0.4692	0.5427	0.253	0.08059	0.1199	0.1117	0.01157	0.004673	0.317	-0.1273	-0.08372	0.02442	-0.0285	-0.0473	-0.039
179	-2.106	3.984	-2.812	0.09248	-0.7382	-2.335	0.5311	-1.656	0.392	-0.8646	-1.379	0.8197	0.2338	-0.4191	0.08292	0.1916	-0.002993	1.163	-0.8432	-0.1052	0.02897	-0.1384	-0.1546	-0.07675	0.137	0.008473	-0.01051
180	0.292	-0.06093	-0.8019	0.002976	-0.7128	0.5976	-0.965	0.4668	0.7061	0.2023	-0.3955	0.1757	0.1496	0.2104	0.0943	0.203	0.02904	-0.02341	0.2175	-0.02992	0.2049	-0.03376	-0.05439	0.05018	-0.07248	-0.07505	0.003567
181	-0.421	0.9396	-0.9808	-0.08616	-0.8729	0.00697	-0.9886	0.2593	0.4588	0.1966	-0.9582	0.0992	0.6136	0.3995	0.1928	0.08287	0.1002	0.1396	0.08662	0.1123	0.1839	-0.1039	0.003838	-0.01364	-0.003994	-0.00801	-0.04408
182	-3.053	1.614	4.593	-1.465	0.1852	0.376	-1.484	-0.1897	-0.5805	0.6107	0.0573	0.6679	-0.9739	0.128	0.2928	0.1654	-0.2674	0.05965	-0.3514	0.1159	0.1144	0.0488	-0.1769	0.02111	-0.03301	-0.01574	0.04983
183	-2.427	2.565	3.847	-1.429	-0.1709	0.1125	-1.307	-0.08402	-0.5284	0.4795	0.3217	0.1015	-0.2371	0.2471	-0.01862	0.2431	-0.3489	0.2152	-0.1142	-0.1167	-0.2232	-0.03212	0.01588	-0.002571	0.0168	-0.02174	0.03213
184	-0.5253	0.5496	5.462	-2.355	2.655	-2.025	1.295	-1.997	1.355	0.7397	-0.6611	-0.1353	-0.7784	0.2565	-0.9102	-2.045	0.2537	1.141	0.02113	0.5821	0.5276	-0.004098	0.2315	-0.06771	-0.1106	0.02275	0.03192
185	-2.387	2.594	3.96	-1.335	-0.05371	-0.05796	-1.106	-0.2423	-0.3722	0.3996	0.6734	0.2296	-0.3148	0.3796	-0.09489	0.1382	-0.4102	0.3429	-0.127	-0.06449	-0.1273	0.1188	0.03292	0.003567	-0.04632	-0.02898	0.03593
186	-4.307	-0.1629	5.812	-1.631	0.3399	0.8025	-1.832	-0.1319	-0.8279	0.5395	-1.062	1.502	-2.128	-0.9464	0.8295	-0.1575	-0.4089	-0.6801	-0.6753	0.05025	0.2716	0.2481	0.1416	0.04302	-0.09683	0.06216	0.00203
187	-2.295	1.87	4.416	-1.852	-0.07032	0.2348	-1.556	0.1663	-0.5074	0.6926	-0.4066	0.295	-0.6513	-0.1162	0.3266	-0.06603	-0.3307	-0.1738	-0.3038	0.01188	-0.04991	-0.09901	-0.2376	0.0395	0.01099	-0.0193	0.01043
188	-2.089	2.494	3.5	-1.512	0.2803	-0.0926	-1.054	-0.215	-0.5108	0.3857	0.2166	-0.2754	-0.3653	0.3542	-0.3211	0.1282	-0.3108	0.203	-0.281	0.0169	-0.173	0.01913	0.0385	-0.009345	-0.02243	-0.02775	0.03946
189	-2.605	2.05	4.337	-1.543	0.007096	0.2287	-1.299	-0.1243	-0.3619	0.593	0.17	0.5384	-0.6623	0.0239	0.01032	0.1152	-0.04246	0.03641	-0.2063	-0.267	-0.1616	0.1005	-0.09519	0.02205	-0.01992	0.00215	0.05952
