gi|15640032|ref|NC_002505.1|_Vibrio_cholerae_O1_biovar_El_Tor_str._N16961_chromosome_I__complete_sequence
53867 58931
80615 82879
89918 90210
93487 93849
117545 118049
151103 155793
167515 167574
190837 191308
195353 195849
206719 207147
222829 223344
262291 263545
323996 329334
335022 336776
362523 362790
381856 382886
401485 406940
472623 472719
478764 479036
502189 503247
762589 767508
857956 858513
927338 928156
935937 936327
973595 973675
1073870 1074556
1088770 1088931
1208586 1209164
1378946 1379308
1500391 1500625
1502651 1502875
1509181 1511684
1535284 1535876
1556375 1557179
1563875 1566841
1572684 1573367
1579136 1584390
1647301 1647770
1649007 1649355
1656043 1656752
1683434 1683878
1737015 1738719
1936813 1937717
1983176 1983749
2028692 2029249
2050985 2051577
2092868 2093633
2286307 2287182
2331792 2332479
2334635 2335319
2351161 2351731
2418605 2419322
2453805 2454587
2467902 2467974
2476206 2476478
2519766 2520520
2525878 2526484
2534060 2534407
2558129 2558905
2586250 2586838
2612671 2613467
2676605 2681374
2707471 2708143
2724270 2724399
2743529 2744477
2765723 2766366
2832362 2833099
2914526 2915854
2927986 2939089
gi|15600771|ref|NC_002506.1|_Vibrio_cholerae_O1_biovar_El_Tor_str._N16961_chromosome_II__complete_sequence
19687 20897
34969 35203
102217 102691
104724 105226
210252 210764
247889 248479
251656 252901
292292 292342
301225 302594
310936 312310
313800 314612
316060 318536
323452 327284
328710 333608
335541 337031
337673 345784
348536 350976
357061 358615
360543 360940
361557 365299
366146 368039
370683 391298
391421 396845
399003 399877
401919 402290
411365 421650
427452 429048
432485 434893
435086 436551
446571 446835
558661 559945
563509 564201
736069 736849
765137 765610
931558 932351
1023261 1023526
