gi|15640032|ref|NC_002505.1|_Vibrio_cholerae_O1_biovar_El_Tor_str._N16961_chromosome_I__complete_sequence
53607 58938
150974 156212
167378 167709
262291 263545
323858 329432
335014 336426
401474 403562
581285 581769
762583 767968
935882 936266
973263 973688
1083553 1083602
1564070 1564122
1566550 1566764
1571485 1573680
1578355 1584382
1736759 1738982
1936813 1938669
2331549 2332601
2676328 2681592
2927842 2931599
2933459 2939197
gi|15600771|ref|NC_002506.1|_Vibrio_cholerae_O1_biovar_El_Tor_str._N16961_chromosome_II__complete_sequence
19739 20409
272655 272917
292284 292736
310936 312310
313798 314623
317585 317946
323973 324364
325385 325795
326845 327325
328915 329197
329780 330827
331484 331539
335541 336062
338956 339402
340007 340324
342690 343137
343944 344462
348219 348450
349007 349492
357264 358656
360466 360980
363279 363805
365393 366060
370642 396247
398091 399175
401147 402394
412882 413327
414035 414749
416540 417566
418150 418411
421778 422681
428161 428751
432986 433687
434498 434943
435471 436558
