gi|15640032|ref|NC_002505.1|_Vibrio_cholerae_O1_biovar_El_Tor_str._N16961_chromosome_I__complete_sequence
36083 54003
55364 58973
89621 140955
150924 167748
192626 219911
260540 313029
323812 362944
377439 382895
401435 486340
494082 532913
542464 548169
569703 849988
858612 874265
881095 904596
908337 936370
954565 973723
1005593 1071950
1083518 1138706
1234663 1274637
1294039 1294255
1310975 1371420
1374863 1495935
1509490 1566845
1571449 1578269
1579129 1611392
1630289 1745192
1763663 1932579
1936777 1938719
1950713 2101599
2102771 2199525
2320686 2467915
2476146 2525306
2543258 2584293
2595920 2661410
2676286 2707436
2730299 2739529
2885469 2897313
2927711 2939232
gi|15600771|ref|NC_002506.1|_Vibrio_cholerae_O1_biovar_El_Tor_str._N16961_chromosome_II__complete_sequence
19639 138559
157492 230729
248588 273397
275702 277448
292249 302746
310944 312310
312701 319057
319845 322063
322594 327360
328757 333801
334897 336064
337082 340469
341038 343202
343906 344525
345324 349530
350288 351373
352740 361029
361543 366749
367455 368691
369252 396282
397466 407561
410171 415587
416248 421136
421660 424409
427376 430890
431866 432436
432941 433724
434347 446835
456880 494908
507998 508079
540200 564282
612614 699698
721098 765707
800173 802733
807315 812005
866115 878589
962026 1064825
