gi|15640032|ref|NC_002505.1|_Vibrio_cholerae_O1_biovar_El_Tor_str._N16961_chromosome_I__complete_sequence
53589 58950
150886 156228
167476 167724
323884 329388
335125 336398
361931 362903
381887 382802
401511 407125
478476 478683
486261 486332
501872 502097
581045 581925
762589 767959
865148 865208
880499 880577
900659 900716
904855 904964
935979 936182
973252 973754
993069 993252
1068096 1068761
1198683 1198786
1294064 1294229
1374799 1374859
1511120 1511736
1563855 1563963
1564655 1564979
1565643 1565877
1566551 1566695
1571569 1573674
1579129 1585019
1698189 1698257
1736822 1738927
1785382 1785582
1937756 1938533
1948092 1948171
1951729 1951824
1961002 1961087
2331428 2332600
2667273 2667405
2676391 2681699
2927843 2939200
