gi|15640032|ref|NC_002505.1|_Vibrio_cholerae_O1_biovar_El_Tor_str._N16961_chromosome_I__complete_sequence
1 134
53522 53807
55364 58974
150923 156116
167463 167749
262291 262364
264058 264172
264988 265255
323981 325957
328411 329469
381821 382654
401608 407075
478433 478713
501777 501833
524789 524932
548444 548652
581397 581756
707639 707707
762546 768053
880028 881667
894461 894651
899946 900716
904168 904964
907405 907455
910937 911385
935846 936371
978456 978575
993082 993341
1198714 1198792
1509489 1510296
1516495 1516569
1564034 1564485
1566472 1566841
1571448 1573716
1579129 1585200
1737357 1738377
1785382 1785540
1937557 1938720
1948140 1948609
1951729 1951820
1993847 1994114
2168381 2168456
2331433 2331616
2332089 2332241
2551469 2552217
2667273 2667389
2676285 2681628
2927806 2939233
