gi|15640032|ref|NC_002505.1|_Vibrio_cholerae_O1_biovar_El_Tor_str._N16961_chromosome_I__complete_sequence
53917 58870
150989 156007
262291 263545
323886 329395
381925 382421
581470 581635
762854 767954
935957 936255
973436 973531
1563875 1564117
1571220 1573605
1574456 1574755
1575260 1576584
1579779 1583123
1712304 1712403
1737281 1738910
1937460 1937510
2331635 2331703
2927933 2936928
2937557 2939067
gi|15600771|ref|NC_002506.1|_Vibrio_cholerae_O1_biovar_El_Tor_str._N16961_chromosome_II__complete_sequence
19796 21165
273134 273351
310944 312310
313869 314533
322672 323338
326793 327257
328990 329210
335599 335871
339018 339369
340042 340251
342734 343113
351160 351323
356514 358321
360538 360858
370286 394553
395376 396245
398437 399073
401113 401735
413296 413791
414297 414752
416546 417497
421863 422679
428387 428891
432979 433618
435537 436503
735905 736897
