gi|15640032|ref|NC_002505.1|_Vibrio_cholerae_O1_biovar_El_Tor_str._N16961_chromosome_I__complete_sequence
1 134
53522 53807
55364 58974
150923 156116
167463 167749
262291 262364
264058 264172
323981 325957
328411 329469
381821 382654
401608 407075
478433 478713
501777 501833
524789 524932
581397 581756
707639 707707
762546 768053
880499 880577
881175 881667
894461 894651
899946 900716
904470 904964
907405 907455
910937 911385
935846 936371
978456 978575
993082 993341
1198714 1198792
1509489 1510296
1516495 1516569
1564034 1564485
1566472 1566841
1571448 1573716
1579129 1585200
1737357 1738377
1785382 1785540
1937557 1938720
1951729 1951820
2168381 2168456
2331433 2331616
2332089 2332241
2551469 2552217
2667273 2667389
2676285 2681628
2927806 2939233
gi|15600771|ref|NC_002506.1|_Vibrio_cholerae_O1_biovar_El_Tor_str._N16961_chromosome_II__complete_sequence
893 1127
19638 20445
101841 102276
140974 141045
216953 217014
219808 220334
267192 267245
292248 292774
303459 304268
310944 312310
313750 314660
317539 318014
324054 324409
325349 325822
326805 327361
329742 331346
333590 333642
334913 336064
338984 339443
339971 340469
342634 344526
345282 345880
356441 358388
359585 359640
360281 361017
361592 362072
362794 363214
365329 366096
368037 368120
370683 372622
373089 389823
390052 394647
395328 396283
398054 399201
401294 402061
402271 402355
404162 404228
407462 407511
412267 414516
416504 417602
418114 418447
421659 422718
427452 428789
431865 432437
434462 436594
515881 515945
516510 517157
558246 558302
559341 559424
563935 565652
630187 630683
675846 675999
735811 736973
826730 827099
829715 829909
832445 832498
862717 862823
