gi|169627108|ref|NC_010397.1|_Mycobacterium_abscessus_chromosome__complete_sequence
28440 28515
43952 44577
45898 46316
109755 110072
174806 174989
220463 221786
453064 455072
458183 458286
460679 461054
463832 464211
472178 472411
473705 473985
511403 511568
630663 630733
636673 637041
679604 682030
755629 756414
866886 867006
923987 924096
986380 987227
987798 987848
1016611 1016726
1021790 1022239
1036554 1036699
1050970 1051572
1094560 1094957
1095691 1096088
1135724 1135895
1149007 1149265
1166060 1166375
1277083 1277873
1304922 1305252
1315332 1315599
1384922 1385254
1385795 1386131
1462006 1462106
1500197 1500555
1579045 1580405
1631748 1631821
1926527 1926686
1944066 1944731
1963517 1963900
1972903 1972963
2251388 2251748
2253166 2253784
2348808 2349072
2474867 2474968
2493431 2493480
2596747 2597528
2614876 2615156
2616461 2616692
2658475 2658697
2659210 2659376
3019914 3020693
3023534 3024308
3163918 3164120
3172175 3172239
3251957 3252338
3258650 3258742
3334589 3334713
3402454 3402685
3439016 3439914
3545335 3545847
3546743 3547253
3623893 3623980
3676566 3676640
3708371 3708576
4066989 4067367
4067919 4068297
4144800 4147041
4356618 4357445
4409707 4409829
4767454 4767783
4773944 4774699
4776299 4776415
4793778 4794107
4797022 4797768
4811238 4811514
4814155 4814431
4913564 4913692
