gi|169627108|ref|NC_010397.1|_Mycobacterium_abscessus_chromosome__complete_sequence
44280 45804
109762 109992
453403 455509
458169 458952
488380 490306
636670 637039
659557 659992
679604 682030
1016625 1016833
1036577 1036672
1095018 1095575
1166060 1166375
1277374 1278509
1304955 1305236
1315416 1315473
1385952 1386140
1393326 1393383
1395783 1396051
1635119 1635442
1944048 1944727
1963500 1964547
1965878 1965965
1972903 1972960
2252380 2253463
2348057 2348844
2492007 2492255
2493452 2494021
2521367 2521578
2597136 2597436
2603185 2603842
2613920 2614389
2816838 2817212
3172191 3172255
3181081 3181477
3252164 3253234
3258676 3258729
3309453 3310056
3570122 3570926
3744215 3745132
4067144 4067879
4144800 4147041
4248960 4249976
4353947 4354666
4357276 4357454
4773944 4775598
4797618 4798654
4811238 4811363
4814154 4814809
4954547 4954596
4958994 4959755
