gi|169627108|ref|NC_010397.1|_Mycobacterium_abscessus_chromosome__complete_sequence
45888 46327
109772 109890
453604 455072
679604 682030
756306 756427
986953 987106
1036577 1036667
1149098 1149278
1166060 1166375
1277072 1277873
1278763 1278948
1315328 1315477
1385786 1386140
1461997 1462112
1963690 1963912
1972903 1972960
2251375 2251760
2253153 2253795
2348795 2348976
2521361 2521583
2596776 2597541
3020000 3020704
3023623 3024321
3251944 3252355
3439642 3439919
4067906 4068043
4144800 4147041
4356799 4356877
4793767 4794105
4797334 4797782
4811348 4811526
4814269 4814445
