gi|169627108|ref|NC_010397.1|_Mycobacterium_abscessus_chromosome__complete_sequence
46064 46148
65071 72449
109788 109879
128131 131716
153828 157567
161771 161824
168314 174988
453888 455072
458191 458316
591758 594829
630710 630939
670137 670264
679604 682030
789971 790190
917562 932972
1033794 1036663
1166060 1166375
1305169 1305221
1393315 1393391
1668609 1669323
1944301 1944735
1953445 1955008
2004808 2005671
2251518 2251630
2674686 2674882
2723885 2727676
3172167 3172234
3252177 3252338
3592512 3592604
4144800 4147041
4357267 4357470
4554864 4555598
