gi|15640032|ref|NC_002505.1|_Vibrio_cholerae_O1_biovar_El_Tor_str._N16961_chromosome_I__complete_sequence
53662 53807
55599 58973
150924 152790
262291 263545
264133 264238
323982 324327
325879 329534
381822 382895
401609 403563
407034 407140
478451 478712
762616 764506
884024 884105
935982 936370
973342 973723
1511408 1511750
1563875 1564117
1571449 1573282
1574343 1579143
1583125 1584390
1737353 1737747
1738385 1738719
1936777 1937020
1937558 1938719
2168296 2168372
2331748 2332140
2679608 2681713
2927807 2927928
2933099 2937459
2939067 2939146
gi|15600771|ref|NC_002506.1|_Vibrio_cholerae_O1_biovar_El_Tor_str._N16961_chromosome_II__complete_sequence
19639 20444
20993 21638
102209 102288
292249 292773
301650 302746
310944 312310
314250 314659
317540 319057
322594 323434
324055 324408
326806 327360
328901 331284
333590 333642
334897 336064
342831 343202
345392 345879
356442 358387
360441 361029
370415 389933
390786 394902
398554 398959
401107 401165
402156 402321
411734 412324
412923 414274
428179 429124
431866 431925
432941 432994
434774 435382
507998 508079
558352 559732
564168 564282
