gi|42779081|ref|NC_003909.8|_Bacillus_cereus_ATCC_10987__complete_genome
1 10621
11464 21768
21864 28973
29261 30750
30844 64525
64608 82328
82607 86986
87243 145295
145605 149973
151190 227898
229044 278777
279789 284387
284556 284914
285089 313827
314338 318403
318695 319524
321314 327430
327862 330575
331120 335206
335665 453070
455897 603264
604042 604679
605148 609331
611142 818063
818296 822568
823868 824144
824474 824720
824795 1080077
1080149 1109703
1109898 2367411
2367535 2564187
2565880 2599597
2600289 2993723
2993902 2995234
2995643 3015457
3018133 3118081
3119715 3233470
3233672 4190253
4191658 4248300
4248376 4375335
4380533 4416916
4417074 4539764
4543281 4648834
4650904 4655564
4655941 4827373
4828516 4834672
4843860 5142420
5142637 5203883
5203957 5224283
gi|44004339|ref|NC_005707.1|_Bacillus_cereus_ATCC_10987_plasmid_pBc10987__complete_sequence
1 208369
