gi|42779081|ref|NC_003909.8|_Bacillus_cereus_ATCC_10987__complete_genome
1 30750
30844 64525
64608 227898
229044 278939
279023 313821
315430 315500
318490 319524
321314 453070
455897 603264
604042 610057
610220 615177
615253 823435
823518 1080077
1080149 1109641
1109898 1490630
1490776 2564189
2564343 2565054
2565661 2599597
2600289 2995386
2995643 3015457
3018133 3118081
3118637 3119138
3119715 3166750
3167575 3233470
3234416 4190253
4191658 4248300
4248376 4375335
4380533 4539764
4543281 4648834
4648979 4649092
4649256 4649432
4650226 4655824
4655941 4827373
4828516 4834672
4843860 5224283
gi|44004339|ref|NC_005707.1|_Bacillus_cereus_ATCC_10987_plasmid_pBc10987__complete_sequence
1 208369
