gi|15640032|ref|NC_002505.1|_Vibrio_cholerae_O1_biovar_El_Tor_str._N16961_chromosome_I__complete_sequence
54078 54377
54917 55007
56003 57742
58316 58737
151075 151668
152188 155727
262291 263545
324882 325331
325937 329293
381973 382065
401797 407009
763056 767631
1571921 1573512
1579136 1584390
1736946 1737498
1937800 1938545
1951746 1951809
2676460 2679265
2680120 2681259
2933904 2936800
2937361 2938719
gi|15600771|ref|NC_002506.1|_Vibrio_cholerae_O1_biovar_El_Tor_str._N16961_chromosome_II__complete_sequence
216953 217014
219775 219932
303935 304045
310944 311291
311463 312310
322847 323274
326232 326739
329843 330613
356484 357175
370683 390561
390784 394647
416963 417440
433142 433540
435624 436357
564078 564629
630324 630460
