gi|77404693|ref|NC_007489.1|_Rhodobacter_sphaeroides_2.4.1_plasmid_C__complete_sequence
1 1466
74562 79147
105229 105284
gi|552530953|ref|NC_007490.2|_Rhodobacter_sphaeroides_2.4.1_plasmid_D__complete_sequence
1 2980
5490 5886
6897 6953
8676 8726
11533 11888
15037 15265
27020 27248
43440 43603
48057 48716
65607 65666
98558 98713
100145 100827
gi|552536492|ref|NC_007494.2|_Rhodobacter_sphaeroides_2.4.1_chromosome_2__complete_sequence
1 5303
23831 23929
42261 42788
136267 136574
160003 160407
166581 166630
237386 237504
243735 243917
252412 252598
337588 337770
360024 360087
361512 361875
409957 410009
411166 411220
451010 451080
486027 486275
575909 576736
704969 705375
707321 708883
711084 713312
729961 730043
733277 733536
738583 743447
744355 746019
758974 759258
759966 760588
761424 762431
780583 781962
850025 850403
888307 889394
889907 890065
891200 892376
892889 895124
895770 896048
896631 896684
902045 902511
921279 922472
942662 943018
gi|552530711|ref|NC_007488.2|_Rhodobacter_sphaeroides_2.4.1_plasmid_B__complete_sequence
1 1521
14820 15045
gi|552535527|ref|NC_007493.2|_Rhodobacter_sphaeroides_2.4.1_chromosome_1__complete_sequence
1 5301
48258 48576
81402 81549
113483 113576
149091 149296
175379 175450
222547 224305
226315 226552
227246 229641
230432 231096
235236 235977
238529 238846
241258 242111
247382 248203
248707 249580
251297 253739
273536 273593
287861 288936
427034 427147
436080 436154
503925 504019
537611 537823
548559 548818
559175 559458
577655 577795
601150 601783
608637 608820
645408 647061
648478 653291
655416 656825
667559 669507
671568 672437
672988 673289
691752 692189
761205 761289
770790 771056
804296 804390
849915 850287
883623 884273
975621 975715
1054745 1055046
1056850 1057023
1129819 1129912
1163567 1163633
1375963 1376330
1435242 1436755
1479362 1479489
1587811 1587865
1613096 1613400
1645923 1645972
1678907 1678983
1726753 1726857
1752627 1753350
1815483 1815579
1951128 1951204
1999284 1999424
2048621 2048675
2075312 2075366
2176244 2177773
2189449 2189515
2279597 2279705
2329128 2329197
2339442 2339530
2419510 2419661
2457306 2457483
2509242 2509499
2522080 2522332
2593018 2593081
2624077 2625267
2670088 2670237
2703350 2703416
2774088 2774303
2863736 2863802
2927782 2927891
2976646 2976917
3180760 3180981
3188168 3188524
gi|125654605|ref|NC_009007.1|_Rhodobacter_sphaeroides_2.4.1_plasmid_A__partial_sequence
1 494
2565 2680
15735 16004
23426 23541
24242 24357
28019 28648
39895 40004
42248 42397
64464 65578
70612 70767
71701 72761
78408 78496
80914 81399
82996 84585
85663 86075
90193 91590
94362 94549
gi|125654693|ref|NC_009008.1|_Rhodobacter_sphaeroides_2.4.1_plasmid_E__partial_sequence
2464 3123
6067 7034
34847 36496
