gi|77404693|ref|NC_007489.1|_Rhodobacter_sphaeroides_2.4.1_plasmid_C__complete_sequence
55723 55841
69203 69317
69908 69981
74764 74845
gi|552530953|ref|NC_007490.2|_Rhodobacter_sphaeroides_2.4.1_plasmid_D__complete_sequence
1 3022
5472 5904
6417 6971
8658 8744
11733 11891
47563 48031
48187 48734
48990 49953
65628 65684
99211 100827
gi|552536492|ref|NC_007494.2|_Rhodobacter_sphaeroides_2.4.1_chromosome_2__complete_sequence
1 5321
44086 44818
124922 124981
183829 184148
243763 243873
252409 252460
307223 307609
383422 383478
396825 397336
500288 500339
705128 705531
706580 707485
707779 709291
711066 712768
712929 713050
729763 730142
733245 733375
737323 740731
741696 743465
744337 746037
756740 757005
757870 758538
758678 759081
760149 760804
762601 762706
779835 780601
780970 781213
781478 782513
796291 796602
888383 890083
891059 893476
894478 895142
895354 897266
gi|552530711|ref|NC_007488.2|_Rhodobacter_sphaeroides_2.4.1_plasmid_B__complete_sequence
1 1539
7021 7332
55467 55865
104778 104857
gi|552535527|ref|NC_007493.2|_Rhodobacter_sphaeroides_2.4.1_chromosome_1__complete_sequence
131694 131766
146873 147007
149077 149314
175129 175633
222365 224323
226297 229166
229372 229930
230414 232360
232484 232648
234082 234145
235218 235633
239415 239491
247322 247371
247665 249598
251041 252909
287661 287812
483841 484308
537585 537649
548372 548592
548720 548836
601457 601577
645390 647079
648351 652385
652579 656843
657090 657245
657796 657880
667862 669525
671312 672752
672970 673924
683874 684023
691734 692207
841883 842068
850025 850102
874100 874554
904434 904495
975603 975733
1028522 1028660
1102173 1102458
1129308 1129665
1463324 1463470
1479344 1479507
1678725 1679001
1804616 1804783
2017671 2017992
2109880 2109965
2166764 2166828
2177554 2177791
2217101 2217162
2245307 2245802
2279515 2280210
2384957 2385011
2445794 2445855
2522160 2522280
2548596 2548742
2575356 2575760
2624499 2624879
2670071 2670159
2715351 2715609
2773726 2774215
2938264 2938333
3030415 3030728
3051093 3051739
3062029 3062405
3101133 3101210
3180785 3180866
3188150 3188524
gi|125654605|ref|NC_009007.1|_Rhodobacter_sphaeroides_2.4.1_plasmid_A__partial_sequence
21662 21789
22294 22365
23102 23664
24224 24739
27336 27709
28530 28676
39856 39908
64464 65686
70440 71234
72686 72925
78362 78481
81268 81415
83189 84607
85920 86618
90175 90981
gi|125654693|ref|NC_009008.1|_Rhodobacter_sphaeroides_2.4.1_plasmid_E__partial_sequence
1971 2438
3397 4359
6147 6934
34766 35501
