gi|15600771|ref|NC_002506.1|_Vibrio_cholerae_O1_biovar_El_Tor_str._N16961_chromosome_II__complete_sequence
20495 21638
102209 102288
272620 273397
292249 292773
310944 312310
314250 314659
317540 319057
324055 324408
325350 325539
326806 327360
328901 329821
330380 331824
333590 333642
334897 336064
337591 337887
339400 339842
340410 340469
342831 343202
345392 345879
356442 356685
357223 358691
360441 361029
361543 362071
363517 363786
365330 366095
368038 368388
370415 395278
398554 398959
401107 401244
402156 402321
411734 412324
412923 414386
416248 417601
419329 419525
428179 429124
431866 432436
432941 432994
434639 435382
507998 508079
558352 558499
559783 560194
564168 564282
735812 736972
