gi|15600771|ref|NC_002506.1|_Vibrio_cholerae_O1_biovar_El_Tor_str._N16961_chromosome_II__complete_sequence
19701 20443
219810 220197
292250 292772
310944 312310
313763 314658
316902 317387
324056 324471
326807 327359
329049 331575
334908 334966
335506 337067
338960 339441
339973 340469
342656 344524
345393 345878
349074 349652
352317 352700
356443 356647
360255 361015
361544 362070
365358 366094
370683 376610
377268 394647
398056 399199
401296 402442
412269 414514
416506 418445
421231 422733
428266 429123
431867 432154
434464 436592
507998 508078
735813 736971
