gi|15600771|ref|NC_002506.1|_Vibrio_cholerae_O1_biovar_El_Tor_str._N16961_chromosome_II__complete_sequence
272655 272917
292284 292736
310936 312310
313798 314623
317585 317946
323973 324364
325385 325795
326845 327325
328915 329197
329780 330827
331484 331539
335541 336062
338956 339402
340007 340324
342690 343137
343944 344462
348219 348450
349007 349492
357264 358656
360466 360980
363279 363805
365393 366060
370642 396247
398091 399175
401147 402394
412882 413327
414035 414749
416540 417566
418150 418411
421778 422681
428161 428751
432986 433687
434498 434943
435482 436558
