gi|15600771|ref|NC_002506.1|_Vibrio_cholerae_O1_biovar_El_Tor_str._N16961_chromosome_II__complete_sequence
824 1117
20317 20522
21270 21844
66856 66946
216918 217065
219995 220197
272795 273257
292437 292651
310944 312310
313930 314499
316914 317972
318512 319084
322593 322687
323376 324408
325129 325812
326806 327403
327943 327996
328790 332444
332990 333784
334913 335067
335705 336064
338132 338272
338882 341059
342812 343212
343907 344539
345322 345813
348246 349428
351203 351473
358434 358656
359746 360956
361551 362097
363253 364370
365286 366081
368080 368699
369268 369331
370559 396253
396863 397017
398006 399189
401096 402476
404147 404234
406275 406364
406977 407546
410160 410857
411430 414788
415636 415741
416252 417410
417942 418549
419336 419831
420588 420695
421651 422749
423492 424430
427932 429111
431815 433721
434334 434979
435624 436395
516498 517155
558341 558500
563985 565710
630273 630683
735969 736785
878540 878664
