gi|15640032|ref|NC_002505.1|_Vibrio_cholerae_O1_biovar_El_Tor_str._N16961_chromosome_I__complete_sequence
53604 53807
55364 58968
89638 89824
150737 156204
167378 167719
192465 192619
262291 262364
269214 269333
323760 329532
334893 335337
361937 362936
377455 377633
381869 382851
401310 403563
406900 407141
478476 478812
481250 481510
503005 503710
531244 531394
581051 581918
762473 767980
849983 850221
881119 881180
883894 884079
935894 936691
973254 973676
1005622 1005876
1067902 1068700
1071955 1072047
1100054 1100162
1198447 1198715
1293957 1294226
1360808 1360863
1495920 1496216
1510346 1511735
1563874 1564485
1566421 1566751
1571498 1573666
1579127 1585150
1697978 1698172
1731861 1731989
1736768 1738972
1936824 1936982
1937607 1938683
2092667 2092867
2101590 2101734
2121311 2121469
2154436 2154627
2168319 2168368
2330961 2332600
2558917 2558977
2584003 2584692
2638069 2638145
2676331 2681701
2878253 2878610
2896949 2897314
2927722 2939199
2945681 2945906
gi|15600771|ref|NC_002506.1|_Vibrio_cholerae_O1_biovar_El_Tor_str._N16961_chromosome_II__complete_sequence
19641 21884
58946 59135
102013 102263
110672 110775
138207 138555
157440 157587
186170 186442
195079 195426
207352 207591
210854 211061
219806 220342
236909 237041
248495 248569
267238 267358
272664 273348
275532 275864
292259 292725
310944 312310
313800 314612
316881 319042
323939 324478
325140 325821
326807 327381
327923 327979
328671 332373
333592 333786
334908 336064
337592 338202
338880 341056
342646 343202
343906 344591
345322 345876
348130 349602
351182 351366
356491 358693
359934 361030
361554 362033
362792 364302
365152 366098
367459 369279
370082 396247
397991 399200
401115 402449
406294 406364
407042 407547
410170 414776
416251 418524
419241 419869
420588 422735
423506 424401
427915 429129
431871 432439
432948 433718
434332 436551
490710 490767
507998 508092
515983 516036
558295 560195
564181 564500
669685 669831
690388 690527
735861 736936
811747 811992
878553 878678
