gi|77404693|ref|NC_007489.1|_Rhodobacter_sphaeroides_2.4.1_plasmid_C__complete_sequence
1 1450
gi|552530953|ref|NC_007490.2|_Rhodobacter_sphaeroides_2.4.1_plasmid_D__complete_sequence
1 2973
99266 100827
gi|552536492|ref|NC_007494.2|_Rhodobacter_sphaeroides_2.4.1_chromosome_2__complete_sequence
1 5295
740871 740961
741872 741927
745189 745399
758785 759078
888480 889858
892790 892849
894094 894354
894881 895009
921745 922356
942847 943018
gi|552530711|ref|NC_007488.2|_Rhodobacter_sphaeroides_2.4.1_plasmid_B__complete_sequence
gi|552535527|ref|NC_007493.2|_Rhodobacter_sphaeroides_2.4.1_chromosome_1__complete_sequence
1 5293
146933 147009
222720 222831
227253 227758
229151 229411
234003 234352
251464 253011
645506 646291
649336 649924
650835 651576
656168 656517
668200 668847
691866 692105
2715400 2715605
3188353 3188524
gi|125654605|ref|NC_009007.1|_Rhodobacter_sphaeroides_2.4.1_plasmid_A__partial_sequence
1 234
64464 65571
70447 70760
81168 81343
83003 84461
90215 90981
gi|125654693|ref|NC_009008.1|_Rhodobacter_sphaeroides_2.4.1_plasmid_E__partial_sequence
35585 36496
