gi|77404693|ref|NC_007489.1|_Rhodobacter_sphaeroides_2.4.1_plasmid_C__complete_sequence
1 1466
31397 31498
61173 61269
70640 70707
74562 74845
75479 79147
105229 105284
gi|552530953|ref|NC_007490.2|_Rhodobacter_sphaeroides_2.4.1_plasmid_D__complete_sequence
1 2980
5490 5981
11488 11873
15037 15265
27020 27248
39470 40509
42086 44055
48057 48716
53819 54028
65611 65666
99894 100827
gi|552536492|ref|NC_007494.2|_Rhodobacter_sphaeroides_2.4.1_chromosome_2__complete_sequence
1 96
2306 5303
20888 21138
23700 23854
33495 38974
42261 42544
70532 70597
117125 117279
157192 157245
160320 160485
166627 166687
181199 181256
209640 209747
243660 243894
252410 252487
294755 294825
331453 331607
336951 337349
339486 339557
361475 361947
369255 369329
383469 384006
389961 390430
391102 391189
396821 397356
406389 406527
438610 438705
469744 469879
480072 480212
483191 483282
488418 488508
502806 502959
518894 518955
530259 530328
545146 545781
550117 550228
554922 555001
557149 557416
559842 560195
565016 565584
571294 571807
574533 574622
575363 575427
575936 576747
593269 593362
617437 617826
629873 630223
636211 636283
640199 640613
643563 643716
650102 650689
651805 651972
663881 663962
666809 666879
705245 705375
707321 708783
711593 711754
712356 713032
729784 730043
737341 737473
738117 739206
739762 740612
742296 743447
744355 745234
745928 746019
758795 758925
759478 759968
760560 760689
761487 762208
785541 785690
825259 825382
850071 850277
888307 890065
891200 892154
893606 894985
904308 906394
921279 921696
922340 922472
942662 943018
gi|552530711|ref|NC_007488.2|_Rhodobacter_sphaeroides_2.4.1_plasmid_B__complete_sequence
1 1521
17768 18316
19768 19872
33756 33810
53934 54083
55420 55909
58923 59013
78638 78699
103847 104050
106002 106377
gi|552535527|ref|NC_007493.2|_Rhodobacter_sphaeroides_2.4.1_chromosome_1__complete_sequence
1 2447
15547 15601
47380 47455
48935 49032
89743 90217
97179 97775
112017 112299
114580 114683
117143 117288
125480 125537
129386 129455
131152 131698
143793 143892
146813 146982
147591 148026
148952 149296
163012 163093
175082 175400
191067 191468
222547 224305
226315 226435
227365 227433
228674 229978
235434 235496
238704 238966
240679 241940
248082 248203
251444 253739
267859 268042
273642 273889
278077 278200
283527 283598
284139 284462
287570 288936
307455 307613
393784 393869
426940 427061
436033 436643
472620 472812
533294 533511
534491 534603
537434 537743
559175 559458
563849 563998
579892 579955
593898 593959
601491 602055
603813 604062
608309 608814
636050 636189
645408 645487
646351 647061
648478 648598
649143 649399
650234 651669
653263 653327
656566 656672
657843 657894
663788 663860
667930 668606
671385 672341
672988 673289
691752 692189
694807 694878
698262 698996
716220 716400
725827 725893
741265 741607
770219 770275
816297 816673
820724 820982
826381 826443
847337 847453
878522 878620
902091 902169
910829 910898
962854 962918
975621 975715
977354 977497
1002433 1002530
1005639 1005735
1007346 1007427
1012159 1012275
1037180 1037285
1045263 1045402
1049309 1049381
1056915 1057044
1116101 1116204
1129854 1129976
1163541 1163848
1184757 1184870
1195477 1195687
1199744 1199836
1216267 1216404
1247274 1247364
1263193 1263426
1266729 1266793
1286673 1286746
1287320 1287428
1311169 1311238
1323224 1323312
1355229 1355484
1363027 1363099
1376083 1377232
1378068 1378548
1379094 1379342
1384881 1385120
1396209 1396482
1415937 1416001
1435242 1436755
1475831 1475888
1492114 1492226
1494200 1494272
1495582 1495860
1533737 1534028
1550688 1551277
1583824 1583905
1586659 1586813
1636136 1636216
1638417 1638554
1660970 1661044
1715987 1716124
1725677 1725831
1726794 1726876
1735407 1735477
1751052 1751249
1752451 1753350
1780362 1780464
1790268 1790671
1794936 1794992
1816322 1816385
1817662 1818297
1827287 1827381
1828736 1828982
1866777 1866842
1874719 1874779
1932763 1933036
1943565 1943656
1947880 1947966
1973939 1974024
1977632 1978119
1998851 1998981
2021508 2021739
2030695 2030747
2041499 2041574
2048576 2048640
2049771 2049913
2057742 2057824
2083005 2083281
2086294 2086376
2166521 2166810
2168550 2168618
2176244 2177773
2193609 2193668
2207946 2208001
2217114 2217168
2228637 2228850
2279607 2280443
2281653 2281707
2283338 2284039
2307785 2308200
2312231 2312348
2324531 2324765
2328022 2328098
2343831 2344504
2356132 2356189
2384763 2385044
2387792 2388220
2389999 2390260
2412443 2412508
2452157 2452274
2454304 2454778
2456352 2456452
2457126 2457342
2471297 2471377
2512827 2512901
2522297 2522379
2537263 2537339
2559946 2560051
2597085 2597142
2602283 2602430
2624702 2624869
2648659 2648718
2669908 2670199
2715400 2715705
2740657 2740729
2773726 2774254
2795873 2795946
2827229 2827295
2837907 2838015
2861895 2862206
2911428 2911531
2942931 2943046
2945545 2946258
2949956 2950060
2992129 2992198
3004420 3004482
3023632 3023683
3036319 3037222
3057119 3057284
3065248 3065384
3068565 3068673
3082531 3082629
3096155 3096228
3119390 3119542
3126176 3126303
3127020 3128039
3180687 3180947
3188168 3188524
gi|125654605|ref|NC_009007.1|_Rhodobacter_sphaeroides_2.4.1_plasmid_A__partial_sequence
1 512
2536 2608
23426 23541
24242 24357
27400 28648
39772 40033
42330 42454
64464 65578
70443 70767
71701 72761
75585 75697
78408 78520
80228 81367
82996 84585
85663 86155
90193 91590
97849 98037
113829 114045
gi|125654693|ref|NC_009008.1|_Rhodobacter_sphaeroides_2.4.1_plasmid_E__partial_sequence
2464 3123
6407 7034
34831 36496
