gi|15640032|ref|NC_002505.1|_Vibrio_cholerae_O1_biovar_El_Tor_str._N16961_chromosome_I__complete_sequence
53572 54003
55364 58973
89621 89822
150924 152790
155949 156247
167341 167748
262291 262364
264133 264238
269181 269363
323812 329534
334868 335337
361909 362944
381822 382895
401435 407140
478451 478828
481245 481523
501778 502093
502762 503711
581018 581940
762460 768003
884024 884105
935847 936370
973218 973723
1005593 1005878
1067926 1068297
1083518 1083637
1294039 1294255
1509490 1512197
1563875 1564768
1566417 1566845
1571449 1573715
1579129 1585199
1712356 1712412
1736720 1739018
1936777 1937020
1937558 1938719
2168296 2168372
2330955 2332637
2583964 2584293
2676286 2681713
2927711 2939232
gi|15600771|ref|NC_002506.1|_Vibrio_cholerae_O1_biovar_El_Tor_str._N16961_chromosome_II__complete_sequence
19639 21899
102209 102288
157492 157610
186135 186461
195079 195484
219809 220333
272620 273397
292249 292773
310944 312310
313762 314659
317405 319057
323937 324472
325132 325821
326806 327360
328757 332383
333590 333801
334897 336064
337591 338212
338880 340469
342635 343202
343906 344525
345324 345879
348180 349530
351133 351373
356442 358691
359924 361029
361543 362071
362813 364306
365330 366095
367960 368691
370086 396282
398055 399200
401107 402429
407045 407561
411734 414794
416248 418446
419236 419864
421660 422717
423506 423896
427917 429124
431866 432436
432941 433724
434347 436593
490712 490768
507998 508079
558247 558562
559231 560194
564168 564282
699611 699698
735812 736972
