gi|15640032|ref|NC_002505.1|_Vibrio_cholerae_O1_biovar_El_Tor_str._N16961_chromosome_I__complete_sequence
1 58733
151165 155408
262291 262445
324219 329288
335594 336181
401653 406748
762814 767575
899086 900716
1564073 1564125
1565924 1566366
1566511 1566841
1579649 1584390
1737454 1737658
1738178 1738319
1937336 1938524
1951746 1951820
2676538 2676660
2676895 2681516
2927934 2933257
2933943 2961149
gi|15600771|ref|NC_002506.1|_Vibrio_cholerae_O1_biovar_El_Tor_str._N16961_chromosome_II__complete_sequence
216953 217014
220084 220197
272807 273007
310944 312310
322730 323393
330287 330356
334988 335457
336153 336684
340639 341117
357511 357608
370683 394647
418497 418629
428433 428513
434677 434818
435627 436305
564078 564629
630324 630460
736098 736776
