gi|161508266|ref|NC_010079.1|_Staphylococcus_aureus_subsp._aureus_USA300_TCH1516_chromosome__complete_genome
36609 37604
42208 62356
62620 67738
68781 88805
99203 103949
145767 146187
168378 170765
231677 234629
266397 267813
318664 319230
327778 329174
344227 351320
381135 381251
394911 395018
452230 452963
460677 466102
466778 472195
514317 514693
517815 518274
558661 558791
613787 616446
618386 618592
654285 663042
671530 671742
680918 694271
811239 811671
826265 826384
876228 877140
879446 879814
895802 909740
954545 954746
1040786 1042573
1098077 1098227
1342914 1345260
1380538 1380618
1413596 1414051
1426682 1426812
1442792 1443764
1456997 1457736
1556283 1557578
1558514 1559110
1559888 1592070
1592814 1599734
1600075 1605968
1607516 1608403
1626988 1627059
1804132 1805050
1873612 1873755
1873890 1873957
1892472 1893473
1903134 1903833
1911336 1912404
1917798 1918538
1927379 1929029
1929382 1929799
1930327 1936930
1940429 1940929
1945578 1945916
1946683 1956068
1960553 1961519
1962112 1962571
1987344 1987427
1996967 1997123
2001603 2001889
2083336 2083565
2111782 2114319
2117574 2118283
2120816 2122103
2122896 2126043
2133336 2135421
2137368 2140309
2147680 2148920
2179569 2179753
2266003 2268540
2295879 2296193
2317465 2319447
2335211 2336336
2347097 2352632
2431655 2432294
2478226 2479096
2504699 2504953
2580664 2580817
2601200 2602003
2623920 2625008
2629520 2629775
2630500 2633422
2634295 2634961
2647574 2649283
2664856 2665147
2680012 2681397
2699197 2699367
2753849 2754850
2774759 2775485
2862483 2864017
