gi|169627108|ref|NC_010397.1|_Mycobacterium_abscessus_chromosome__complete_sequence
28432 28526
44147 44627
45431 46364
109767 109870
220601 220714
453397 455319
458111 458294
511449 511656
679604 682030
726016 726114
756196 756464
775833 775933
866893 866961
993210 993317
1036572 1036667
1148987 1149315
1166060 1166375
1277265 1277873
1305177 1305226
1385902 1385969
1393359 1393515
1698760 1698824
1753541 1753650
1868269 1868356
1944066 1944725
1963517 1963949
1972903 1972960
2048266 2048318
2109893 2109977
2153247 2153337
2251338 2251797
2252352 2252461
2253116 2253596
2348757 2349085
2474780 2474851
2521324 2521620
2596874 2597578
2600916 2600971
3024262 3024358
3251907 3252388
3258691 3258919
3439493 3439596
4144800 4147041
4148687 4148805
4356709 4357450
4767403 4767609
4774508 4774750
4793727 4793933
4797577 4797819
4913522 4913737
4954545 4954640
gi|169786809|ref|NC_010394.1|_Mycobacterium_abscessus_plasmid__complete_sequence
1 23319
