gi|77404693|ref|NC_007489.1|_Rhodobacter_sphaeroides_2.4.1_plasmid_C__complete_sequence
1 1459
4663 4749
30376 30485
31409 31499
47646 47775
49784 49853
74569 77122
78315 79140
87817 87902
89141 89585
102703 102752
gi|552530953|ref|NC_007490.2|_Rhodobacter_sphaeroides_2.4.1_plasmid_D__complete_sequence
1 155
1183 3022
5445 5765
11540 11914
15044 15258
17761 17968
26972 27071
39477 44073
51441 51538
53252 53302
54182 54235
58209 58286
60267 60394
65653 66303
66868 69850
70564 85143
88385 89444
90417 91052
91841 91901
93143 93371
93955 94385
95617 95763
97860 97969
98538 100827
gi|552536492|ref|NC_007494.2|_Rhodobacter_sphaeroides_2.4.1_chromosome_2__complete_sequence
1 4847
23829 23929
28519 28787
33502 38967
42268 42537
50462 50564
51953 52034
70581 70640
124638 124751
132668 132765
135718 135829
149460 149567
153907 153974
160378 160485
173520 173604
175944 176495
180665 180750
184097 184148
202427 202519
216277 216370
218278 218379
236829 236910
243668 243897
252404 252480
258963 259022
271442 271495
294762 294818
296787 296856
306954 307041
335928 336015
356828 356880
369259 369362
371689 373186
382148 382218
406385 406438
407776 407865
414706 414776
417796 417848
420793 420867
442977 443064
449106 449161
469744 469883
480101 480152
483166 483240
488418 488501
500335 500449
511892 511977
539366 539449
545142 545246
554468 554988
571306 571363
572906 573022
593179 593394
603081 603130
610103 610178
630083 630199
666775 666859
705252 705368
706564 708337
712157 712596
722263 722312
737790 738578
743161 743440
744362 744813
745572 745666
747611 747710
758802 758918
761439 761654
817163 817238
850071 850186
854850 854958
871254 871377
872680 872767
874982 875052
888739 888830
889914 890058
893613 893821
903597 903651
921286 921468
938112 938167
942634 943018
gi|552530711|ref|NC_007488.2|_Rhodobacter_sphaeroides_2.4.1_plasmid_B__complete_sequence
1 1514
3335 3855
11000 11116
14410 14510
19403 19857
28981 29057
33794 34321
39415 39553
43214 43292
48761 48857
50696 50835
52060 52295
53870 54035
55464 55627
57219 57286
64088 64139
66983 67094
68798 68921
71498 71593
73624 73715
78700 79633
83694 83815
102852 102935
109670 109722
gi|552535527|ref|NC_007493.2|_Rhodobacter_sphaeroides_2.4.1_chromosome_1__complete_sequence
1 984
1536 3140
3685 5332
15591 15677
17265 17334
48990 49155
67969 68020
89738 89868
96835 96903
97428 97541
102661 102753
113346 113575
114579 114676
119100 119291
146162 147129
147774 148896
160609 160687
187383 187508
189509 189651
199444 199513
223100 224298
226376 226545
228681 229098
235441 235496
246447 246600
248936 249064
252200 253511
278122 278200
283505 283572
286245 286335
287868 288722
306773 307399
364532 364616
365505 365574
400331 400409
427029 427093
429150 429210
431845 431929
436302 436447
472490 472613
481244 481300
494451 494527
503794 503949
506338 506418
537548 537637
559182 559451
563958 564140
586363 586417
597714 597822
600239 600348
601491 601678
603820 604006
608602 608853
627549 627604
646387 646938
650974 651671
668037 668228
671976 672128
672995 673074
677468 677570
691759 692105
698650 698720
747990 748060
756782 756847
770729 770874
772937 773019
782209 782281
787806 787855
794517 794574
801226 801318
824470 824525
832190 832271
859842 859970
862217 862299
905565 905637
943975 944028
962688 962870
976979 977396
1002393 1002620
1005648 1005722
1012102 1012266
1045264 1045342
1049263 1049379
1056953 1057050
1100905 1101008
1116101 1116208
1195609 1195658
1230397 1230459
1246932 1247053
1287320 1287418
1290535 1290601
1318858 1318938
1331661 1331726
1376090 1376220
1384900 1385024
1396219 1396287
1399263 1399317
1432886 1432959
1435249 1436749
1474205 1474334
1492153 1492295
1524506 1524870
1533737 1533952
1550582 1550737
1571574 1571661
1577298 1577358
1581102 1581164
1586705 1586808
1615479 1615549
1621668 1621776
1642186 1642238
1671316 1671629
1716052 1716167
1725823 1725933
1726794 1726863
1791774 1791870
1817189 1817241
1817749 1817836
1828745 1828953
1834516 1834681
1866768 1866895
1916973 1917030
1932981 1933054
1933603 1933670
1973805 1973961
1981032 1981101
1998872 1999353
2019013 2019094
2021608 2021732
2030695 2030756
2040137 2040255
2041547 2041619
2049778 2049875
2053494 2053620
2069346 2069456
2086393 2086466
2092991 2093068
2106435 2106766
2144139 2144222
2176251 2177676
2186910 2186966
2193630 2193688
2201315 2201462
2207928 2208023
2210133 2210241
2245216 2245308
2261626 2262169
2284930 2285000
2310471 2312712
2324688 2324768
2339428 2339489
2344018 2344087
2350961 2351036
2366283 2366394
2375742 2375816
2384917 2385044
2387851 2387971
2389999 2390212
2396848 2396947
2401494 2401588
2419714 2419843
2426736 2426853
2434539 2434662
2444753 2444828
2451111 2451165
2455043 2455108
2457126 2457343
2467629 2467693
2472287 2472462
2481483 2481534
2512874 2512972
2532392 2532481
2537263 2537315
2559978 2560030
2565579 2565651
2575763 2575839
2594938 2595016
2596994 2597153
2624709 2625119
2655015 2655072
2659092 2659170
2661116 2661233
2666215 2666861
2670029 2670304
2715400 2715756
2721348 2721456
2740475 2740644
2742932 2743078
2749207 2749272
2752601 2752703
2756788 2756861
2808082 2808549
2837913 2837967
2842776 2842827
2861808 2861884
2863291 2863346
2902776 2902922
2938182 2938317
2948166 2948269
2975675 2975750
3003505 3003595
3019228 3019308
3058577 3058628
3060092 3060171
3082522 3082604
3109304 3109368
3119397 3119464
3126183 3126270
3148307 3148410
3167791 3167930
3179078 3179148
3180743 3180979
gi|125654605|ref|NC_009007.1|_Rhodobacter_sphaeroides_2.4.1_plasmid_A__partial_sequence
1 354
1123 1181
1717 2740
3634 3689
4293 4370
4937 6227
9286 9340
10041 10218
14140 14369
15045 15124
15681 15747
16800 16869
18228 18300
19919 20376
21320 21405
23373 23435
24249 25053
25843 25920
27079 28399
31038 31160
32143 35253
35775 36471
37224 37897
39811 39944
42139 42457
44709 45984
48220 48528
50035 51934
53951 54715
56086 57472
59343 59424
60131 60861
61789 62537
63545 64071
64464 65583
70435 70659
71922 75402
76007 77856
78361 87362
88278 88929
89936 92044
94228 95139
95915 95977
96816 96919
97849 98807
99794 99914
100936 101089
101816 101868
103639 103809
104707 105213
106222 106361
107046 107111
108110 108257
109581 110648
111809 112929
113847 114045
gi|125654693|ref|NC_009008.1|_Rhodobacter_sphaeroides_2.4.1_plasmid_E__partial_sequence
731 853
1611 1942
2624 2863
4358 4750
5990 7027
8028 8217
8957 9429
10222 10368
11275 11396
12261 12362
14215 15128
16183 16318
16969 18268
18961 19059
21298 21376
22313 22403
23180 23278
27303 29323
30392 30508
33009 33101
33327 34060
34863 36496
