gi|15640032|ref|NC_002505.1|_Vibrio_cholerae_O1_biovar_El_Tor_str._N16961_chromosome_I__complete_sequence
53756 55030
55846 58789
151627 152450
262291 263545
324186 329309
335719 336181
401833 403563
763343 767631
876788 876941
883854 884105
910870 911041
936072 936182
1495913 1496125
1564500 1564975
1565924 1566366
1566551 1566695
1572348 1573476
1574895 1578188
1583296 1583966
1737705 1738785
2679608 2680895
2932092 2932928
2937441 2938433
gi|15600771|ref|NC_002506.1|_Vibrio_cholerae_O1_biovar_El_Tor_str._N16961_chromosome_II__complete_sequence
101744 102285
140620 140964
236909 237041
267212 267361
292437 292604
310944 312310
330026 330827
356522 357252
370683 394647
398902 398959
401588 401752
416801 417311
428433 428599
432186 432244
435640 436340
564078 564500
736063 736763
827105 827356
