gi|15640032|ref|NC_002505.1|_Vibrio_cholerae_O1_biovar_El_Tor_str._N16961_chromosome_I__complete_sequence
55366 55548
58885 58968
150931 156106
262291 262364
324064 329463
362025 362449
381827 382890
401620 407111
481352 481513
502767 503516
762465 767786
935852 936364
973257 973539
1294045 1294250
1511071 1511745
1565924 1566366
1566551 1566695
1571454 1572579
1579136 1584390
1737357 1738377
1937566 1938638
2331439 2332265
2676327 2681482
2927984 2931211
2931792 2938995
gi|15600771|ref|NC_002506.1|_Vibrio_cholerae_O1_biovar_El_Tor_str._N16961_chromosome_II__complete_sequence
19641 20502
21220 21894
216980 217032
292255 292768
310936 312310
313767 314654
317965 318451
324072 324394
325535 327318
328835 329229
329754 331797
334741 337063
338051 338192
338990 340469
342640 342910
343913 344494
345444 345813
348998 349518
351138 351452
356447 358345
359929 361010
361633 362000
370614 395189
398060 399203
401116 402316
412273 412734
413281 414762
416510 417596
418120 418441
419354 419604
428305 428783
431871 432196
432982 433653
434468 436585
517006 517167
559236 559985
564524 564629
630381 630738
735818 736890
