gi|42779081|ref|NC_003909.8|_Bacillus_cereus_ATCC_10987__complete_genome
9263 10451
11474 14299
29036 34073
82403 87161
145428 150705
278537 285064
300587 305416
313720 318625
322819 327752
330674 335570
604877 610907
818119 823370
824086 824740
859055 859234
958832 959590
990862 991691
1108309 1109843
1210438 1211876
1286486 1288441
1289537 1289995
1368457 1369760
1551848 1551984
2367583 2367654
2733568 2734871
2817899 2818439
2949157 2949566
2950310 2950547
2994582 2995587
3206013 3206267
3233803 3235336
3488711 3489745
4190319 4191077
4347100 4347867
4464310 4464986
4648971 4655789
5067777 5067837
5141035 5142581
