gi|161510924|ref|NC_010063.1|_Staphylococcus_aureus_subsp._aureus_USA300_TCH1516_plasmid_pUSA300HOUMR__complete_sequence
1 1110
1517 4267
7550 7613
11811 12450
12551 13142
13241 27041
gi|161508266|ref|NC_010079.1|_Staphylococcus_aureus_subsp._aureus_USA300_TCH1516_chromosome__complete_genome
36609 37604
42208 62356
62620 67738
68781 88805
91448 91619
97579 97749
99203 103949
110555 113168
128499 129007
145767 146187
159211 159681
168378 170765
231677 234629
266397 267976
318664 319230
327778 329174
344029 344297
346979 351784
381135 381251
394911 395018
449715 451038
452230 452963
457372 458855
460677 463626
465140 465253
466431 466583
466778 472195
512678 517054
517685 518552
556198 562514
613551 614483
616006 616446
617901 618993
621890 622731
654285 663042
671530 671742
680918 694271
704952 705159
800926 801020
801951 802011
811239 811671
826265 826384
848245 848570
855686 855792
874958 875653
876228 877140
879446 879814
891714 892001
895802 909740
954545 954746
1036521 1036842
1040786 1042573
1071874 1072261
1098077 1098218
1168482 1168648
1205069 1205382
1342914 1345211
1380524 1380723
1413596 1414051
1426682 1426962
1442792 1443666
1456997 1457736
1469841 1470050
1472783 1473069
1475492 1475979
1556283 1557896
1558173 1559497
1559888 1592070
1592814 1593230
1593356 1593530
1593820 1594009
1594089 1599735
1599986 1605968
1607516 1608694
1626988 1627059
1695065 1695169
1803041 1805050
1857753 1858008
1873612 1873755
1873890 1874048
1892472 1893473
1903134 1903833
1910744 1910962
1911336 1911434
1912259 1912368
1917798 1918538
1927379 1929029
1929382 1929799
1930327 1936930
1937677 1939160
1939805 1941935
1945578 1945916
1946683 1956068
1960553 1962571
1987330 1987427
1995779 2003478
2031617 2031826
2071624 2071959
2083336 2083565
2111782 2113793
2114377 2114813
2117574 2118283
2120816 2122115
2122237 2126043
2133336 2135421
2137368 2140309
2147680 2148920
2176380 2181531
2254759 2255229
2266003 2268540
2290693 2292205
2292302 2292599
2292672 2297782
2317465 2319447
2335211 2336336
2347097 2352632
2431655 2432294
2478226 2479096
2504699 2505014
2539848 2540029
2541753 2541913
2580557 2580817
2601200 2602003
2605753 2606137
2609922 2614095
2623852 2625007
2629423 2634046
2634295 2634961
2647574 2649283
2664856 2665147
2680012 2681397
2699197 2699367
2753849 2754850
2774759 2774867
2775059 2775221
2830361 2830462
2862483 2864235
gi|225631039|ref|NC_012417.1|_Staphylococcus_aureus_subsp._aureus_USA300_TCH1516_plasmid_pUSA01-HOU__complete_sequence
117 1909
2065 3125
