gi|15640032|ref|NC_002505.1|_Vibrio_cholerae_O1_biovar_El_Tor_str._N16961_chromosome_I__complete_sequence
54404 58766
151328 152790
262291 263545
324169 329116
402020 406722
762797 767297
1564500 1564663
1565924 1566366
1566551 1566695
1572745 1573545
1574895 1578269
1579746 1580121
1583390 1584090
1737015 1738719
1937811 1938237
2676796 2680837
2928106 2933257
2934201 2938650
gi|15600771|ref|NC_002506.1|_Vibrio_cholerae_O1_biovar_El_Tor_str._N16961_chromosome_II__complete_sequence
236909 237041
267212 267361
310944 312310
314134 314436
330142 331179
335880 335974
340225 340461
356522 357902
370683 394647
401406 401794
416801 417311
432186 432244
434677 434818
435914 436340
507998 508146
515840 515981
563985 564500
736063 736489
