gi|15640032|ref|NC_002505.1|_Vibrio_cholerae_O1_biovar_El_Tor_str._N16961_chromosome_I__complete_sequence
124 244
3119 3175
10792 11002
16662 16733
29773 29978
48741 48868
52522 52854
53580 58967
100303 100446
125024 125353
128539 128679
131808 132229
133972 134086
136010 136335
136859 137165
150872 156071
167501 167719
168748 168928
172787 173221
174952 175307
177389 177802
182518 182790
183908 184483
197894 198544
200326 200541
232748 232894
233545 233765
238778 238910
246350 246455
253143 253773
254494 255114
262291 263545
264058 264245
264877 265145
291861 292157
303748 303824
314083 314179
323451 323832
329530 329688
381866 382800
394475 394658
401145 407043
428680 428764
455594 455795
460914 461321
470225 470351
480069 480119
514369 514418
524228 524995
537987 538219
543536 544095
544950 545442
547564 548635
566065 566240
569333 569609
581843 581918
585817 586092
604706 605159
616694 616754
685281 685373
688334 688550
690096 690336
739497 739663
762706 767976
805188 805623
852989 853442
863566 863615
865527 865598
871635 871685
872699 872909
875573 875636
876403 877060
877706 877831
879183 881967
883335 884169
885434 885655
890205 890399
894148 894666
896548 896940
897675 897851
898620 899011
899697 900850
901592 902708
902984 903372
904309 905267
905862 905994
906619 906880
907440 908350
909040 909213
910888 911475
914073 914203
918438 918823
925109 925584
935900 936742
938099 938602
944054 944323
973240 973333
978297 978583
990980 991105
991919 992038
992547 992617
993258 993535
998767 999452
1022083 1022196
1022989 1023130
1047986 1048166
1056658 1056831
1067305 1067854
1083645 1083781
1139288 1139345
1187114 1187180
1198184 1198786
1216646 1217144
1224742 1225084
1257034 1257118
1299793 1300062
1305706 1305896
1311054 1311304
1311874 1311941
1336605 1336788
1353381 1353457
1356718 1357302
1379168 1379359
1404490 1404621
1413118 1413824
1423643 1423872
1441426 1442061
1484094 1484563
1495854 1496258
1506954 1507003
1535985 1536297
1542611 1542749
1549154 1549342
1563974 1564117
1568558 1568798
1570108 1570217
1571271 1573678
1574389 1574680
1575199 1576575
1577125 1577506
1579240 1585327
1594823 1595600
1601361 1601707
1630296 1630513
1637295 1637478
1646870 1646935
1657772 1658057
1671317 1671382
1688387 1688562
1698007 1698834
1702751 1703308
1736756 1737884
1738641 1738984
1751302 1751357
1760124 1760449
1767279 1767437
1774758 1775632
1785365 1785662
1786423 1786598
1801974 1802071
1821879 1822215
1840506 1840957
1887442 1887575
1895827 1895952
1903214 1903510
1904466 1904645
1922744 1923449
1925031 1925184
1937019 1938686
1940784 1941596
1946809 1946859
1947701 1947983
1948495 1948673
1950686 1953024
1960963 1961129
1984569 1984682
1993856 1994192
2025734 2026108
2078170 2078343
2092666 2092780
2098001 2098423
2101309 2101603
2105360 2105645
2168191 2168439
2172267 2172484
2211016 2211391
2252893 2252962
2320764 2321106
2332127 2332600
2424880 2425076
2433749 2434128
2466545 2466825
2476174 2476564
2481932 2481990
2484347 2484613
2507171 2507578
2549506 2552262
2556517 2556807
2558837 2558971
2595627 2595803
2666462 2666601
2667277 2667338
2667849 2668043
2676322 2681603
2685152 2685433
2699865 2699996
2729615 2730689
2739530 2739813
2771134 2771378
2787885 2788170
2788701 2788984
2795371 2795487
2821287 2821336
2893770 2893842
2905708 2906150
2910163 2910457
2927833 2936707
2937559 2939539
2954267 2954587
2957367 2957890
2958621 2959607
gi|15600771|ref|NC_002506.1|_Vibrio_cholerae_O1_biovar_El_Tor_str._N16961_chromosome_II__complete_sequence
1 128
790 1011
11550 11930
19745 20414
98231 98291
101659 102333
114667 114716
116361 116651
140776 141075
147414 147651
158242 158572
161642 161772
172743 173124
179695 180084
184208 184324
195079 195458
214490 214933
215499 215959
216870 217442
219082 220295
232597 232693
233813 234023
236846 237568
239894 239957
247159 247238
266965 267375
269495 269651
272804 273352
277440 277787
282401 282795
292292 292733
301930 305672
306219 306344
310944 312310
313792 314089
314254 314859
317854 317964
319663 319780
322172 322545
323086 323440
325391 325744
326000 326129
326644 328571
329849 330252
330988 331150
333575 333642
334850 336948
337605 338182
338619 338848
339960 341485
342866 343076
343981 344444
347879 348412
349509 349590
351489 352112
353832 354127
356459 357013
358478 358652
359245 359321
360631 361476
365334 366054
367255 367316
370625 375240
375676 395083
395812 396135
397188 397505
398261 398505
399935 400394
401188 401593
404128 404655
405359 405502
410274 410594
412346 412745
412882 414753
416995 417950
419381 419831
421769 422679
427992 428218
430930 431112
432979 433696
435471 436800
458102 458184
474080 474180
475125 475177
481748 481801
498694 499065
507998 508180
514837 514894
515687 517183
559164 559810
563842 565773
604916 605435
607943 608068
630217 630744
640641 641039
658755 658989
668255 668470
673295 673399
675885 676066
709120 709355
735213 735287
735834 736948
738011 738587
763579 763636
768255 768373
778886 779048
799780 800175
810532 810690
826769 827415
829328 829765
832350 832503
835961 836399
858969 859672
866062 866128
875762 876139
885919 886088
901797 902443
987742 987869
991582 991688
994107 994671
1072237 1072315
