gi|15640032|ref|NC_002505.1|_Vibrio_cholerae_O1_biovar_El_Tor_str._N16961_chromosome_I__complete_sequence
32792 32868
53663 58972
89645 89811
150745 156114
167465 167747
262291 262364
269218 269333
323813 325957
326593 329467
334869 335337
336270 336460
361777 362976
381823 382894
401436 407115
478452 478827
501779 501831
502874 502953
581143 581939
762461 768002
875218 875287
883918 884066
935848 936369
973219 973722
1083519 1083814
1294040 1294254
1509552 1510294
1511067 1511533
1539142 1539451
1564036 1564975
1565644 1565875
1566418 1566845
1571450 1573714
1579129 1585198
1698080 1698138
1712357 1712411
1736721 1739017
1936778 1936982
1937559 1938718
2330956 2332636
2584003 2584288
2595106 2595197
2676287 2681712
2896299 2897313
2927712 2939179
2945856 2945906
gi|15600771|ref|NC_002506.1|_Vibrio_cholerae_O1_biovar_El_Tor_str._N16961_chromosome_II__complete_sequence
19701 20443
21216 21682
157493 157587
186156 186442
195088 195429
219810 220332
272621 273396
292250 292772
310944 312310
312702 313139
313763 314658
316902 319056
322088 322641
323938 324471
325133 325820
326807 327359
328758 332382
333593 333835
334908 334966
335506 337067
337592 338211
338750 340469
342656 343202
343907 344524
345325 345878
348075 349601
351134 351372
352317 352700
356443 358690
359925 361015
361544 362070
362814 364305
365104 366094
368039 368118
370289 395236
397971 399199
401108 402442
406310 406364
407046 407560
411232 414793
416249 418523
419526 419835
420586 421135
421661 422733
423507 424408
427918 429123
431867 432435
432942 433723
434348 436592
507998 508078
558248 558300
559343 559422
735813 736971
