gi|15640032|ref|NC_002505.1|_Vibrio_cholerae_O1_biovar_El_Tor_str._N16961_chromosome_I__complete_sequence
150925 156114
167414 167463
167698 167747
222770 222822
260490 260568
262291 262364
309730 309781
323813 329467
336270 336460
361777 362228
381823 382894
401436 407115
478452 478711
581399 581756
694270 694321
762548 764506
765291 765456
765894 766219
766721 766772
767283 767826
767984 768053
824675 824726
842844 842895
849986 850036
863597 863653
935848 936369
952646 952723
954548 954607
973292 973383
1010258 1010307
1100029 1100094
1374813 1374866
1379311 1379394
1461792 1461843
1486460 1486511
1509552 1510294
1539451 1539502
1564036 1564176
1564537 1564908
1565593 1565875
1566418 1566896
1571450 1571684
1571892 1573714
1579129 1585198
1630239 1630323
1641417 1641468
1683878 1683927
1698080 1698138
1736721 1738830
1936778 1936982
1937559 1938718
1950678 1950729
2096535 2096586
2105593 2105644
2320636 2320714
2331514 2331614
2331698 2331766
2332091 2332239
2409523 2409574
2531307 2531358
2676287 2681626
2896726 2896777
2897125 2897176
2927808 2933328
2933414 2933539
gi|15600771|ref|NC_002506.1|_Vibrio_cholerae_O1_biovar_El_Tor_str._N16961_chromosome_II__complete_sequence
6557 6608
19701 20443
73835 73886
157493 157587
187810 187896
219810 220332
248589 248649
272621 273058
292250 292772
297998 298058
310944 312310
313763 314658
315216 315308
315971 316037
316902 317387
318448 318521
319795 319857
322037 322120
324056 324471
325591 325820
326807 327359
329049 331575
331811 331948
333007 333886
334908 334966
335506 337067
338750 339441
339973 340469
342656 344524
345274 345878
348181 348268
348463 348546
348965 349025
349287 349356
349472 349580
351134 351221
352317 352700
356443 358386
358614 358690
360255 361015
361544 362070
363465 363516
363690 363893
365358 366094
370238 394901
395057 395113
398056 399199
401296 401836
402083 402152
402319 402442
406259 406364
407477 407560
411684 411788
412269 414514
416506 418445
419526 419575
421661 422733
423507 423603
428127 428178
428266 429123
431867 432154
432288 432435
433648 433723
434464 436592
507998 508078
540201 540267
556967 557041
558248 558351
559343 559473
566266 566317
691829 691880
735813 736971
866134 866207
878560 878639
962027 962089
