gi|15640032|ref|NC_002505.1|_Vibrio_cholerae_O1_biovar_El_Tor_str._N16961_chromosome_I__complete_sequence
53853 53958
55366 55548
56937 58927
150970 154189
262291 262364
324028 329422
401661 407028
762692 767781
877582 877773
880524 880968
895609 895675
904902 905316
935893 936263
973388 973576
991812 991922
1198661 1198724
1510094 1510249
1563875 1564975
1565719 1565827
1566551 1566695
1571495 1573669
1583304 1584295
1584391 1585153
1736766 1738972
1937604 1938673
1951746 1952508
2551575 2551636
2667273 2667735
2676332 2681508
2927853 2939100
gi|15600771|ref|NC_002506.1|_Vibrio_cholerae_O1_biovar_El_Tor_str._N16961_chromosome_II__complete_sequence
824 1057
20243 20398
114678 114826
219742 219819
237001 237117
272666 272911
292296 292727
310944 312310
314251 314613
324169 324353
325576 325803
326871 327686
329905 331210
334723 336064
339031 339396
340018 340804
341144 341358
343225 343853
344348 344453
345485 345832
356488 358683
361674 362025
365403 366049
370683 394647
395375 396332
397108 397541
398101 398340
401341 401579
404195 404257
412408 413806
416551 417555
418161 418400
421797 422671
428346 428741
434498 434936
435478 436547
564078 565672
630381 630683
735858 736924
829851 829909
