gi|15640032|ref|NC_002505.1|_Vibrio_cholerae_O1_biovar_El_Tor_str._N16961_chromosome_I__complete_sequence
53661 53807
53964 54052
55364 58974
149540 149589
150923 156116
167463 167749
262291 262364
264058 264172
264988 265042
323811 323893
323981 325957
328411 329469
381821 382654
382798 382896
401385 401467
401608 407075
478433 478713
501777 501833
524789 524932
545378 545428
581397 581756
616774 616872
707639 707707
762546 767828
767982 768053
880499 880577
881175 881667
893353 893420
894461 894651
899946 900716
904470 904964
907405 907455
910937 911385
935846 936371
954559 954658
973341 973434
973724 973773
978456 978575
991872 991949
993082 993341
1100029 1100096
1198714 1198792
1310974 1311053
1374862 1374917
1379360 1379440
1509489 1510296
1511016 1511103
1516495 1516569
1564034 1564174
1564535 1564690
1564769 1564910
1566472 1566894
1571892 1573716
1579129 1585200
1631924 1631973
1683927 1683978
1736719 1738822
1785382 1785540
1937557 1938720
1951729 1951820
1953324 1953373
2145270 2145319
2168381 2168456
2320636 2320716
2331433 2331616
2332089 2332241
2551469 2552217
2667273 2667389
2676285 2681628
2707357 2707437
2927806 2939233
gi|15600771|ref|NC_002506.1|_Vibrio_cholerae_O1_biovar_El_Tor_str._N16961_chromosome_II__complete_sequence
893 1127
19638 20445
51261 51342
101841 102276
140974 141045
187759 187847
216953 217014
219808 220334
237045 238515
248587 248649
267192 267245
272570 273007
292248 292774
303459 304268
310944 312310
313750 314660
317539 318014
318479 318572
324054 324409
325349 325822
326805 327361
328756 328828
329742 331346
331809 331948
333590 333642
334913 336064
338167 338264
338984 339443
339971 340469
341038 341889
342634 344526
345399 345880
348461 348546
349421 349531
351083 351172
356441 358388
358614 358692
359585 359640
360281 361017
361592 362072
362794 363214
363463 363516
363816 363893
365329 366096
366676 366750
368037 368120
370529 390700
390786 395115
395328 396283
398054 399201
401294 402154
402268 402430
403021 403088
404162 404228
406259 406340
407462 407562
412267 414516
414721 414844
416504 417602
418114 418447
419475 419526
421659 422718
423505 423585
427375 427451
427916 428025
428125 428178
428299 428789
430135 430192
430842 430891
431865 432437
432891 432994
433648 433725
434462 436594
515881 515945
516510 517157
540150 540218
556916 556992
558246 558302
559341 559424
563935 565652
630187 630683
638631 638711
675846 675999
735811 736973
826730 827099
827974 828023
829715 829909
832445 832498
862717 862823
878558 878728
962025 962089
