gi|42779081|ref|NC_003909.8|_Bacillus_cereus_ATCC_10987__complete_genome
1 9200
9593 14245
14359 21768
21864 28973
33650 33866
34135 64525
64608 82351
82711 87136
87243 145295
145779 149760
150572 150908
151190 227898
229044 278777
279884 283864
285089 305361
305470 314171
318200 318569
318695 319524
321314 335043
335568 453070
455897 603264
604042 604679
605216 609196
609852 610399
611142 615177
615253 817817
818423 822784
823313 824028
824124 824720
824795 1080077
1080149 1109473
1109898 1985282
1985377 2367410
2367532 2564187
2564758 2564946
2565880 2599597
2600289 2993723
2994296 2995218
2995643 3015457
3018133 3118164
3118562 3118710
3119715 3233470
3233629 4190253
4191658 4248300
4248376 4375335
4380533 4416916
4417074 4539764
4543281 4648834
4650243 4650724
4651457 4655437
4655941 4827373
4828516 4834672
4843860 5140980
5141251 5142078
5142637 5203883
5203970 5224283
gi|44004339|ref|NC_005707.1|_Bacillus_cereus_ATCC_10987_plasmid_pBc10987__complete_sequence
1 208369
