gi|15640032|ref|NC_002505.1|_Vibrio_cholerae_O1_biovar_El_Tor_str._N16961_chromosome_I__complete_sequence
150925 156114
262291 262364
323813 329467
336270 336460
361777 362228
381823 382894
401436 407115
478452 478676
581399 581756
762548 764506
767424 767826
935848 936369
1509552 1510294
1564537 1566841
1571450 1571684
1573334 1573714
1579129 1585198
1698080 1698138
1737015 1738719
1936778 1936982
1937559 1938718
2331514 2332239
2676287 2681626
2927835 2933539
gi|15600771|ref|NC_002506.1|_Vibrio_cholerae_O1_biovar_El_Tor_str._N16961_chromosome_II__complete_sequence
19701 20443
157493 157587
219810 220332
292250 292772
310944 312310
313763 314658
316902 317387
324056 324471
325591 325820
326807 327359
329049 331575
334908 334966
335506 337067
338750 339441
339973 340469
342656 344524
345393 345878
352317 352700
356443 358386
360255 361015
361544 362070
365358 366094
370683 394647
398056 399199
401296 401836
402319 402442
412269 414514
416506 418445
421661 422733
428297 429123
431867 432154
434464 436592
507998 508078
735813 736971
