gi|169627108|ref|NC_010397.1|_Mycobacterium_abscessus_chromosome__complete_sequence
43982 44102
45204 45354
45898 46262
72533 72586
97412 97518
109735 110050
220463 220795
438703 438789
453632 453935
454666 455415
458162 458359
463780 463888
472296 472417
473836 473902
560223 560342
630663 630942
669974 670341
671907 671956
679604 682030
755777 756267
789935 790269
866909 867035
1016610 1016667
1036550 1036667
1095871 1096002
1149005 1149174
1163663 1163731
1166060 1166375
1206015 1206088
1277169 1278920
1305149 1305236
1315682 1315799
1384922 1385255
1385788 1386132
1393297 1393385
1462140 1462669
1585939 1586376
1893033 1893106
1944301 1944737
1963507 1963819
1972903 1972994
2251427 2251748
2252927 2253778
2348939 2349069
2493417 2493510
2596762 2597399
2615082 2615156
2658475 2658684
3020441 3020672
3023531 3024280
3117926 3118093
3172144 3172238
3252088 3252246
3399957 3400044
3439016 3439558
3592512 3592604
3836501 3836772
4144800 4147041
4231276 4231480
4356644 4357363
4373508 4373597
4608477 4608545
4773931 4774593
4797022 4797815
4811378 4811495
4814132 4814429
5005417 5005486
5032368 5032514
