gi|15640032|ref|NC_002505.1|_Vibrio_cholerae_O1_biovar_El_Tor_str._N16961_chromosome_I__complete_sequence
1 134
53571 54003
55364 58974
150923 156116
167463 167749
262291 262364
264058 264172
264988 265206
323811 325957
328411 329469
334867 335337
336270 336462
361908 362945
381821 382896
401434 407075
478433 478829
481207 481524
486288 486341
501777 501833
502872 502955
524789 524932
547571 547877
548462 548652
581141 581941
616774 616823
707639 707707
762546 768004
880033 881667
894461 894651
899946 900716
904181 904964
907405 907455
910937 911385
935846 936371
954559 954609
973217 973724
978456 978575
993082 993341
1068351 1068439
1083517 1083638
1099998 1100096
1198447 1198792
1294038 1294256
1509489 1510296
1511065 1511682
1516010 1516757
1563875 1564975
1565644 1565874
1566472 1566845
1571448 1573716
1579129 1585200
1712355 1712413
1736719 1739019
1767279 1767398
1785382 1785540
1937557 1938720
1948140 1948599
1951729 1951820
1993847 1994114
2168381 2168456
2330954 2332638
2551469 2552217
2667273 2667389
2676285 2681628
2927806 2939233
gi|15600771|ref|NC_002506.1|_Vibrio_cholerae_O1_biovar_El_Tor_str._N16961_chromosome_II__complete_sequence
893 1127
19638 20445
21214 21833
59652 59753
101841 102276
140840 141045
204443 204561
216830 217014
219808 220334
237045 237459
267192 267245
272619 273398
292248 292774
303459 304559
310944 312310
313750 314660
317404 319038
319666 319840
323936 324409
325131 325822
326805 327361
328756 332384
333114 333642
334913 336064
337590 338264
338879 340469
341038 341840
342634 343202
343905 344526
345323 345880
347957 349531
351132 351374
356441 358692
359252 361017
361592 362072
362794 364307
365329 366096
366725 367415
368037 368120
370578 396283
398054 399201
400694 402430
404162 404623
407044 407562
408342 408394
411733 414795
416247 418447
419328 419837
421659 422718
423505 423897
427916 429080
431865 432437
432940 433725
434346 436594
507998 508080
515881 515945
516510 517157
558246 558302
559341 559424
563790 565603
630187 630683
675846 675999
735811 736973
826730 827415
829715 829909
832445 832498
862423 862823
878558 878679
