gi|552535527|ref|NC_007493.2|_Rhodobacter_sphaeroides_2.4.1_chromosome_1__complete_sequence
81421 81476
147816 147893
148574 148857
175149 175406
218816 219369
220562 220774
222641 223132
224131 224623
228228 228577
229157 229231
252765 253695
287674 287763
288755 288859
306576 307511
559268 559405
601497 601569
638678 638743
640986 641551
650883 650934
651843 652049
672094 672312
691796 692053
1057026 1057075
1376121 1376212
1533761 1533818
1689805 1690036
1698919 1699524
1941556 1941765
2176292 2176783
2351997 2352198
2715397 2715597
3004888 3005040
