gi|552535527|ref|NC_007493.2|_Rhodobacter_sphaeroides_2.4.1_chromosome_1__complete_sequence
1 109
48266 48540
81432 81914
89714 90055
97249 97433
147903 148779
175136 175414
228745 229204
241655 242181
246558 246635
247863 248130
248671 248998
273611 273689
279198 279323
286281 286439
306687 307731
415054 415110
426909 427299
431528 431862
434886 435202
436077 436372
457286 457470
458584 458952
537530 537817
574755 574857
601223 601593
608705 608797
645992 646303
651089 651453
667756 668085
691891 692045
747869 748737
755912 756040
761326 761401
770790 771184
847150 847373
850032 850285
859975 860410
861403 861484
883824 884215
1035977 1036363
1054722 1055002
1056841 1057288
1107608 1107691
1131376 1131550
1161475 1161666
1163598 1163764
1229489 1230385
1251132 1251261
1262811 1262863
1365486 1365573
1376174 1376310
1405975 1406298
1453638 1453765
1490416 1490803
1494207 1494579
1537779 1537842
1550602 1550725
1583544 1583924
1613059 1613298
1618893 1618962
1621518 1621803
1656627 1656823
1671873 1671925
1741663 1741944
1752600 1753350
1762396 1762465
1764519 1764837
1765762 1766051
1790300 1790603
1817969 1818447
1827331 1827381
1828808 1829011
1866736 1866829
1913786 1913972
1943462 1943613
1998998 1999433
2033787 2033946
2037082 2037440
2048619 2048711
2057635 2057695
2251659 2252185
2279586 2279829
2280391 2280564
2282157 2282325
2298141 2298651
2312325 2312540
2324007 2324092
2327644 2327776
2329133 2329197
2419569 2419892
2457317 2457628
2472260 2472322
2509252 2509522
2510383 2510574
2522122 2522293
2532244 2532588
2565625 2565706
2586943 2587277
2593037 2593373
2597015 2597126
2623966 2625155
2670075 2670272
2682645 2682776
2759687 2759855
2774171 2774284
2861550 2861942
2863753 2863850
2949935 2950031
2976522 2976705
3180753 3180905
3188450 3188524
