gi|552535527|ref|NC_007493.2|_Rhodobacter_sphaeroides_2.4.1_chromosome_1__complete_sequence
1 239
4715 5269
6704 7178
81450 81645
97325 97437
148177 148640
228705 229165
252570 253271
269471 269744
273468 273699
293800 294623
306569 307702
323902 324069
414827 415187
426952 427051
431449 431818
434919 435077
436313 436372
537601 537788
557727 557984
595302 595442
601238 601557
646006 646204
650859 651339
666473 666710
691781 692398
770834 770973
849944 850285
859361 859980
883765 884344
923092 923315
951919 952162
968944 969318
1054757 1055001
1056945 1057024
1073461 1073864
1163603 1163936
1241513 1242116
1365409 1365473
1376176 1376316
1415654 1416014
1435274 1436724
1583544 1583910
1613107 1613265
1681360 1681837
1752656 1753333
1762412 1762465
1818123 1818392
1828807 1828964
1929415 1930033
1999287 1999379
2024042 2024474
2038375 2038748
2088468 2088695
2122220 2122541
2176275 2177742
2279433 2279604
2280398 2280564
2282199 2282328
2419597 2419869
2457342 2457537
2522142 2522380
2532236 2532507
2593037 2593144
2623952 2625139
2670056 2670226
2731843 2732239
2774228 2774277
2829603 2830510
2867923 2868163
2930995 2931391
2976575 2976686
3180769 3181014
3188377 3188524
