gi|15640032|ref|NC_002505.1|_Vibrio_cholerae_O1_biovar_El_Tor_str._N16961_chromosome_I__complete_sequence
53905 58787
151018 152503
152645 155950
262291 263545
324030 329334
335604 336252
381988 382605
401800 406884
762692 767661
911024 912346
1198540 1198754
1564083 1565648
1565924 1566366
1566551 1566695
1566850 1571402
1572840 1573540
1579649 1582231
1583377 1584158
1736873 1738879
1937346 1938584
1951746 1951820
2613919 2617292
2667269 2667389
2676473 2681506
2927944 2933247
2933943 2938919
gi|15600771|ref|NC_002506.1|_Vibrio_cholerae_O1_biovar_El_Tor_str._N16961_chromosome_II__complete_sequence
1 823
102250 104588
216953 217014
310936 312310
334988 335457
357489 357975
370683 394647
435627 436408
564078 564629
630324 630460
735995 736776
