gi|15640032|ref|NC_002505.1|_Vibrio_cholerae_O1_biovar_El_Tor_str._N16961_chromosome_I__complete_sequence
55366 58823
151109 152790
262291 263545
324180 329232
401801 403563
762808 764506
1571498 1573363
1583125 1583207
1737015 1738719
2679608 2681368
2927990 2931167
2931699 2933246
2937420 2938951
gi|15600771|ref|NC_002506.1|_Vibrio_cholerae_O1_biovar_El_Tor_str._N16961_chromosome_II__complete_sequence
216980 217032
310936 312310
325719 325803
344171 344391
357272 358259
370683 394647
398819 399039
428349 428738
564078 564629
