gi|552536492|ref|NC_007494.2|_Rhodobacter_sphaeroides_2.4.1_chromosome_2__complete_sequence
1 5055
20619 21110
34262 42212
69732 70650
160381 160467
175552 176525
180688 180747
243771 243830
252395 252458
296863 297311
361513 361898
371872 372879
376086 376143
397336 398268
455621 456640
480154 481109
483159 483992
545119 545266
557142 557888
559572 559890
565064 568931
575415 576172
659395 660172
707000 707398
712202 712365
737439 741329
744518 756679
759140 761728
762559 763106
780754 781264
849365 850216
888313 888435
891353 896072
942833 943018
