gi|552536492|ref|NC_007494.2|_Rhodobacter_sphaeroides_2.4.1_chromosome_2__complete_sequence
1 737
1596 1884
3687 4078
4681 5254
20762 21536
33547 38925
42270 42493
42593 42753
70238 70883
91357 91598
124938 125003
137876 138266
146458 147107
152927 153055
156904 157507
160203 160684
166096 166307
175447 176077
181033 181484
184386 184444
209417 209840
211006 211368
215954 216512
223681 224422
243471 244141
248272 248734
251931 252661
274975 275653
294692 295316
297006 297404
323902 324181
332859 333572
361099 361898
369201 369553
371722 373155
382878 383710
389672 390166
397178 397479
406178 406740
411971 412376
417420 418008
421953 422291
423579 423715
438365 439313
456293 457064
469477 470059
482853 483508
488076 488612
499978 500788
519580 520163
530143 530704
544850 545363
549827 550535
556905 557346
559695 560046
562102 562716
565385 565995
571128 572120
573437 573888
575150 576431
593107 593591
596682 597008
617269 617833
620321 620751
635877 636636
639902 640917
643328 644140
651839 652253
657099 657491
658054 659765
663784 664139
666432 667121
705019 705323
706650 709182
711128 713361
717080 717610
729774 730036
733022 733531
737278 743445
744377 746290
758569 762410
762559 762704
779853 779912
780494 782495
785245 785953
796632 796986
804902 805528
824897 825416
836529 837318
849111 850559
861289 862087
888130 890042
891016 897383
902003 902467
904315 906415
921242 922467
935995 936620
940109 940280
942714 943018
