gi|552536492|ref|NC_007494.2|_Rhodobacter_sphaeroides_2.4.1_chromosome_2__complete_sequence
1 5303
23831 23929
42261 42788
136267 136574
160003 160407
166581 166630
237386 237504
243735 243917
252412 252598
337588 337770
360024 360087
361512 361875
409957 410009
411166 411220
451010 451080
486027 486275
575909 576736
704969 705375
707321 708883
711084 713312
729961 730043
733277 733536
738583 743447
744355 746019
758974 759258
759966 760118
761576 762431
780583 781962
850025 850403
888307 889394
889907 890065
891200 892376
892889 895124
895770 896048
896631 896684
902045 902511
921279 922472
942662 943018
