gi|552536492|ref|NC_007494.2|_Rhodobacter_sphaeroides_2.4.1_chromosome_2__complete_sequence
1 109
33599 38822
105642 105749
136314 136563
138364 138725
160029 160421
173406 173683
176558 177032
180600 180714
209651 209930
224002 224188
237272 237791
243363 244006
252223 253030
270913 271081
281299 281548
296121 296353
335316 335644
337722 337891
339504 339720
359726 360080
361520 361875
409933 409989
455520 455639
500058 500320
511977 512187
574809 575151
575905 576710
640371 640591
647701 647946
704282 704411
712513 712950
739213 739326
744494 745671
760428 760604
761434 761723
827142 827309
838307 838418
839839 839940
850086 850400
893756 893943
905664 905824
907418 907472
933697 933950
942791 943018
