gi|169627108|ref|NC_010397.1|_Mycobacterium_abscessus_chromosome__complete_sequence
28431 28527
43910 44628
45431 46365
109788 109892
220600 220667
453755 455551
458169 458330
560275 560543
669922 670445
679604 682030
755615 756465
789971 790197
847956 848015
986685 987266
1016636 1016714
1036569 1036667
1149180 1149316
1166060 1166375
1277033 1278032
1278844 1278987
1305167 1305236
1461959 1462435
1579186 1579253
1944324 1944737
1963507 1963950
1972903 1972963
2251337 2251798
2252351 2252413
2253115 2253597
2348756 2348892
2521323 2521619
2596873 2597579
3019962 3020742
3024026 3024359
3172149 3172235
3252330 3252389
4066938 4067151
4067868 4068081
4144800 4147041
4357217 4357463
4767402 4767610
4774218 4774751
4793726 4793934
4797576 4797820
4811310 4811566
4814227 4814483
gi|169786809|ref|NC_010394.1|_Mycobacterium_abscessus_plasmid__complete_sequence
1 23319
