dataset_678
9270 9434
10826 12446
14168 14292
29043 30996
32244 34066
64451 64536
80117 80258
82410 87154
145435 151055
168326 168428
169184 169298
228845 228915
234526 234588
278482 278801
279587 284918
300594 305409
313727 318618
322826 327562
330681 335563
343435 343508
460443 460977
524248 524414
582024 582089
604884 610901
666459 666617
783003 783052
811817 811931
818127 823237
823854 824720
829672 829797
854061 854247
879956 880036
900564 900661
920680 920792
921406 921560
958839 959526
977743 977925
990945 991684
1080912 1081012
1088671 1088731
1090978 1091103
1093236 1093294
1104834 1105057
1142147 1142349
1146866 1146933
1151114 1151228
1153220 1153300
1201953 1202060
1210757 1211005
1245182 1245392
1258859 1259213
1259756 1259858
1285515 1285804
1289043 1289481
1307956 1308452
1340027 1340171
1346093 1346217
1355356 1355418
1423362 1423475
1443067 1443226
1490284 1490622
1491947 1492006
1513667 1513757
1530439 1530581
1551316 1551759
1561947 1562013
1574661 1574774
1674746 1674991
1678361 1678611
1717281 1717345
1749927 1750067
1787911 1788328
1819290 1819504
1880298 1880432
1909094 1909194
1975759 1975945
1978786 1978936
2013107 2013169
2020943 2020999
2028849 2028938
2039105 2039241
2080141 2080381
2119414 2119918
2150386 2150499
2170247 2170302
2183722 2183806
2194726 2194829
2206479 2206592
2213126 2213490
2231013 2231174
2260636 2260692
2263696 2263985
2322470 2322560
2341144 2341388
2367436 2367779
2388483 2388550
2397484 2397723
2410884 2410992
2430302 2430417
2435130 2435192
2454492 2454542
2462158 2462306
2470193 2470489
2473871 2473991
2475152 2475263
2476089 2476174
2481867 2482001
2489788 2489878
2506971 2507026
2512305 2512361
2522015 2522452
2529143 2529613
2532458 2532589
2540011 2540143
2540675 2540924
2542335 2542424
2543699 2543849
2548845 2548970
2550246 2550363
2560566 2560878
2568842 2569008
2589658 2589765
2591961 2592019
2605233 2605374
2610583 2610952
2640591 2640645
2650725 2650790
2660766 2660859
2680288 2680657
2690523 2690674
2692596 2692653
2694665 2694808
2706690 2707019
2717678 2717737
2719826 2720083
2720903 2721121
2721786 2721861
2733575 2734182
2737919 2738027
2741566 2741628
2742836 2743071
2753125 2753232
2756247 2756533
2775650 2775766
2794870 2794932
2818017 2818375
2820378 2820986
2841563 2841839
2871172 2871512
2892083 2892155
2892719 2892967
2949164 2949540
2966539 2966790
2995211 2995690
3005248 3005300
3019218 3019352
3033154 3033392
3038966 3039274
3055235 3055423
3059777 3060170
3090851 3090973
3179633 3179893
3205926 3206350
3231959 3232124
3234095 3235329
3276640 3276832
3313652 3313785
3404477 3404586
3411406 3411458
3454866 3454976
3455615 3455952
3460123 3460523
3471595 3471657
3488617 3490576
3499444 3499699
3501239 3501292
3520195 3520394
3670150 3670209
3676580 3676663
3677494 3677903
3681994 3682169
3724474 3724654
3755779 3755911
3759868 3759921
3764679 3764733
3845466 3845571
3855820 3856037
3881880 3881987
3940120 3940222
3998025 3998454
4043528 4043585
4045939 4046041
4048624 4048896
4055927 4056156
4070431 4070484
4103638 4103772
4120392 4120501
4190326 4191013
4196584 4196751
4248204 4248300
4258799 4258952
4308531 4308589
4310919 4311315
4331096 4331230
4335092 4335210
4345648 4345956
4347100 4347867
4362441 4362565
4387352 4387413
4407570 4407638
4435491 4435556
4464888 4465068
4469229 4469313
4476099 4476158
4502050 4502200
4513037 4513326
4548059 4548591
4565326 4565671
4585267 4585465
4613447 4613564
4638030 4638116
4649154 4655782
4759421 4760518
4761960 4762097
4788393 4788600
4857745 4857798
4876281 4876519
4897596 4897658
4963086 4963244
5009818 5009932
5067664 5067870
5090661 5090782
5141042 5142574
5168791 5168994
5173342 5173402
5203689 5203983
