gi|346722940|ref|NC_016010.1|_Xanthomonas_axonopodis_pv._citrumelo_F1_chromosome__complete_genome
2808 3468
13467 60466
62493 115873
119365 124900
126115 128386
130697 179135
180201 180330
181115 181322
182000 188738
189745 212080
214544 214913
219879 220004
227291 227593
228955 256966
258417 259782
263694 263821
265572 420241
427776 466788
485279 509015
513401 517078
523411 530753
532324 548550
553573 560680
568520 587127
588697 687124
687967 694698
697870 710131
716298 716488
717419 732574
740353 754150
761572 767425
770038 831651
835624 866435
869799 874892
875382 879479
887919 1001996
1005236 1005379
1005676 1026915
1043990 1045444
1056040 1056990
1073400 1075979
1090793 1121265
1128927 1149624
1152286 1153900
1161206 1224539
1229917 1245120
1246635 1295460
1299652 1336743
1369824 1369934
1385411 1433084
1435691 1511098
1512620 1520202
1535657 1550741
1555588 1558153
1563303 1563505
1580305 1580415
1596332 1613077
1613165 1632436
1633669 1672966
1679982 1682540
1700374 1708605
1713474 1728308
1728412 1730565
1756579 1768027
1780243 1781999
1783945 1784064
1791767 1792802
1794239 1794453
1803657 1936223
1946262 1946553
1948912 2008751
2015706 2016984
2018592 2043965
2054684 2134363
2154924 2160610
2165183 2169581
2171774 2174768
2177160 2194270
2194776 2200922
2209381 2219464
2225574 2226075
2229384 2229438
2239389 2239534
2239692 2264823
2282055 2282717
2286451 2286725
2290795 2290867
2297662 2444869
2444975 2477043
2477161 2477997
2487082 2487592
2516174 2634352
2647695 2655180
2663547 2688992
2692397 2692645
2694371 2712968
2718012 2774140
2779751 2794344
2800715 2803150
2818081 2820016
2830520 2934071
2954551 2954704
2959502 3012542
3016715 3016820
3047542 3186734
3187112 3225676
3240311 3296032
3299285 3316427
3320537 3320833
3321000 3334013
3336536 3336859
3341569 3401351
3414936 3417657
3421970 3471296
3488216 3596171
3598897 3609264
3613307 3626658
3632332 3753082
3753378 3818625
3819499 3819627
3825151 3852199
3870993 3871191
3877465 3877733
3890055 3961990
3985178 3988447
4001484 4022613
4026418 4040471
4047945 4053775
4058119 4131889
4144572 4243317
4245821 4246144
4247033 4270016
4277361 4277515
4285131 4296972
4297115 4307975
4338320 4494524
4496299 4508356
4509828 4513227
4522019 4536511
4544757 4545632
4547217 4547467
4550448 4556884
4570369 4570531
4573764 4574019
4585155 4674096
4674760 4681128
4687891 4698289
4700938 4701109
4701958 4716371
4726318 4731889
4734726 4760403
4762346 4762922
4763046 4814450
4823787 4847961
4853432 4899383
4899846 4951593
4954638 4967469
