gi|375356399|ref|NC_016776.1|_Bacteroides_fragilis_638R__complete_genome
44198 44713
47804 49896
79889 80992
81972 82275
109033 112288
113319 113570
116418 117384
163657 168601
199175 199638
213501 273107
341990 346122
379289 381455
386515 391604
393315 393673
406846 409404
461766 461856
466917 469466
470799 471247
483467 483688
487825 501792
553418 553815
555802 558698
658847 659148
683512 690387
716021 716447
795490 803236
805958 813962
830968 831658
891373 894045
931743 933977
941325 942959
946694 971869
972046 973729
977220 983335
1065195 1065579
1119370 1121378
1126827 1127285
1132894 1138256
1140681 1141332
1160510 1161686
1167541 1168073
1212497 1213873
1315016 1336438
1362132 1365357
1381369 1408021
1454974 1455718
1462003 1486267
1604383 1649828
1687085 1687218
1694713 1695474
1696623 1718535
1718656 1720534
1731184 1731572
1793678 1793765
1801006 1801384
1801847 1801910
1803664 1804343
1805667 1825883
1827355 1827904
1839013 1839215
1844519 1846018
1878709 1878787
1922926 1926730
1941424 1942815
1971494 1971659
2015121 2021174
2059507 2078679
2084965 2102348
2104801 2146426
2203075 2203256
2204322 2205524
2211075 2219660
2225873 2226674
2241385 2244228
2275313 2275435
2290088 2294311
2327159 2359791
2361873 2365029
2367793 2367861
2369692 2436861
2440524 2471243
2490495 2491136
2551003 2551105
2560090 2570034
2574950 2575374
2602309 2606281
2652905 2655873
2719622 2724949
2767155 2767226
2845295 2845861
2874099 2874737
2876436 2876556
2925123 2925263
2933303 2934357
2940184 2940958
2962772 2962952
2963932 2964843
2965307 2966682
2967415 2972264
2972461 2972569
2985367 2986089
2989576 2989752
2991970 2992812
2995214 2995689
2997034 2997158
3008816 3017589
3041502 3041658
3041904 3055987
3057173 3057341
3128179 3139475
3183573 3185092
3239417 3245083
3277131 3277416
3284083 3284179
3287897 3303418
3318994 3319056
3372116 3372261
3376609 3377643
3380487 3381912
3389500 3389705
3395242 3397334
3483731 3486597
3527060 3527535
3572404 3588445
3628035 3628167
3755837 3756506
3774601 3775345
3836149 3836434
3847438 3849022
3856733 3857907
3859575 3859713
3887627 3887901
3899535 3905608
3918355 3922357
3954076 3954479
4073270 4075482
4079476 4083511
4112183 4124137
4126583 4126708
4129801 4131162
4134793 4136590
4154261 4154740
4231256 4232939
4289862 4322484
4322743 4329074
4352768 4353276
4414943 4440207
4441517 4443326
4490286 4496721
4515429 4519434
4542545 4543592
4556713 4556866
4591371 4600721
4601687 4617276
4618356 4621128
4645930 4652523
4697661 4697718
4704841 4711318
4711484 4721055
4777646 4777830
4800154 4857784
4880303 4880678
4883355 4894478
4917761 4939618
4952884 4953002
4955222 4957662
4984136 4984362
5045021 5051764
5054507 5055598
5055834 5056937
5057028 5061955
5084232 5100452
5103928 5106161
5110277 5116638
5132709 5133134
5174345 5250873
5261109 5263839
5268799 5270218
5287890 5293816
5305195 5308586
5309301 5309747
5338796 5340637
5365031 5365328
