gi|15640032|ref|NC_002505.1|_Vibrio_cholerae_O1_biovar_El_Tor_str._N16961_chromosome_I__complete_sequence
53584 54003
55364 58961
150936 156235
167353 167736
323824 329456
334880 335337
361921 362929
381834 382883
401447 403563
406900 407062
478463 478816
481359 481511
581030 581928
762472 767991
879783 879860
880464 880578
881124 881433
888385 888489
900224 900748
904558 904974
907365 907553
911020 911156
935859 936297
973230 973711
1083530 1083625
1198654 1198827
1294051 1294243
1510856 1511015
1563875 1564485
1566485 1566845
1571461 1573703
1579129 1585187
1736732 1739006
1785375 1785598
1909127 1909230
1913155 1913219
1937570 1938707
1948094 1948174
1951728 1951842
1960952 1961087
1994067 1994160
2168375 2168463
2330967 2332625
2551469 2552241
2676298 2681701
2927819 2939220
gi|15600771|ref|NC_002506.1|_Vibrio_cholerae_O1_biovar_El_Tor_str._N16961_chromosome_II__complete_sequence
1 1173
19712 20432
21005 21887
114836 114886
140903 141087
216913 217036
219821 220321
236896 237059
272632 273385
292261 292761
303532 303961
310944 312310
313774 314647
317417 317983
323949 324387
325144 325803
326818 327348
328913 329222
329755 331886
334893 336064
338058 338200
338894 340469
341038 341827
342647 343202
343918 344487
345448 345866
348192 349518
356454 358679
360294 361003
361640 362059
363258 364294
365369 366083
366738 367163
370591 396270
398067 399188
399942 400436
401307 402417
404141 404234
407258 407549
411746 414782
416517 418434
419341 419824
421672 422705
427929 429112
431884 432422
432953 433710
434361 436581
507998 508067
516470 517168
558259 559411
563923 565498
630184 630483
699623 699686
735824 736960
829806 829939
