gi|77404693|ref|NC_007489.1|_Rhodobacter_sphaeroides_2.4.1_plasmid_C__complete_sequence
1 1445
39090 39497
45660 45824
49445 50127
52088 52511
74593 75486
76614 77221
78858 79259
86761 87059
94905 95264
gi|552530953|ref|NC_007490.2|_Rhodobacter_sphaeroides_2.4.1_plasmid_D__complete_sequence
1 2949
5521 6096
26998 27217
39501 39850
40494 42021
43161 44024
52194 52493
66281 66659
71608 73090
74126 74383
74949 75236
77206 78099
81728 82318
84504 84885
86168 86481
95877 96896
98958 100827
gi|552536492|ref|NC_007494.2|_Rhodobacter_sphaeroides_2.4.1_chromosome_2__complete_sequence
1 238
4717 5272
6985 7544
33526 38943
55319 55635
98233 98659
136539 136795
173638 173921
236472 236708
243674 243788
252223 252574
281049 281293
296121 296719
335317 335619
337737 337858
339513 339768
361239 361631
371713 373162
423588 424000
486074 486433
488420 488752
575652 576492
635114 635475
640370 640593
650754 651075
707067 707772
760224 760612
761434 761514
784640 784960
850075 850717
882993 883563
939905 940173
942693 943018
gi|552530711|ref|NC_007488.2|_Rhodobacter_sphaeroides_2.4.1_plasmid_B__complete_sequence
1 1754
10354 10633
14690 15235
32887 33057
71322 71485
92602 92906
gi|552535527|ref|NC_007493.2|_Rhodobacter_sphaeroides_2.4.1_chromosome_1__complete_sequence
1 5270
6704 7178
81450 81645
97325 97437
148177 148640
228705 229165
252570 253708
269471 269744
273468 273699
293800 294623
306569 307702
323902 324069
414827 415187
426952 427051
431449 431818
434919 435077
436313 436372
537601 537788
557727 557984
595302 595442
601238 601557
646006 646204
650859 651339
666473 666710
691781 692398
770834 770973
849944 850285
859361 859980
883765 884344
923092 923315
951919 952162
968944 969318
1054757 1055001
1056945 1057024
1073461 1073864
1163603 1163936
1241513 1242116
1365409 1365473
1376176 1376316
1415654 1416014
1435273 1436724
1583544 1583910
1613107 1613265
1681360 1681837
1752656 1753333
1762412 1762465
1818123 1818392
1828807 1828964
1929415 1930033
1999287 1999379
2024042 2024474
2038375 2038748
2088468 2088695
2122220 2122541
2176275 2177742
2279433 2279604
2280398 2280564
2282199 2282328
2419597 2419869
2457342 2457537
2522142 2522380
2532236 2532507
2593037 2593144
2623952 2625139
2670056 2670226
2731843 2732239
2774228 2774277
2829603 2830510
2867923 2868163
2930995 2931391
2976575 2976686
3180769 3181014
3188199 3188524
gi|125654605|ref|NC_009007.1|_Rhodobacter_sphaeroides_2.4.1_plasmid_A__partial_sequence
1 891
7984 8285
20917 21125
33122 33445
39895 40164
42335 42501
45063 45564
52431 52825
56124 56847
64117 65601
71732 74684
75333 76097
79485 81089
82439 84507
89884 91559
94357 94485
102809 103186
gi|125654693|ref|NC_009008.1|_Rhodobacter_sphaeroides_2.4.1_plasmid_E__partial_sequence
5469 5919
8087 8352
27112 28529
32184 32499
34661 36496
