gi|42779081|ref|NC_003909.8|_Bacillus_cereus_ATCC_10987__complete_genome
1 9200
9388 14193
14359 21768
21864 28973
29229 30750
30844 33998
34129 52217
53274 64525
64608 68985
70451 73424
73952 82328
82522 87084
87243 105958
107390 108939
109463 110191
110697 112023
112599 113280
114343 115332
115893 116800
117365 118536
119678 120802
122158 122447
123167 125074
127484 128757
130039 130192
130720 131430
132484 133078
133972 137228
138070 139094
140524 150270
151190 158970
159690 228092
229044 268552
269067 278777
279699 284194
285089 292998
294266 305307
305437 318428
318695 319524
321314 330575
331088 338605
341959 359488
360242 368556
369706 453070
454751 603264
604042 609410
611142 824028
824474 824720
824795 1080077
1080149 1109268
1109901 1985282
1985377 2367413
2367523 2564189
2564445 2565631
2565856 2599597
2600289 2993723
2994062 3015457
3018133 3118165
3119715 3233470
3233928 4190253
4191658 4248300
4248376 4375335
4380533 4416916
4417074 4539764
4543281 4648834
4651264 4655630
4655941 4723247
4727339 4745547
4746216 4788771
4789421 4808397
4809070 4827373
4828454 4831102
4831283 4834833
4835366 4835776
4836594 4836787
4837546 4838054
4838935 4839454
4841107 4998042
4998981 5016142
5017770 5019560
5020128 5020310
5022803 5023169
5024768 5025825
5026403 5028063
5028729 5034682
5035031 5038184
5038369 5039477
5040065 5043491
5044303 5086273
5087059 5203883
5203957 5211141
5212143 5224283
gi|44004339|ref|NC_005707.1|_Bacillus_cereus_ATCC_10987_plasmid_pBc10987__complete_sequence
1 208369
