gi|169627108|ref|NC_010397.1|_Mycobacterium_abscessus_chromosome__complete_sequence
28433 28525
44148 44626
45323 45430
109775 109919
220602 220665
453566 453707
454678 455005
458161 458262
669926 670443
679604 682030
756197 756463
825009 825350
986687 987264
1036574 1036670
1149182 1149314
1166060 1166375
1277035 1278985
1305167 1305222
1461961 1462367
1579188 1579251
1944304 1944738
1963654 1963948
1972903 1972960
2251339 2251795
2252305 2252411
2253117 2253595
2348758 2348890
2493396 2493488
2521325 2521619
2597092 2597577
3019964 3020429
3172175 3172234
3251908 3252387
4066940 4067149
4067870 4068079
4144800 4147041
4356757 4357472
4767404 4767608
4774220 4774749
4793728 4793932
4797298 4797818
gi|169786809|ref|NC_010394.1|_Mycobacterium_abscessus_plasmid__complete_sequence
1 23319
