gi|169627108|ref|NC_010397.1|_Mycobacterium_abscessus_chromosome__complete_sequence
2248 2768
18986 20190
22408 23373
44044 46613
64097 64317
78976 79651
97837 99788
109788 109889
123376 124494
142778 143854
151461 151857
155327 155564
157781 158447
169338 170074
173912 175736
219558 220404
243475 243857
244038 245002
249436 249568
269119 269798
273680 274333
276186 276586
289843 290477
294539 295050
313118 314673
334523 334874
371015 371103
375248 375785
385783 385978
388463 389103
394135 395020
407284 407606
410103 410315
446701 447252
453427 455379
458081 458883
463797 463862
470369 470957
499743 500800
511987 513054
536603 537642
550503 550592
563125 563487
569233 570061
581981 582377
614769 615995
628113 628602
670115 670692
679604 682030
755226 756215
773947 774731
789971 790434
836030 836460
853616 854025
866940 867615
869829 870198
882337 884162
897321 897555
899570 899770
901912 902107
968897 969573
1000908 1001239
1016624 1018187
1036586 1037660
1054803 1055555
1069867 1070141
1090883 1091475
1100539 1100806
1103163 1103491
1130341 1130983
1137890 1138052
1147233 1149174
1152392 1153115
1166060 1166375
1173058 1174268
1193636 1194018
1200220 1201365
1217254 1218165
1231449 1232808
1248724 1249150
1254548 1255227
1262316 1262406
1269560 1270200
1275376 1277597
1305169 1306166
1309060 1309618
1312631 1312863
1340715 1342289
1352691 1352848
1355940 1356463
1370074 1371861
1387631 1389269
1393361 1393615
1394760 1395344
1399059 1400024
1403418 1404623
1430089 1430395
1433508 1433562
1433645 1433758
1514145 1514681
1527162 1527538
1555253 1555610
1603852 1606461
1657600 1657830
1697716 1700026
1708013 1709439
1736178 1736237
1823830 1823941
1867156 1867314
1875353 1877057
1884807 1884966
1903316 1904810
1906578 1908225
1932474 1932582
1944219 1944734
1956829 1957214
1963482 1963604
1972903 1972958
1981730 1982162
1988990 1989110
1994832 1997109
2039873 2040116
2140500 2140630
2221190 2221884
2232650 2233092
2241544 2242297
2251824 2253067
2275913 2277363
2412255 2412503
2421019 2421149
2449966 2450077
2476512 2476862
2484419 2485633
2493383 2493490
2516454 2516966
2529635 2529837
2539216 2540324
2547432 2548037
2561653 2561895
2651584 2652527
2668831 2669372
2674686 2675197
2682471 2682578
2742104 2742291
2815862 2817416
2823633 2824851
2840010 2841406
2843044 2843571
2909380 2909777
2914260 2914637
2919646 2920802
2973383 2973507
3016874 3017012
3019452 3020319
3023628 3024193
3066744 3066905
3074974 3075633
3111965 3112538
3157441 3157514
3172167 3172339
3176048 3177762
3199697 3199892
3200022 3200757
3218602 3220398
3225255 3226133
3258469 3259063
3340780 3341429
3344772 3346086
3348653 3349019
3371024 3371332
3374857 3377229
3408943 3409431
3456395 3456746
3478200 3478756
3501542 3502467
3506914 3507007
3553594 3554844
3594729 3595620
3656721 3657700
3678912 3679140
3731406 3731711
3755025 3755168
3806125 3806729
3811047 3811978
3820571 3820872
3823701 3823922
3843540 3843662
3852966 3853585
3856000 3856421
3859847 3860035
3864726 3865396
3928568 3929534
3938689 3939881
3958084 3958191
3968435 3968620
3984699 3985029
4022963 4023071
4037351 4037657
4048713 4049293
4067558 4068903
4132204 4132454
4134648 4134764
4144800 4147041
4174407 4175436
4178272 4178337
4203508 4204417
4260476 4260548
4264009 4264224
4278885 4279095
4285394 4285470
4286681 4287122
4360138 4360222
4393721 4393828
4404615 4404692
4408773 4409429
4409580 4412687
4488689 4490863
4520610 4520816
4548202 4549168
4555956 4556115
4592326 4592785
4594191 4595309
4613544 4613954
4640527 4641721
4653095 4655015
4658563 4658640
4671617 4671875
4699933 4702610
4712053 4713888
4734408 4734526
4734676 4736987
4739219 4739276
4746362 4746628
4766868 4767500
4804834 4805391
4853215 4853707
4926466 4927057
4976573 4976645
4989774 4989860
4997229 4998942
5028158 5028232
5031635 5031979
5034676 5034725
5039794 5040009
gi|169786809|ref|NC_010394.1|_Mycobacterium_abscessus_plasmid__complete_sequence
1 23319
