gi|15600771|ref|NC_002506.1|_Vibrio_cholerae_O1_biovar_El_Tor_str._N16961_chromosome_II__complete_sequence
21557 21638
102209 102288
292249 292773
301650 302746
310944 312310
314250 314659
317540 319057
322594 323434
324055 324408
326806 327360
328901 331284
333590 333642
334897 336064
342831 343202
345392 345879
356442 356685
357223 358387
360441 361029
370415 389933
390786 394902
398554 398959
401107 401165
402156 402321
411734 412324
412923 414274
428179 429124
431866 431925
432941 432994
434774 435382
507998 508079
564168 564282
