gi|117617447|ref|NC_008570.1|_Aeromonas_hydrophila_subsp._hydrophila_ATCC_7966_chromosome__complete_genome
6386 29369
29451 29626
29745 73199
74883 74999
84941 88726
89394 89533
90082 122242
138751 165969
166585 214493
214594 220132
243928 246809
247378 247958
249199 256510
257629 309631
319816 320382
349187 422090
433833 479045
479821 609267
610801 610899
616818 616937
626313 626972
635271 638449
650246 786689
788957 792377
794700 794801
798558 829743
844349 851071
872151 959265
964554 964661
965786 1033420
1033749 1039042
1040990 1041139
1050790 1108230
1108433 1164048
1164148 1210103
1210194 1321706
1328776 1457944
1472945 1494742
1496226 1547164
1548447 1565202
1567488 1567872
1572683 1667359
1702507 1743179
1745816 1765053
1771535 1773108
1775299 1778531
1783935 1793758
1794691 1955464
1955564 1974122
1978806 1990848
1991034 2026835
2026917 2049143
2054833 2073988
2074148 2107354
2109629 2142526
2145910 2167758
2183382 2183498
2185447 2185570
2189833 2204098
2221729 2221829
2223486 2339176
2342357 2357167
2364128 2367318
2406741 2576208
2580605 2656666
2659516 2714480
2720700 2735299
2735963 2760859
2778549 2780869
2783165 2783441
2791236 2827025
2829245 2829398
2829732 2887839
2900955 2999216
3011662 3066865
3069798 3070051
3073286 3099168
3106842 3153340
3157211 3268777
3275280 3294017
3311035 3357700
3359851 3435427
3440245 3467909
3479664 3487443
3487528 3487578
3497472 3500328
3509029 3509107
3514621 3514821
3525750 3556663
3572013 3572469
3572549 3697594
3699917 3774575
3776270 3789178
3792469 3875942
3876025 3876191
3879811 3882243
3882424 3968722
3971547 3982507
3993737 4016791
4017535 4017697
4032348 4052705
4053781 4069368
4069446 4141558
4141684 4142094
4146767 4234755
4234843 4241950
4244222 4268508
4268590 4268640
4268720 4268848
4270215 4287791
4296041 4397073
4399436 4456538
4474641 4474705
4474899 4476063
4476139 4522901
4524489 4580148
4632478 4678442
4679907 4714010
4730178 4730277
