gi|15640032|ref|NC_002505.1|_Vibrio_cholerae_O1_biovar_El_Tor_str._N16961_chromosome_I__complete_sequence
1 232
53834 58674
133386 134517
151075 155727
177296 178744
186085 186201
232736 233784
246328 246389
251823 254967
262093 265273
273820 274504
324168 329388
363246 363439
382929 383566
401945 406838
501905 502916
514302 514430
524188 525220
534734 534911
543783 545760
546783 548768
707717 707786
724903 725018
762945 767932
865318 866722
875638 884160
885384 886354
888305 889136
890188 890331
893300 896463
897579 897899
898975 909369
910871 911394
941043 941276
958729 958848
978408 979344
990889 990941
992047 993287
998752 999333
1039225 1039328
1053889 1053988
1135737 1135786
1139534 1139627
1198546 1198833
1224747 1224953
1335029 1335103
1353380 1353622
1356681 1356780
1379187 1379445
1408711 1408973
1412924 1414557
1431236 1431424
1458144 1458232
1495836 1496269
1516006 1517623
1531715 1531792
1549102 1549342
1563971 1565496
1565924 1566366
1566551 1566695
1568160 1578079
1579136 1584390
1595345 1595703
1602524 1602602
1688309 1688417
1698084 1698959
1714430 1714648
1737015 1738721
1741451 1741660
1767067 1768399
1775085 1775171
1785255 1786392
1828718 1828892
1895837 1895970
1897665 1898023
1899846 1900398
1901416 1901542
1903144 1903498
1904526 1904583
1906237 1906291
1909127 1909300
1912428 1913306
1915174 1916050
1922764 1923489
1924576 1925256
1930124 1930177
1937747 1938448
1940575 1942351
1947683 1948695
1950699 1952954
1960973 1961124
1967381 1967448
1984507 1984646
1992055 1992470
1993824 1994178
2004841 2005024
2049072 2049230
2097996 2098940
2168283 2168480
2193061 2193116
2213586 2213636
2431916 2432400
2537397 2537470
2549559 2552279
2661377 2661433
2667237 2667461
2676482 2681405
2821181 2821297
2927883 2939005
gi|15600771|ref|NC_002506.1|_Vibrio_cholerae_O1_biovar_El_Tor_str._N16961_chromosome_II__complete_sequence
1 1168
30332 30431
43084 43141
51292 51373
59628 59754
66827 66968
91844 92651
101645 102319
114623 115036
140252 141099
152802 153546
180088 180586
204444 204593
214478 217967
219104 219761
236854 237620
246737 247220
267164 267388
302781 305732
310586 310703
310944 312310
314177 315175
317400 322547
324209 325744
326981 327751
329500 333704
334750 336922
338492 346153
347870 347971
350502 352508
353823 363206
366146 369581
370683 394647
396880 398913
400275 402847
404106 405377
407048 407336
409136 414764
416288 418103
422768 423900
428227 428661
430866 436413
458066 458407
474252 475148
485367 485510
492147 492469
498909 499048
500088 500207
503220 503953
507998 509026
514807 517190
532231 532307
562631 565751
580714 580764
604860 605169
630138 630733
675799 676015
735636 736785
738603 738750
755105 755188
815702 815819
826705 827627
829395 830464
832430 832598
862690 862845
885824 886666
902143 902503
914247 914898
994112 994738
1015957 1016163
1028134 1028204
1072204 1072315
