gi|15640032|ref|NC_002505.1|_Vibrio_cholerae_O1_biovar_El_Tor_str._N16961_chromosome_I__complete_sequence
53612 58972
89594 89811
150925 154504
155006 156114
167414 167747
222770 222822
260490 260568
262291 262364
269167 269333
309730 309781
323813 325957
326743 329467
334869 335337
336270 336460
361777 362459
381823 382894
401436 407115
478452 478827
581092 581756
694270 694321
762410 762759
763510 768053
824675 824726
842844 842895
849986 850036
863597 863653
875218 875338
883918 884117
935848 936369
952646 952723
954548 954607
973168 973722
1010258 1010307
1100029 1100094
1293989 1294254
1374813 1374866
1379311 1379394
1461792 1461843
1486460 1486511
1509552 1510294
1511067 1511584
1539142 1539502
1564036 1564975
1565593 1565875
1566418 1566896
1571450 1573714
1579129 1585198
1630239 1630323
1641417 1641468
1683878 1683927
1698080 1698138
1736721 1739068
1936778 1936982
1937559 1938718
1950678 1950729
2096535 2096586
2105593 2105644
2320636 2320714
2330905 2332636
2409523 2409574
2531307 2531358
2584003 2584339
2676287 2681763
2896299 2897362
2927712 2933539
2933728 2939179
2945805 2945906
gi|15600771|ref|NC_002506.1|_Vibrio_cholerae_O1_biovar_El_Tor_str._N16961_chromosome_II__complete_sequence
6557 6608
19701 20443
21216 21733
73835 73886
157493 157587
186156 186488
187810 187896
195088 195480
219810 220332
248589 248649
272621 273447
292250 292772
297998 298058
310944 312310
312702 313190
313763 314658
315216 315308
315971 316037
316902 317489
318448 318521
319795 319857
322037 322641
323404 324471
325082 325820
326807 327359
329049 332433
333593 333886
334908 334966
335506 338211
338750 340469
342656 344524
345274 345878
348075 349652
350289 350379
351134 351423
352317 352700
356443 358690
359874 361015
361544 362070
362814 364356
365104 366094
367405 367503
370238 395236
397423 399199
401057 402442
406259 406364
406995 407560
410121 410628
411684 414514
416506 418574
419526 419886
420586 422733
423507 424459
427918 429123
431867 432435
433648 433723
434297 436592
507998 508078
540201 540267
556967 557041
558248 558351
559343 559473
566266 566317
691829 691880
735813 736971
866134 866207
878560 878639
962027 962089
