gi|169627108|ref|NC_010397.1|_Mycobacterium_abscessus_chromosome__complete_sequence
28469 28522
43915 44415
109655 109932
174989 175043
220437 221789
458169 458294
463779 463854
472134 473913
630632 630982
679604 682030
755620 756460
866886 867006
986690 987120
987750 987839
1016567 1016738
1036545 1036708
1083133 1083185
1094740 1094965
1148014 1149311
1166060 1166375
1277038 1278982
1304892 1305272
1385753 1385917
1393326 1393447
1893057 1893138
1944047 1944766
1963472 1963945
1972890 1972981
2251342 2251793
2253120 2253828
2493438 2493532
2521328 2521616
2686670 2686719
3019910 3020644
3023750 3024261
3172118 3172292
3258584 3258743
3283032 3283122
3402574 3403203
4066943 4068304
4144800 4147041
4357015 4357374
4373447 4373568
4609390 4609440
4620179 4620272
4762696 4762747
4774338 4774459
4793731 4793929
4797301 4797815
4811224 4811561
gi|169786809|ref|NC_010394.1|_Mycobacterium_abscessus_plasmid__complete_sequence
1 23319
