gi|15640032|ref|NC_002505.1|_Vibrio_cholerae_O1_biovar_El_Tor_str._N16961_chromosome_I__complete_sequence
53675 53773
55366 55548
58885 58968
151065 156110
262291 262364
324153 329276
381827 382890
401440 406878
762465 767998
935852 936365
973223 973539
1511464 1511745
1564040 1564485
1565924 1566366
1566551 1566695
1571454 1572784
1579136 1584390
1737357 1738377
1937566 1938638
2331439 2331734
2676327 2681482
2927716 2936958
2937513 2939141
gi|15600771|ref|NC_002506.1|_Vibrio_cholerae_O1_biovar_El_Tor_str._N16961_chromosome_II__complete_sequence
19705 20439
21613 21894
292254 292768
310936 312310
313767 314654
317446 318008
323945 324403
325137 325813
326837 327284
328954 329104
329770 331671
335513 337032
338051 338192
338888 339344
339985 340469
342660 343202
343924 344514
345333 345813
348185 348422
349004 349469
356447 358345
360287 360521
362818 363014
365362 366090
370683 394647
398060 399175
401300 401795
402161 402316
412380 412734
413281 414762
416288 417596
418120 418441
419334 419604
421766 422712
423944 424412
428305 428782
433050 433650
434468 436585
559236 559985
735818 736890
