gi|42779081|ref|NC_003909.8|_Bacillus_cereus_ATCC_10987__complete_genome
1 30750
30844 64525
64608 284288
284557 285005
285087 300433
301035 305207
305474 318477
318695 319524
321314 322761
323345 335349
335665 453070
455897 603264
604042 604679
605317 610138
611142 615177
615253 679096
679513 817817
818524 824720
824795 1080077
1080149 1109703
1109898 1985282
1985377 2367410
2367550 2564187
2565880 2599597
2600289 2993723
2994924 3015457
3018133 3118081
3118747 3127236
3127490 3233470
3233632 3234761
3235392 4190253
4191658 4248300
4248376 4375335
4380533 4416916
4417074 4539764
4543281 4649092
4649256 4649432
4650981 5142019
5142637 5224283
gi|44004339|ref|NC_005707.1|_Bacillus_cereus_ATCC_10987_plasmid_pBc10987__complete_sequence
1 208369
