gi|42779081|ref|NC_003909.8|_Bacillus_cereus_ATCC_10987__complete_genome
9505 13323
33183 33983
82623 86998
145462 150222
228771 228850
279796 284140
300617 305230
313835 318438
322967 327634
334652 335319
604907 609649
818335 823061
823147 823609
1146866 1146933
2388483 2388573
2949188 2949264
3489646 3489704
4048891 4048981
4347100 4347867
4649885 4650078
4651181 4655525
5009810 5009912
gi|44004339|ref|NC_005707.1|_Bacillus_cereus_ATCC_10987_plasmid_pBc10987__complete_sequence
1 5849
55612 55741
