gi|42779081|ref|NC_003909.8|_Bacillus_cereus_ATCC_10987__complete_genome
9418 14289
29191 33983
82530 87102
111186 131288
145475 150304
168332 168739
278570 279013
279649 285073
300630 305347
313773 318554
322938 328035
330808 335473
340915 344914
374984 375626
604912 610283
627105 627414
818192 824241
958880 959418
980415 980542
981173 981277
990854 991663
1108155 1109648
1134945 1135898
1146481 1147079
1156807 1157059
1210532 1211679
1213017 1213074
1286609 1287756
1368405 1369635
2308994 2309153
2367503 2367582
2564444 2565614
2733520 2734599
2817926 2818403
2944262 2950355
2993904 2994006
2994877 2994949
2995455 2995621
3132289 3134181
3205926 3205987
3233851 3235146
3444354 3446742
3489303 3489662
3710634 3710782
3881939 3881991
4190370 4190934
4347100 4347867
4464386 4465186
4496527 4496583
4503114 4504070
4547951 4548341
4586362 4586417
4613506 4614586
4649882 4650078
4650405 4655612
4735270 4735412
4755108 4755683
4759504 4760057
4944844 4945106
5009518 5009925
5141222 5142388
gi|44004339|ref|NC_005707.1|_Bacillus_cereus_ATCC_10987_plasmid_pBc10987__complete_sequence
1 5690
50811 51787
55579 55771
75027 76907
109439 111829
200162 200240
207504 208369
