gi|552535527|ref|NC_007493.2|_Rhodobacter_sphaeroides_2.4.1_chromosome_1__complete_sequence
131694 131766
146873 147007
149077 149314
175129 175633
222365 224323
226297 232648
234082 234145
234709 235633
239415 239491
247322 249598
251041 253376
287661 287812
483841 484308
537585 537649
548372 548836
601457 601577
624128 624356
645390 647079
648351 650698
651316 657245
657796 657880
667541 669525
671312 673924
683874 684023
691734 692207
841883 842068
850025 850102
874100 874554
904434 904495
975603 975733
1028522 1028660
1102173 1102458
1129308 1129665
1463324 1463470
1479344 1479507
1678725 1679001
1804616 1804783
2017671 2017992
2109880 2109965
2166764 2166828
2177554 2177791
2217101 2217162
2245307 2245802
2279515 2280210
2384957 2385011
2445794 2445855
2522160 2522280
2548596 2548742
2575356 2575760
2624499 2624879
2670071 2670159
2715351 2715609
2773726 2774215
2938264 2938333
3030415 3030728
3051093 3051739
3062029 3062405
3101133 3101210
3180785 3180866
