gi|552535527|ref|NC_007493.2|_Rhodobacter_sphaeroides_2.4.1_chromosome_1__complete_sequence
1 984
1536 3140
3685 4845
15591 15677
17265 17334
48990 49155
67969 68020
89738 89868
96835 96903
97428 97541
102661 102753
113346 113575
114431 114676
119100 119291
146162 147129
147774 148896
160609 160687
175361 175645
187383 187508
189509 189651
199444 199664
223100 224298
226376 226545
228681 229424
235441 235496
246447 246600
248936 249064
252200 253511
278122 278200
283505 283572
286245 286335
287868 288722
306773 307399
364532 364616
365505 365574
400331 400409
427029 427093
428777 429210
431845 431929
436302 436578
472490 472613
481244 481300
494451 494527
495309 495602
503794 503949
506338 506418
537548 537637
559182 559451
563958 564140
586363 586417
597714 597822
600239 600348
601491 601678
603820 604006
608602 608853
627549 627604
646387 646938
650974 651671
668037 668228
671976 672128
672995 673074
677468 677570
691759 692105
698650 698720
747990 748060
756782 756847
770729 770874
772937 773019
782209 782281
787806 787855
794517 794574
801226 801318
824470 824525
832190 832271
859842 859970
861937 862299
905565 905637
943975 944028
962688 962870
976979 977396
1002393 1002620
1005648 1005722
1012102 1012266
1045264 1045342
1049263 1049379
1054415 1054587
1056953 1057050
1100905 1101008
1116101 1116208
1195609 1195658
1230397 1230459
1246932 1247053
1287320 1287418
1290535 1290601
1318858 1318938
1331661 1331726
1376090 1376220
1384900 1385024
1396219 1396287
1399263 1399317
1432886 1432959
1435249 1436749
1474205 1474334
1492153 1492295
1524506 1524870
1533737 1533952
1550582 1550737
1571574 1571661
1577298 1577358
1581102 1581164
1586705 1586808
1615479 1615549
1621668 1621776
1642010 1642238
1671316 1671629
1716052 1716167
1725823 1725933
1726794 1726863
1791774 1791870
1817189 1817241
1817749 1817836
1828745 1828953
1834516 1834681
1866768 1866895
1916973 1917030
1932981 1933054
1933603 1933670
1973805 1973961
1977706 1978153
1981032 1981101
1998872 1999353
2019013 2019094
2021608 2021732
2030695 2030756
2040137 2040255
2041547 2041619
2049778 2049875
2053494 2053620
2069346 2069456
2086393 2086466
2092991 2093068
2106435 2106766
2144139 2144222
2149701 2150019
2176251 2177676
2186910 2186966
2193630 2193688
2201315 2201462
2207928 2208023
2210133 2210241
2245216 2245308
2261626 2262413
2284930 2285000
2310471 2310608
2311724 2312712
2324688 2324768
2339428 2339489
2344018 2344087
2350961 2351036
2366283 2366394
2375742 2375816
2384917 2385044
2387851 2387971
2389999 2390212
2396848 2396947
2401494 2401588
2419714 2419843
2426736 2426853
2434539 2434662
2444753 2444828
2451111 2451165
2455043 2455108
2457126 2457343
2467629 2467693
2472287 2472462
2481483 2481858
2512874 2512972
2532392 2532481
2537263 2537315
2559978 2560030
2565579 2565651
2575763 2575839
2594938 2595016
2596994 2597153
2624709 2625119
2655015 2655072
2659092 2659170
2661116 2661233
2666215 2666861
2670029 2670304
2715400 2715756
2721348 2721456
2740475 2740644
2742932 2743078
2749207 2749272
2752601 2752703
2756788 2756861
2808082 2808549
2837913 2837967
2842776 2842827
2861808 2861884
2862985 2863346
2902776 2902922
2938182 2938317
2948166 2948269
2975675 2975750
3003505 3003595
3019228 3019308
3058577 3058628
3060092 3060171
3082522 3082997
3109304 3109368
3119397 3119464
3126183 3126270
3148307 3148410
3167791 3167930
3179078 3179148
3180743 3180979
3188298 3188524
