gi|552535527|ref|NC_007493.2|_Rhodobacter_sphaeroides_2.4.1_chromosome_1__complete_sequence
587 5053
5350 5911
48504 49022
96901 97448
115875 117151
131137 132506
146749 147684
175094 175630
217556 224141
226490 235447
246456 248015
251691 253338
282910 283602
287664 289751
393757 394215
436052 436347
485398 485642
537539 537740
579426 579922
601491 601608
607912 608760
645459 646897
648727 650762
671562 672933
780984 782210
816610 816950
826383 826448
850031 850097
877102 878580
883434 884147
961518 962852
1057019 1057075
1061183 1062110
1187132 1187502
1195609 1195690
1348465 1348977
1376228 1376976
1378570 1379345
1384931 1384991
1435556 1436566
1495786 1495959
1533752 1533859
1550711 1551211
1606160 1607214
1612244 1613258
1726794 1726861
1781400 1783371
1816326 1817961
1827314 1827380
1992692 1992796
1998986 1999384
2034870 2035559
2049887 2049974
2053021 2053598
2057657 2057772
2086347 2086403
2279581 2281697
2283530 2283935
2312329 2312675
2343851 2344094
2457129 2457342
2488083 2488448
2522266 2524167
2624505 2625768
2659169 2659435
2670056 2670211
2715400 2715609
2749198 2750039
2761415 2762219
2773726 2774253
2782107 2782172
2861863 2862456
2874637 2875234
2938280 2938345
2971540 2972122
3061083 3062322
3065248 3066292
3082522 3083003
3126215 3127920
3180817 3181770
