gi|552535527|ref|NC_007493.2|_Rhodobacter_sphaeroides_2.4.1_chromosome_1__complete_sequence
469 4733
147896 149169
175389 175441
190269 198630
224439 235969
253235 253318
288093 288315
306687 307377
397523 398443
427037 427092
537806 540722
594115 601579
608699 611504
633589 648315
660676 667920
850032 850083
882430 884163
1054947 1057016
1154185 1163602
1314763 1322838
1435899 1436217
1610188 1613298
1752667 1753338
1789436 1792269
1866267 1868219
2176484 2177663
2292747 2295830
2457323 2457561
2520893 2522205
2565836 2571684
2625048 2625128
2654376 2659165
2670088 2670212
2721919 2721979
2769497 2774290
2927742 2929394
2976687 2978518
3079224 3091749
