gi|552535527|ref|NC_007493.2|_Rhodobacter_sphaeroides_2.4.1_chromosome_1__complete_sequence
48258 48576
81402 81549
113483 113576
149091 149296
175379 175450
222547 224305
226315 226552
227246 229641
230432 231096
235236 235977
238529 238846
241258 242111
247382 248203
248707 249580
251297 253018
273536 273593
287861 288936
427034 427147
436080 436154
503925 504019
537611 537823
548559 548818
559175 559458
577655 577795
601150 601783
608637 608820
645408 647061
648478 653291
655416 656825
667559 669507
671568 672437
672988 673289
691752 692189
761205 761289
770790 771056
804296 804390
849915 850287
883623 884273
975621 975715
1054745 1055046
1056850 1057023
1129819 1129912
1163567 1163633
1375963 1376330
1479362 1479489
1587811 1587865
1613096 1613400
1645923 1645972
1678907 1678983
1726753 1726857
1752627 1753350
1815483 1815579
1951128 1951204
1999284 1999424
2048621 2048675
2075312 2075366
2176244 2177773
2189449 2189515
2279597 2279705
2329128 2329197
2339442 2339530
2419510 2419661
2457306 2457483
2509242 2509499
2522080 2522332
2593018 2593081
2624077 2625267
2670088 2670237
2703350 2703416
2774088 2774303
2863736 2863802
2927782 2927891
2976646 2976917
3180760 3180981
3188168 3188297
