gi|552535527|ref|NC_007493.2|_Rhodobacter_sphaeroides_2.4.1_chromosome_1__complete_sequence
81049 82710
100807 100857
148057 149314
175389 175533
222493 223748
227162 227787
229151 229436
231581 232464
239048 239384
240679 241089
242537 242627
247635 249154
251539 252479
279154 279276
287843 288954
426878 427049
431527 431781
435930 436709
457211 457591
601238 601541
624658 625124
645390 647057
649095 650239
650810 651687
653881 654628
656113 656366
657060 657158
657861 658294
667541 667857
672940 673185
691734 692207
849818 850265
883547 884432
904404 904495
1021463 1021994
1054757 1054962
1056966 1057235
1129672 1130234
1131251 1131390
1163605 1163914
1199735 1199969
1201319 1201409
1287545 1287766
1489424 1490137
1494112 1494254
1503000 1503051
1550538 1550596
1583176 1584171
1586679 1586765
1612816 1613262
1621395 1621856
1669159 1669675
1678890 1679022
1728451 1728564
1743177 1743246
1752566 1753333
1764294 1765004
1804664 1805041
1858387 1858909
1932369 1932424
1998630 1999859
2109850 2109965
2142784 2143093
2166771 2166821
2250130 2250295
2256048 2256284
2279516 2280384
2282079 2282324
2311469 2311639
2324210 2325406
2328993 2329206
2457348 2457630
2472149 2472529
2522181 2522726
2531692 2533175
2580835 2580889
2624564 2625865
2646844 2646894
2670139 2670210
2703108 2703395
2715403 2715456
2759746 2759858
2856980 2857127
2863730 2863790
2935504 2935866
2953424 2953552
3021422 3021479
3138227 3138301
3188150 3188297
