gi|552535527|ref|NC_007493.2|_Rhodobacter_sphaeroides_2.4.1_chromosome_1__complete_sequence
81404 81887
97336 97446
148707 149161
228766 228934
242198 242561
306867 307024
402582 402694
405448 405507
426944 427506
431540 431869
436064 436374
458565 458614
537644 537828
577722 577786
601233 601579
608730 608795
645810 645964
691934 692036
716055 716484
725160 725821
748514 748737
770834 770963
850048 850285
859986 860410
883765 884213
1054736 1054966
1056850 1057016
1129778 1129851
1376133 1376306
1583497 1583892
1613106 1613276
1618889 1618993
1741795 1742193
1752652 1753343
1762412 1762476
1782995 1783093
1817799 1818270
1828808 1829023
1866736 1866838
1950886 1951087
1998989 1999486
2176312 2177030
2251909 2252188
2282197 2282328
2312358 2312605
2329070 2329163
2339517 2339584
2419659 2419763
2457348 2457714
2472295 2472411
2486804 2486860
2522132 2522295
2532464 2532536
2552761 2552853
2565606 2565704
2593018 2593365
2624523 2625125
2670116 2670247
2682658 2682780
2742925 2742987
2860253 2860336
2935703 2935762
3180767 3180858
