gi|15640032|ref|NC_002505.1|_Vibrio_cholerae_O1_biovar_El_Tor_str._N16961_chromosome_I__complete_sequence
53660 53958
55409 58975
150922 156117
178373 178478
222773 222822
262291 262364
269170 269333
323810 329536
362126 362279
381820 382897
401433 403563
406740 407142
478643 478762
481243 481496
502760 503010
544385 545795
546617 549005
581715 581904
762545 767829
863597 863650
875215 884065
895496 895638
899860 904572
935845 936372
973216 973725
991921 992666
1083636 1083817
1267736 1267806
1293989 1294257
1495948 1496293
1509488 1510297
1548774 1549390
1563875 1564768
1566415 1566812
1571447 1573717
1579192 1585249
1630289 1630369
1736718 1739020
1937556 1938721
1950729 1953780
2331432 2331587
2332088 2332242
2549357 2553344
2584003 2584281
2676284 2681629
2927805 2939182
2945805 2945906
gi|15600771|ref|NC_002506.1|_Vibrio_cholerae_O1_biovar_El_Tor_str._N16961_chromosome_II__complete_sequence
19637 20446
21213 21319
157490 157587
179702 180206
186170 186485
195088 195477
272618 273399
292247 292775
298001 298052
302808 303975
310944 312310
313749 314661
316851 316905
317538 318524
322592 322641
325348 325755
326871 327874
328755 331578
333593 333803
334908 335975
337590 338018
338983 339444
339956 340469
343141 343202
343904 344516
345322 345881
349284 349356
351090 351221
356440 358389
359922 361029
361541 362073
363315 363468
365328 366097
366800 367416
368436 368693
370683 394647
395238 396284
396893 399202
399929 401056
401293 401839
407196 408391
410648 411277
412266 414276
416426 417979
419523 419659
421658 422719
423580 423898
428263 428790
431864 433726
434461 436595
507998 508138
556916 556995
559229 559479
563519 567216
638630 638711
735810 736974
