#Component	1	2	3	4	5	6	7	8	9	10	11	12	13	14	15	16	17	18	19	20	21	22	23	24	25	26	27
#Std. deviation	1.789e+06	9.885e+05	8.098e+05	4.986e+05	2.012e+05	7.968e+04	4.432e+04	3.305e+04	3114	691.1	543.9	237.2	218.5	141.3	64.3	43.31	33.28	18.05	13.84	9.345	5.493	4.836	4.122	3.535	1.805	1.626	0.1648
#Proportion of variance explained	0.6238	0.1903	0.1277	0.04843	0.007885	0.001237	0.0003827	0.0002128	1.889e-06	9.306e-08	5.762e-08	1.096e-08	9.3e-09	3.892e-09	8.054e-10	3.655e-10	2.157e-10	6.35e-11	3.73e-11	1.701e-11	5.877e-12	4.555e-12	3.31e-12	2.434e-12	6.347e-13	5.149e-13	5.29e-15
#Loadings	1	2	3	4	5	6	7	8	9	10	11	12	13	14	15	16	17	18	19	20	21	22	23	24	25	26	27
c2	6.102e-05	1.43e-05	-1.913e-05	-0.0001233	0.0005761	-0.0001509	-0.0001961	-0.0004083	0.003445	-0.01736	0.03468	-0.03605	0.7355	0.05642	0.01507	-0.003352	-0.6284	-0.006805	-0.1842	-0.04603	-0.01497	-0.146	-0.003125	-0.01415	-0.0004564	-0.009043	-0.0004214
c3	-0.05317	-0.05313	-0.03846	0.06758	-0.6638	-0.03404	-0.7039	0.2258	-0.005414	-0.0005913	0.005481	-0.001071	0.0002768	-0.0002263	4.054e-05	7.982e-05	7.935e-05	2.679e-05	0.0001048	-3.333e-05	-1.409e-05	3.941e-06	9.741e-07	2.19e-05	-6.887e-07	-1.774e-06	1.374e-07
c4	-0.01714	-0.178	-0.6877	-0.7003	-0.033	0.05765	0.01648	0.00959	-0.0002457	-0.000243	-2.944e-05	-0.0003696	8.935e-05	-0.000899	0.0001309	-1.676e-05	0.0001477	-1.65e-05	6.761e-06	1.981e-05	-1.432e-05	-5.499e-06	6.076e-06	-8.42e-06	-8.415e-07	1.612e-06	-9.54e-08
c5	-0.02356	-0.03004	-0.009801	0.03617	-0.3075	0.2037	-0.009369	-0.9279	-0.005882	0.002977	-0.00036	-0.0006625	-0.0003177	-0.0006369	-0.0001681	-0.0001256	-0.000228	2.873e-05	-0.0001594	0.0001047	2.801e-05	1.052e-05	9.681e-07	2.095e-06	5.739e-06	6.012e-06	3.042e-07
c6	1.124e-05	5.768e-06	5.073e-07	-1.954e-05	9.929e-05	-1.358e-06	3.176e-05	-0.0001956	0.0008841	-0.003303	0.007595	0.001445	0.09109	0.004282	0.01346	-0.01664	-0.1723	-0.1677	0.9476	0.1533	0.08173	-0.03593	0.04747	-0.0411	-0.002898	0.005701	-0.0001585
c7	2.838e-06	-2.281e-06	2.157e-07	-3.187e-06	2.336e-05	-1.033e-06	7.881e-05	-0.0001323	2.16e-05	5.025e-05	0.007187	-0.01024	0.009002	-0.01121	-0.0008993	-0.006537	0.0265	-0.007203	0.1385	-0.964	0.1743	0.04205	0.1317	-0.003366	0.005053	-0.02773	7.985e-05
c8	-5.153e-06	1.254e-05	-1.81e-05	1.56e-05	1.917e-06	-2.495e-06	1.555e-05	2.038e-05	-5.051e-05	0.0001557	0.0009084	0.00447	0.0004979	-0.00342	0.004764	-0.002252	-0.01265	-0.01036	-0.02856	0.06644	0.05739	-0.03851	0.5838	0.5834	0.05011	0.5531	-0.001008
c9	-2.399e-06	5.003e-06	-6.697e-06	6.032e-06	8.204e-07	-7.603e-06	1.155e-05	1.725e-05	-0.0001336	-8.98e-05	0.001025	0.003002	-0.0002075	-0.004352	0.001143	-0.002069	-0.005948	-0.01142	-0.03122	0.1005	0.1264	0.02779	0.426	0.3297	0.02769	-0.8252	0.001073
c10	-0.1887	0.4791	-0.6677	0.5342	0.04396	-0.0329	0.02435	-0.004926	0.007491	5.411e-05	-0.0007682	9.906e-05	-5.625e-05	0.0004404	-4.635e-05	8.93e-06	-8.288e-05	1.183e-05	-3.011e-06	-1.562e-05	9.99e-06	4.435e-06	-2.18e-05	-1.495e-05	-1.15e-06	-7.79e-06	1.823e-08
c11	-3.617e-06	6.785e-06	-6.814e-06	7.21e-06	1.892e-06	-1.284e-05	-1.884e-05	-1.629e-06	-0.001134	0.001734	0.001038	0.01134	-0.000133	0.005389	0.002279	0.001768	-0.01148	0.05636	-0.02032	0.0273	-0.3638	0.1463	0.6518	-0.644	0.0317	0.03283	-0.0003188
c12	7.933e-05	-7.006e-06	-3.334e-05	-3.938e-05	0.0004296	-0.0004477	-0.0002478	-0.000794	0.001615	-0.009384	0.01297	-0.009944	0.6492	0.1777	-0.05804	0.002444	0.7149	0.01529	0.07002	0.04109	0.005686	0.1574	-0.002417	0.01965	0.0002536	0.00857	0.0004554
c13	0.9327	-0.1769	-0.2099	0.2238	-0.02237	-0.06272	-0.004298	-0.01333	-0.000342	7.879e-05	1.986e-05	0.0004255	-0.0002154	0.0008125	-0.0001188	1.176e-05	-0.0001523	8.434e-06	-1.063e-05	-1.693e-05	1.005e-05	1.731e-06	-4.807e-06	6.591e-06	1.171e-07	-1.958e-06	1.279e-07
c14	-3.847e-06	-7.332e-06	-5.63e-06	2.643e-06	2.138e-05	-1.767e-05	-3.489e-05	8.462e-05	-0.001391	-0.0009927	-0.0009883	-0.006256	-0.0003157	-0.007697	0.0003441	-0.0182	-0.03187	-0.01525	-0.1267	0.1651	0.8905	0.174	0.126	-0.3225	-0.03616	0.1027	-0.002179
c15	-0.2982	-0.8375	-0.1885	0.3951	0.1063	-0.07295	0.0374	0.0004391	0.002382	0.0002454	0.0004767	0.0005547	-0.0001799	0.0009449	-0.0001206	5.426e-06	-0.0001425	2.991e-06	-8.966e-06	-1.495e-05	3.174e-06	5.993e-06	-8.335e-06	7.956e-06	3.052e-07	-2.322e-06	2.348e-07
c16	-0.00184	0.002084	-0.004947	0.00475	0.006448	0.001924	0.004565	0.004728	-0.9909	-0.003916	0.0994	-0.08408	-0.007521	0.03013	0.004653	-0.002642	-0.001067	-0.0006844	0.0004327	0.0009044	-0.001475	-0.0003809	-0.0003962	0.001009	0.0001546	-8.905e-05	2.841e-06
c17	-0.0001023	0.000146	-0.000243	0.0002248	0.0002296	-4.156e-05	-0.0001108	0.0003725	-0.04182	0.02823	0.0162	0.351	0.03659	-0.2965	-0.8833	0.06007	-0.02677	-0.01441	0.003422	0.000545	0.0005242	0.001279	-0.0003451	0.0001128	0.006607	0.002022	-3.52e-05
c18	-0.000192	0.0003088	-0.000435	0.0003358	0.0002933	-1.237e-05	-0.0006049	0.000463	-0.07631	0.1784	0.01719	0.8228	0.09013	-0.2912	0.4359	-0.0123	0.04105	-0.0007054	-0.006473	-0.004918	0.005817	-0.002536	-0.009845	-0.0007543	-0.006202	-0.0002711	4.27e-05
c19	-0.0002409	-0.0007928	-0.0003387	0.0006048	0.001243	0.001604	-0.007626	0.000545	-0.1012	-0.1663	-0.9776	0.02831	0.03854	-0.03209	0.008359	0.04742	-0.009601	0.02036	0.006699	-0.006101	0.002489	-0.006677	0.002696	-0.0002208	-0.0001457	-0.000779	-2.046e-05
c20	-7.922e-06	-3.174e-05	-1.291e-05	3.444e-05	3.591e-05	9.322e-05	-0.0004279	0.0001731	-0.003798	-0.007576	-0.04492	0.01745	-0.0001233	-0.006367	-0.06053	-0.994	-0.002259	0.07357	-0.001423	0.001813	-0.01707	0.008047	-0.00733	0.007945	0.002581	-0.001143	-0.0003108
c21	-1.486e-05	-1.717e-05	-3.676e-05	-0.0002528	-0.0006606	-0.0003832	-0.0001615	0.003421	-0.006081	0.9689	-0.1708	-0.1565	0.008273	0.06225	-0.05397	0.0005314	-0.014	-0.0005097	0.002052	6.293e-05	0.001126	0.0003244	-0.0002005	0.0003425	0.02157	-0.0003136	-4.533e-05
c22	-3.355e-07	-2.663e-07	-3.104e-07	-4.729e-06	-1.315e-05	-9.653e-06	4.383e-07	6.73e-05	-8.49e-05	0.02012	-0.003517	-0.005364	-0.0002975	0.0008105	-0.00932	-0.001176	-0.004041	0.003777	0.0004493	-0.004207	-0.03907	0.01651	0.05553	0.03322	-0.9967	0.002477	0.001356
c23	1.673e-06	1.674e-05	2.737e-06	-2.736e-05	-2.054e-05	-8.131e-05	0.0002729	-2.505e-06	0.001255	0.004198	0.0252	-0.0001057	0.012	-0.01362	-0.003075	0.07154	-0.05669	0.979	0.1601	0.02117	0.04635	0.04009	-0.02189	0.04346	0.002924	-0.002079	0.003406
c24	8.647e-09	1.148e-08	1.507e-08	1.354e-07	-1.691e-07	6.151e-07	-4.807e-07	7.315e-07	-2.311e-06	-1.838e-06	-9.526e-05	-5.777e-05	-4.181e-05	-4.222e-06	-6.673e-05	-0.0006257	0.0004681	-0.003107	-0.0008352	0.000331	0.002158	-0.004211	0.001135	-0.001625	0.001206	0.001579	1
c25	-0.0005655	0.0006816	-4.506e-05	-0.001543	-0.0004694	-4.597e-05	-0.0009819	-0.00066	-0.009195	-0.002982	-0.0205	0.4067	-0.134	0.8864	-0.1378	0.01149	-0.1032	0.007441	-0.004606	-0.0176	0.01236	0.001718	-0.002867	0.00644	-2.619e-05	-0.001689	8.806e-05
c26	-0.04186	0.03119	0.01153	-0.07327	-0.2965	-0.9016	0.2825	-0.1054	-0.003532	-0.0007834	-0.00367	0.0001223	2.258e-05	-0.0003348	0.0001152	-6.028e-05	-0.0002586	-6.91e-05	-3.27e-05	-8.813e-06	-1.344e-05	-9.583e-06	-1.205e-05	-8.428e-07	1.976e-06	2.172e-06	2.215e-07
c27	-0.008901	-0.03799	0.005127	0.08204	-0.6017	0.3616	0.6498	0.2768	0.0008503	-0.0018	-0.004721	0.001076	0.001149	0.0003799	3.904e-05	1.847e-05	6.851e-05	-4.048e-05	2.368e-05	-2.92e-05	2.429e-05	-3.158e-06	1.05e-05	-3.087e-05	-4.663e-06	-7.169e-07	-7.997e-07
c28	-3.145e-06	1.657e-06	1.437e-07	-1.424e-05	2.983e-05	6.274e-05	-3.343e-05	6.59e-05	-0.0005333	-0.002849	-0.004175	-0.002745	0.008808	-0.02124	0.01578	0.007417	-0.2136	-0.05769	0.009212	-0.0009722	-0.118	0.946	-0.1168	0.1636	0.01975	0.02148	0.004513
#Scores	1	2	3	4	5	6	7	8	9	10	11	12	13	14	15	16	17	18	19	20	21	22	23	24	25	26	27
1	-3.241e+06	-2.691e+06	-3.64e+05	3.825e+05	2.678e+04	2.488e+04	-1.127e+05	1.986e+04	5423	143.9	1597	-2.375	-69.76	69.56	23.3	9.007	27.48	-13.45	22.77	-7.51	-6.659	4.103	-2.466	2.737	-0.2699	-0.376	0.05527
2	-3.031e+06	-2.592e+06	-4.195e+05	3.62e+05	-6.862e+04	4.686e+04	-1.316e+05	3654	583.4	-125.8	900.2	-129.5	56.13	3.654	20.52	31.21	9.221	9.229	24.77	-11.96	-8.662	-8.039	-0.5612	7.457	-0.1378	-2.313	0.03
3	-3.075e+06	-2.575e+06	-3.572e+05	3.532e+05	2.459e+05	4.232e+04	1.441e+05	-6.781e+04	5963	321.8	-1281	383.4	-49.02	157.5	-6.073	-22.15	-16.15	-2.468	-15.45	-0.1808	0.945	-0.993	0.8911	-5.584	0.2276	-0.6096	-0.04654
4	-3.487e+06	-2.869e+06	-3.5e+05	5.604e+05	-7.983e+05	3.366e+05	-5.87e+04	-2.571e+05	-195.9	365.4	395.8	-197.5	562.9	-170.3	-27.11	-0.6854	-31.62	12.65	-0.4601	13.88	7.378	1.197	6.312	2.643	0.4959	-0.8361	-0.1824
5	-1.859e+06	-1.718e+06	-3.555e+05	2.187e+05	3.343e+05	-4.163e+04	4.932e+04	1.23e+04	-9900	-175.4	-464.2	-2.686	-206.6	30.25	-10.84	-1.94	-23.79	-5.714	9.899	-1.818	5.516	-3.499	-5.69	-0.4353	-0.4395	-0.07914	0.004465
6	-3.276e+06	-2.657e+06	-2.903e+05	4.144e+05	1.562e+05	3.388e+04	2.98e+04	-2.914e+04	4833	-9.879	-604	213.1	-83.29	103	19.17	24.02	-0.3661	8.161	13.58	-8.31	-7.331	-4.56	-1.7	1.998	0.05384	-1.601	-0.01259
7	-3.372e+06	-2.732e+06	-3.249e+05	4.267e+05	-4.96e+04	1.069e+05	2.465e+04	-8.553e+04	4221	191.4	-234.9	134.2	66.84	42.09	6.341	9.544	-2.324	3.295	3.96	-0.8848	-4.53	-3.113	0.3591	1.759	0.2268	-1.394	-0.03325
8	-3.219e+06	-2.625e+06	-2.923e+05	4.058e+05	1.588e+05	-2680	-5.977e+04	2.852e+04	5023	-90.22	342.5	109.4	-115	116.6	34.18	42.17	12.31	3.024	24.97	-12.51	-1.479	-2.068	-1.172	1.113	-0.5551	-0.7264	0.004202
9	1.271e+06	-1.422e+06	-1.298e+06	-3.355e+05	9.312e+04	-5.242e+04	-6.372e+04	1.67e+04	1203	-536.2	-1246	196.6	-144.3	-41.35	16.72	-48.7	-40.69	-6.99	-14.09	11.52	2.424	7.854	5.037	0.3003	-1.007	0.2709	0.01657
10	-2.164e+06	6.012e+05	1.098e+05	-1.525e+06	-2.693e+05	-5.243e+04	-5.651e+04	2426	-2728	4952	-809.3	1332	104.1	-208	440.1	-14.39	63.89	-15.65	5.082	-5.675	10.33	-4.831	-8.319	-3.169	3.37	0.7123	0.01111
11	-6.694e+04	-1.3e+06	-3.911e+05	2.157e+05	8.373e+04	-3.729e+04	-1.416e+05	2.616e+04	2150	-339	-676.9	60.06	-231.5	-33.68	6.328	-131.4	-28.51	16.78	5.276	5.462	3.627	2.889	-1.398	0.6159	-0.4543	0.5387	0.02654
12	-2.157e+06	7.583e+05	-1.044e+05	-1.401e+06	-1.201e+05	1.157e+05	3.79e+04	-3.598e+04	1034	-571.2	-599.5	304.3	-239.6	527.5	-129.2	-1.196	52.53	2.809	-4.919	9.904	9.731	-0.1623	-1.766	-1.586	-1.028	-1.085	-0.02143
13	6.96e+05	-1.573e+06	-1.145e+06	-1.975e+05	-3.393e+04	-5.752e+04	-2.422e+05	8.187e+04	-921.8	-370.8	508	-223.4	244.3	32.9	4.187	59.05	-37.66	-4.964	-27.47	3.105	19.45	-1.077	2.19	-4.111	-1.553	1.909	-0.09987
14	-2.177e+06	8.619e+05	-1.969e+05	-1.334e+06	-1.328e+05	4.088e+04	-7154	-5115	1812	-508.7	-469.6	181.9	-216	568.1	-129	4.952	5.382	2.468	-4.974	1.752	6.996	-5.432	2.051	-3.435	-0.1213	-2.736	-0.006725
15	-1.821e+05	-2.05e+06	-1.117e+06	-5.684e+04	8.353e+04	-2.954e+04	-7.602e+04	3.233e+04	3479	-296.4	90.4	218.9	-230.7	55.42	18.71	-68.42	-29.18	-15.41	-10.72	13.2	5.878	0.2994	2.327	-2.959	-1.459	0.9878	0.04539
16	-2.334e+06	6.441e+05	-9.709e+04	-1.399e+06	-7.346e+05	-2.743e+05	-5.489e+04	-7243	-4151	-1300	-473	42.74	95.14	227.5	-80.54	1.056	-35.93	-23.73	16.18	-6.962	-0.3096	-8.764	2.947	5.738	-0.1822	-1.682	0.03138
17	2.279e+06	-6.113e+05	-1.017e+06	-3.637e+05	9.692e+04	-4.531e+04	-2.329e+04	-1.865e+04	-682.5	-688.7	-2957	124.2	111.3	-104.7	26.73	66.07	-32.32	-1.468	-10.99	11.19	-3.176	32.48	-0.5999	3.741	-0.4343	0.4776	-0.0615
18	-2.053e+06	6.416e+05	1.46e+05	-1.552e+06	1.286e+05	1.927e+05	1.017e+04	3.107e+04	855	-526.7	11.99	290.5	-128.1	359.9	-71.21	3.119	-47.83	-7.636	-0.1573	9.418	0.701	1.36	-3.208	4.608	-0.9138	0.4379	0.04628
19	1.21e+06	-1.292e+06	-1.117e+06	-2.497e+05	7.436e+04	-4.484e+04	-7.14e+04	7017	1004	-587.4	-1806	134.6	-202.8	-91.98	36.2	42.4	-33.73	2.774	-4.908	6.827	-2.734	0.5846	2.726	-0.1033	-1.021	-0.6652	-0.1217
20	-2.022e+06	6.655e+05	1.484e+05	-1.522e+06	-5.598e+05	-1.516e+05	-6.325e+04	-5.376e+04	-5354	-933.4	-204.3	55.92	-21.65	109.3	-39.89	-6.708	11.93	-14.34	2.322	4.435	-9.783	-7.796	6.64	-1.983	-0.2429	2.399	0.02504
21	-6.593e+05	-2.388e+06	-1.203e+06	-2.902e+04	1.073e+05	-4.313e+04	-1.105e+05	4.997e+04	4304	726	1089	20.62	-189.5	138.5	-35.46	-65.6	-31.75	-29.66	-12.67	16.47	4.641	3.872	1.582	0.05124	2.363	0.1423	0.1269
22	-2.235e+06	5.422e+05	1.218e+05	-1.54e+06	-1.582e+05	1.207e+04	-3.502e+04	1.151e+04	-1987	-489.1	110.2	342.8	-179.5	298.7	-6.433	-0.4041	54.29	-6.365	5.797	5.33	-2.738	-4.878	4.401	4.119	-1.007	1.28	0.0435
23	1.026e+06	-8.511e+05	-5.544e+05	-7566	8.337e+04	-4.721e+04	-1.035e+05	1.246e+04	399.9	-475.8	-1433	20.99	-167.7	-69.08	28.59	52	-28.08	-1.44	-0.03125	5.727	-3.729	11.88	-1.208	3.579	-0.3764	0.01552	-0.1051
24	-1.984e+06	7.304e+05	1.415e+05	-1.489e+06	1.399e+05	2.01e+05	1.305e+04	2.803e+04	1035	-473.2	-58.74	400.5	-92.69	281.2	-50.08	3.63	-37.02	-6.882	-1.074	8.7	-8.17	4.879	-1.098	2.104	-0.8405	-0.6083	0.06346
25	1.998e+06	-5.659e+05	-9.041e+05	-3.154e+05	-4.053e+05	6.777e+04	3.05e+04	6.294e+04	-1479	4685	-577.9	-685	-98.11	231.9	-230.1	18.61	-62.44	5.824	17.65	14.59	-3.46	2.056	2.379	1.142	14.7	-1.098	-0.09671
26	1.834e+06	-6.8e+05	-9.304e+05	-3.283e+05	-1.766e+05	9861	4.863e+04	-4.484e+04	-354.6	-166.8	288.1	118.6	-417.6	-106	19.41	-2.563	-20.08	9.762	-16.93	28.69	-8.457	-0.9432	-5.291	-0.7625	-0.5751	0.7417	0.1314
27	1.73e+06	-7.396e+05	-9.267e+05	-3.023e+05	-2.209e+05	1.813e+04	4.952e+04	1.91e+04	-143.9	-210.8	349.4	125.9	-256.5	-31.94	17.03	7.215	-9.846	7.89	-9.916	21.29	-8.316	-0.9893	-2.797	-3.804	-0.4897	0.5667	0.03773
28	1.688e+06	-8.021e+05	-9.584e+05	-2.374e+05	-8.385e+05	1.846e+05	2.754e+04	1.261e+05	-2991	-1092	648.4	142.4	274.6	-103.9	19.15	12.03	34.89	6.563	28.12	5.254	-3.353	1.425	-0.3672	-4.821	-2.561	-0.02763	-0.1824
29	2.544e+06	-2.571e+05	-8.943e+05	-4.268e+05	-1.011e+04	-3.787e+04	2.545e+04	-6539	-394.6	-256.8	59.17	150.6	-220.2	-53.5	33.6	2.452	-8.412	6.855	-1.698	29.13	-6.367	-5.693	-4.332	-1.523	-1.146	0.6028	0.03903
30	2.603e+06	-2.387e+05	-8.923e+05	-3.465e+05	-7.211e+05	1.734e+05	-8468	3.914e+04	-4215	-798.3	309.1	7.611	34.95	-186.2	45.91	26.27	10.05	14.99	6.6	12.4	-3.785	-3.457	0.3361	-2.552	-2.009	-0.1539	-0.2307
31	1.879e+06	-6.422e+05	-9.133e+05	-3.154e+05	-2.871e+05	2115	5.004e+04	4.371e+04	-720.8	-330	201	199	-216.4	-74.62	61.64	8.23	-4.42	5.352	0.7447	17.16	-8.066	-1.862	-3.935	-3.134	-1.157	0.34	0.07161
32	2.55e+06	-2.085e+05	-8.493e+05	-4.012e+05	1.457e+04	-2.122e+04	1.629e+04	-1.113e+04	-283.9	-209.8	115.6	93.02	-223.7	-41.97	12.6	4.657	-5.298	7.006	-2.252	29.37	-13.18	-5.538	-2.425	0.5038	-0.4169	-0.3146	0.02694
33	-3.033e+06	2.692e+06	-4.786e+06	4.07e+05	1.254e+04	5.146e+04	6.066e+04	3.76e+04	1.143e+04	-264.1	-1059	-457.1	41.45	-551	13.77	-3.58	66.28	-14.51	11.96	5.791	2.205	-6.399	13.22	-3.242	1.681	-1.376	0.1424
34	-2.642e+06	2.228e+06	-2.197e+06	5.68e+05	4.541e+04	8877	-1.758e+04	1.401e+04	-2395	170.1	414.7	1455	113.7	-783.4	-497.3	28.69	22.13	-23.96	0.229	-4.923	7.82	-1.67	-9.596	7.58	-0.02592	-2.445	-0.01519
35	-2.791e+06	2.472e+06	-2.725e+06	8.487e+05	2.761e+04	7626	1.932e+04	-9746	1757	48.38	-219.2	-178.7	-0.9382	332	65.26	-3.928	-31.91	2.616	-8.986	-4.945	7.228	0.6111	-1.986	1.764	-0.4497	2.655	-0.04881
36	-2.82e+06	2.47e+06	-2.711e+06	7.662e+05	-8673	3.368e+04	2.345e+04	-2.097e+04	425.6	-77.27	-163.3	-259	-50.36	194	191.6	-11.98	-13.08	1.651	-2.803	-1.33	-1.817	-4.705	2.163	7.647	-0.9824	1.859	-0.02639
37	-2.345e+06	1.429e+06	-1.275e+06	-1.346e+05	1.749e+05	6.195e+04	2.821e+04	1.831e+04	-1.033e+04	-146.5	950	-416.7	-15.1	-155.5	158.9	-24.32	23.08	-23.83	-7.583	23.78	7.675	5.843	11.37	4.328	-0.7897	-10.31	-0.03622
38	-2.727e+06	2.27e+06	-2.382e+06	6.734e+05	2.394e+04	1.161e+04	-8369	-3582	-907.1	-105.9	229.9	-343.7	-53	257.2	105.6	-6.508	-11.3	0.3713	-0.1263	-2.417	-3.232	0.589	-10.32	-1.403	-1.098	-3.522	-0.01069
39	-2.768e+06	2.377e+06	-2.563e+06	7.49e+05	-1.065e+05	2.706e+04	-8.266e+04	1.164e+04	-743.7	269.9	625.4	-417.4	5.654	187.5	7.622	7.124	2.173	4.299	14.85	-7.181	-5.095	0.3065	-8.178	0.3173	0.5312	7.342	-0.0378
40	-2.702e+06	2.283e+06	-2.345e+06	6.347e+05	7.779e+04	2.178e+04	6.36e+04	-2.246e+04	-720.1	-64.8	-330.7	-176.2	-57.16	198.9	42.43	-11.41	-4.33	-4.13	-7.758	1.308	-4.333	-0.2971	-8.118	-0.3046	-0.4078	3.586	-0.03904
41	1.828e+06	-2926	-1.7e+05	-1.065e+04	1.015e+05	-2.932e+04	1.077e+04	-9769	522.2	-31.73	170.3	47.69	58.42	40.96	1.933	5.227	16.67	10.76	19.29	1.615	-0.004432	1.218	-0.4624	0.7334	-0.02694	-0.1129	0.09423
42	1.962e+06	9.699e+04	-1.396e+05	-1.257e+04	7.555e+04	-2.973e+04	5898	-1.745e+04	85.05	-42.42	84.57	36.34	-126.5	0.3981	4.991	6.34	11.98	16.39	5.891	-2.832	-3.287	1.28	-1.337	2.688	0.2823	-0.4627	0.02666
43	1.674e+06	1.884e+05	1.208e+05	1.241e+05	1.387e+05	-3.181e+04	1868	-2.149e+04	547.7	56.94	127.8	11.81	76.38	55.68	-2.265	7.45	10.51	10.63	27.71	3.344	1.786	1.77	-0.3358	1.269	0.3217	0.03978	0.04335
44	1.482e+06	2.243e+05	3.301e+05	2.967e+05	4.17e+04	1.007e+04	-8856	-3450	265.1	221.5	206.2	-19.78	-318.7	25.99	-3.522	9.381	11.32	-70.49	-11.15	-11.77	-2.606	0.4796	0.8437	-1.252	-0.5365	-0.01332	0.03318
45	1.932e+06	8.212e+04	-1.336e+05	3230	3.614e+04	-411.9	-1022	7674	54.21	101.8	166.7	-22.28	266.4	57.32	-11.34	9.696	14.25	12.57	-18.99	-7.583	-4.107	-2.219	-1.263	2.046	-0.2706	-0.9124	-0.02609
46	1.978e+06	2.442e+04	-2.312e+05	-5.625e+04	9.024e+04	-1.463e+04	4255	-1.105e+04	298	60.8	170.4	-11.31	291.1	20.31	-1.493	5.45	-19.98	12.27	-18.75	-2.39	0.2849	-9.77	-0.4232	-1.288	-0.2972	-0.5575	0.1026
47	1.108e+06	-3.577e+05	-1.149e+05	1.569e+05	-2.595e+05	6.033e+04	2.509e+04	-1.084e+04	-554.2	-187.7	342.4	31.99	-123.4	-37.91	15.27	13.25	2.659	20.43	-4.248	-10.58	2.523	5.224	-0.8753	0.3715	-0.1525	-0.06089	-0.04251
48	1.107e+06	-2.339e+05	7.273e+04	2.657e+05	-8.297e+04	6.084e+04	9185	-3.41e+04	342.4	23.89	147.5	47.02	-319.6	-25.29	3.206	-72.36	1.827	-57.62	-18.44	-10.49	-3.038	0.4611	0.7269	-1.908	0.2677	-0.1929	0.1238
49	1.66e+06	1.772e+05	1.213e+05	1.341e+05	9.628e+04	-2.23e+04	1288	-4729	417.6	-23.41	152.4	14.72	184.2	78.03	-2.454	10.61	22.3	9.495	12.2	-0.973	1.321	2.279	-0.7015	1.262	0.1155	-0.04922	-0.01335
50	1.957e+06	4.592e+04	-1.914e+05	-3.738e+04	1.222e+05	-3.563e+04	4273	-1.902e+04	413	-13.83	171.6	22.64	445.3	98.65	-11.11	2.982	25.56	5.257	29.84	9.099	3.951	2.658	0.6127	-0.4618	-0.2464	0.3406	0.04912
51	1.913e+06	1.206e+05	-8.4e+04	1.476e+04	1.217e+05	-3.218e+04	-11.87	-2.051e+04	302.8	16.97	129.6	89.2	310.2	24.06	-41.03	-55.68	18.25	9.581	14.59	3.186	-4.107	0.5741	-1.279	1.941	0.4061	-0.4044	-0.002095
52	1.953e+06	6.797e+04	-1.627e+05	-1.311e+04	1.65e+04	-2.01e+04	6775	-7071	-152.5	-115.8	99.14	28.86	-117.2	-15.68	11.64	10.81	9.152	16.04	-10.74	-7.508	-2.07	0.731	-1.38	1.752	0.06539	-0.3798	-0.002118
53	1.817e+06	-9.166e+04	-2.537e+05	-1.189e+04	-2.214e+05	-1.131e+04	2.251e+04	3.935e+04	-1026	220.7	-62.73	-56.92	-136.3	-18.09	-5.8	16.59	-1.697	14.18	4.114	-16.46	-0.4634	2.551	0.03716	1.057	-0.4462	-0.5653	-0.01302
54	1.426e+06	-2.691e+05	-2.118e+05	5.987e+04	-1.792e+05	2.302e+04	2.452e+04	3916	-341.1	225.7	201.2	-18	-228.3	-23.62	-3.191	11.17	-5.621	16.8	-0.2171	-10.69	3.011	3.891	-0.2036	-0.09178	-0.3724	-0.02444	0.01989
55	1.939e+06	1.077e+05	-1.147e+05	-706.6	9.712e+04	-3.03e+04	4685	-1.54e+04	221.2	-34.24	104.6	27.42	142.6	48.95	-2.54	5.927	20.78	11.82	11.2	0.5298	-3.009	1.192	-1.034	2.425	0.1733	-0.4635	0.0225
56	1.945e+06	1.037e+05	-1.236e+05	-5324	7.071e+04	-4.415e+04	1.037e+04	-2.12e+04	21.12	-44.85	19.6	37.21	-195.4	-19.16	8.784	5.368	3.266	16.6	2.141	-3.976	-3.674	0.6406	-1.696	2.757	0.3766	-0.4488	0.03035
57	1.954e+06	5.738e+04	-1.744e+05	-2.432e+04	8.865e+04	-3.038e+04	7194	-1.137e+04	163.8	-63.02	41.94	38.97	52.5	42.76	1.238	9.075	10.07	7.735	18.35	0.5495	1.54	-0.3135	0.2362	0.1748	-0.09225	-0.09976	0.1527
58	1.977e+06	9.268e+04	-1.434e+05	-7860	7.716e+04	-2.53e+04	4137	-1.701e+04	73.05	-41.85	79.85	37.58	-136.1	15.37	4.922	10.44	3.814	12.6	4.688	-3.715	-3.274	-0.6335	-1.096	2.4	0.2479	-0.6137	0.008985
59	1.781e+06	1.846e+05	1.015e+05	1.413e+05	1.354e+05	-3.388e+04	-355.9	-2.255e+04	478.5	62.88	124.4	28.39	76.35	73.53	-9.037	-16.69	21.05	-58.64	17.03	1.552	-4.164	1.239	0.5302	-0.2714	0.2748	-0.05644	-0.2193
60	1.949e+06	7.39e+04	-1.39e+05	1.001e+04	3.62e+04	-2287	-852.2	7379	-52.21	81.58	46.8	-18.98	266	72.44	-11.41	14.54	10.18	0.908	-21.52	-7.777	1.761	-2.47	0.1462	-0.6428	-0.5661	-0.3201	-0.06959
61	2.028e+06	4.257e+04	-2.345e+05	-5.949e+04	8.184e+04	-2.79e+04	6920	-1.313e+04	15.99	24.03	-19.49	14.37	315.7	55.65	-8.666	3.198	-0.8784	15.59	-15.65	-2.658	-0.04188	-4.315	-0.1059	-0.3611	-0.2079	-0.4325	0.1435
62	1.654e+06	-8.322e+04	-1.295e+05	9.138e+04	-3.096e+05	7.814e+04	2608	-1.524e+04	-1646	-245	189.6	-11.02	-148.1	-90.67	10.69	7.349	-7.07	9.921	-8.027	-12.02	6.644	1.386	1.277	-1.624	-0.358	0.1577	-0.1148
63	1.549e+06	5.256e+04	7.895e+04	1.767e+05	-1.455e+05	3.616e+04	2686	-4.275e+04	-937	-35.25	83.72	-10.36	-340.6	-77.08	7.478	4.881	-13.32	-6.174	-11.24	-9.464	1.446	0.8114	0.05562	0.3302	0.3445	-0.03551	-0.08799
64	1.741e+06	1.908e+05	1.114e+05	1.388e+05	9.336e+04	-1.786e+04	-2396	-4958	341.8	-19.55	165.4	18.45	173.8	89.94	-4.795	9.419	18.79	-19.26	7.421	-2.753	-3.199	-0.2951	-0.4654	1.249	0.155	-0.4803	-0.1134
65	1.993e+06	5.827e+04	-1.941e+05	-3.876e+04	1.19e+05	-3.67e+04	3527	-1.952e+04	288.6	-25.57	110.3	31.92	440.5	110	-15.37	0.5665	19.02	6.108	29.34	8.528	6.053	1.932	0.9132	-1.025	-0.3073	0.4379	0.07601
66	1.943e+06	1.12e+05	-9.165e+04	2.364e+04	1.218e+05	-3.296e+04	-525.5	-2.077e+04	297.2	1.217	104.6	17.93	299.2	95.73	-8.872	8.183	18.55	-16.36	11.42	2.549	-2.818	0.1467	-0.1426	1.114	0.06627	-0.3751	-0.05751
67	1.937e+06	4.485e+04	-1.666e+05	-2645	2.322e+04	-1.115e+04	4582	-5716	-104.1	-110.8	96.25	40.3	-126.2	3.891	7.906	10.66	0.6314	9.373	-12.48	-8.559	-1.468	-1.516	-0.986	1.051	-0.006096	-0.4917	-0.02353
68	2.025e+06	9367	-2.638e+05	-2.871e+04	-2.24e+05	4.289e+04	-782.2	4.325e+04	-1245	237.1	53.84	-81.21	-153.8	-5.28	-12.34	24.08	0.6592	17.43	4.593	-17.11	1.674	0.2851	2.328	1.52	-0.5333	-1.1	-0.03001
69	1.807e+06	-7.609e+04	-2.215e+05	1.428e+04	-2.096e+05	5.002e+04	4261	2534	-1076	196.4	151.3	-48.97	-247.4	-38	-8.968	13.26	-9.462	19.07	-0.7987	-11.66	6.419	1.82	1.272	-0.8424	-0.5178	0.01552	-0.01418
70	1.956e+06	1.033e+05	-1.187e+05	3890	9.7e+04	-3.114e+04	4539	-1.56e+04	217.8	-33.58	102.3	33.84	135.1	69.57	-3.631	8.503	14.97	5.688	9.745	-0.1805	-3.052	0.3061	-0.9262	2.207	0.1467	-0.5368	0.005587
71	1.96e+06	9.468e+04	-1.287e+05	2783	7.775e+04	-2.51e+04	4062	-1.902e+04	94.21	-27.82	89.28	40.79	-205.8	8.251	5.658	9.487	0.3346	7.578	0.3353	-4.643	-2.798	-0.7549	-1.071	1.966	0.2563	-0.5073	-0.008221
72	-1.002e+06	5.58e+05	4.727e+05	-7.077e+05	1.815e+05	1.04e+05	5382	1.275e+04	1102	-231.1	108.3	-167	85.26	-82.62	3.748	-0.6803	-59.94	-4.847	14.02	-7.127	-4.075	4.233	-0.399	2.015	0.7786	0.1332	0.03911
73	-8.74e+05	6.376e+05	4.985e+05	-6.998e+05	1.565e+05	1.032e+05	3210	5917	847	-235.3	14.22	-104.6	-48.49	-41.04	4.066	1.139	-5.996	3.304	6.239	-10.15	-6.663	1.922	0.192	3.571	0.6935	-0.2599	0.01068
74	-1.206e+06	6.969e+05	7.576e+05	-5.502e+05	2.196e+05	1.255e+05	7619	9826	1047	-139	92.35	-155.1	117.5	-148.8	32.18	-1.463	-83.67	-6.497	19.47	-4.344	4.04	14.32	0.1973	-1.444	0.6264	1.452	0.04317
75	-1.513e+06	7.242e+05	9.605e+05	-3.764e+05	1.34e+05	5.77e+04	-6604	3352	1052	35.82	30.04	-179.6	-206.8	47.21	-26.39	3.898	45.77	9.202	8.895	-12.14	2.481	5.811	2.427	5.098	0.3488	0.2157	-0.0214
76	-1.058e+06	5.772e+05	5.168e+05	-6.874e+05	1.36e+05	6.733e+04	-9330	1.562e+04	462.2	-41.24	136	-144.8	309.2	-35.26	18.91	-0.3157	-20.93	2.09	-22.62	-11.96	2.999	-1.582	-0.2654	-0.1074	-0.4372	0.7508	-0.02031
77	-1.007e+06	5.049e+05	4.152e+05	-7.341e+05	1.805e+05	1.045e+05	9693	1.214e+04	257.9	-88.09	174.5	20.97	401	-116	-5.551	-2.219	-31.91	-3.442	-19.62	-7.759	3.51	2.993	-2.274	-0.7982	-0.4548	1.081	0.007554
78	-1.858e+06	1.596e+05	5.359e+05	-5.567e+05	-1.764e+05	-7.587e+04	2.347e+04	-4.439e+04	-2717	-363.5	128.2	-258.9	-80.21	-16.03	29.79	-14.01	29.95	-1.996	-4.08	-8.618	3.685	0.05508	0.302	1.187	0.4696	2.126	0.009487
79	-1.921e+06	3.391e+05	7.348e+05	-4.607e+05	-3.654e+04	1.867e+04	4.634e+04	-3.61e+04	583.4	-227.8	-149	-94.63	-160.6	35.07	-19.07	-7.354	68.09	6.006	1.876	-7.917	5.84	5.117	1.739	1.866	0.7772	1.405	-0.01722
80	-1.062e+06	6.81e+05	7.292e+05	-5.194e+05	1.813e+05	8.547e+04	-7115	1.177e+04	1138	-192.1	113.7	-205.7	178.5	-69.47	6.035	1.249	-75.44	-6.136	4.569	-9.734	-4.399	7.233	-1.651	3.222	1.114	0.155	0.02117
81	-9.83e+05	5.491e+05	4.541e+05	-7.175e+05	2.085e+05	1.255e+05	8886	1.276e+04	1478	-202.1	131.8	-173.3	373	-228.2	48.59	-4.629	-199.1	-16.36	9.451	-6.404	-3.507	-6.021	-1.327	-2.316	0.4561	-0.3619	0.02159
82	-9.449e+05	6.501e+05	5.55e+05	-6.678e+05	1.976e+05	1.209e+05	6296	9971	447.7	-101.2	116.5	317.9	373.9	-355.1	75.87	-3.155	-84.65	-10.62	3.014	-8.668	-4.166	4.069	-4.134	-1.491	-1.048	0.3794	0.04224
83	-9.926e+05	5.673e+05	4.818e+05	-6.979e+05	1.133e+05	7.057e+04	-904.6	5945	675.2	-276.8	56.77	-114.7	-37.51	-51.17	-10.45	0.9799	15.66	5.846	-9.252	-11.38	-1.171	-3.412	4.743	-2.873	0.4983	0.7636	-0.03449
84	-1.516e+06	2.901e+05	3.59e+05	-6.419e+05	-5.923e+04	-6.248e+04	-6395	1.592e+04	493	191.3	24.59	-265.1	-112.6	13.19	-34.03	-0.2707	29.9	-0.08679	5.809	-15.99	-0.2515	-1.425	1.291	1.871	0.3681	0.1913	0.008748
85	-1.545e+06	2.377e+05	4.373e+05	-6.449e+05	-7.4e+04	-4.376e+04	3684	-2.07e+04	-247.5	103	47.32	-192.2	-169.3	-12.32	-10.54	-6.297	45.61	1.511	2.943	-10.2	3.98	3.336	2.287	0.6657	0.1531	1.831	0.01205
86	-8.808e+05	6.448e+05	5.198e+05	-6.833e+05	1.773e+05	1.091e+05	2606	9556	769.3	-225.1	63.69	-169.3	156.1	-124.7	24.53	-0.9454	-79.39	-3.971	3.239	-9.246	-8.483	-2.134	0.07886	1.262	0.7762	-0.495	0.002553
87	-9.03e+05	6.742e+05	4.661e+05	-6.512e+05	1.564e+05	1.031e+05	8722	5187	1167	-213.7	-53.44	-7.822	-81.34	-20.59	32.73	0.9715	17.73	6.203	5.006	-10.93	-5.186	3.562	2.338	-0.04578	0.2	-0.6634	-0.002164
88	1.006e+06	1.179e+05	-2824	-1.857e+05	1.417e+05	-6452	-1217	-9599	807.2	-40.76	258.6	-53.11	30.22	-46.14	11.04	3.095	-20.88	3.684	14.07	1.007	3.851	-6.149	2.397	-2.255	0.04157	0.1263	0.01649
89	1.214e+06	2.397e+05	2.845e+04	-1.962e+05	9.541e+04	-2.554e+04	5834	-1.766e+04	121.6	-96.75	18.66	-36.66	-124	-52.66	9.634	3.862	-6.449	8.41	3.609	-4.546	-5.453	-4.246	-0.2414	1.667	0.51	-0.4397	0.003555
90	8.831e+05	2.949e+05	2.828e+05	-4.184e+04	1.662e+05	-6997	3243	-1.67e+04	500.7	24.05	116.9	-2.936	77.78	-51.44	13.45	1.118	-24.62	2.273	22.62	2.096	6.569	-2.533	1.518	-1.688	0.1093	0.4753	-0.01997
91	5.207e+05	3.803e+05	4.67e+05	1.419e+05	6.885e+04	-2.762e+04	4048	-8989	966.4	153.1	-28.73	-87.01	-291.2	2.048	-1.442	8.864	2.152	13.69	2.762	-10.15	3.683	2.628	0.09809	1.677	-0.0223	-0.6083	-0.007965
92	9.622e+05	1.324e+05	4.043e+04	-1.61e+05	1.011e+05	-8324	-2.042e+04	-653.8	212.7	146.3	359.7	-89.36	237.8	-3.571	-23.76	5.099	-2.808	12.75	-21.87	-5.484	3.827	-4.437	0.7568	-0.2497	-0.1881	0.1204	-0.013
93	1.135e+06	1.599e+05	-8.811e+04	-2.123e+05	1.231e+05	-1.646e+04	3493	-1.288e+04	450.4	27.66	123	-51.97	328.3	22.19	-22.99	1.713	1.373	9.143	-17.19	-0.3749	7.08	-1.066	2.509	-0.486	-0.03065	-0.235	0.01025
94	2.58e+05	-2.431e+05	6.151e+04	-3.17e+04	-2.566e+05	-2.905e+04	5.058e+04	-2.302e+04	-1221	-298.4	37.95	-60.69	-107	-63.54	25.48	3.125	-14.48	8.072	-7.61	-9.836	5.584	1.062	0.843	-1.076	0.1249	0.7469	-0.04458
95	7.011e+04	-1.338e+05	2.769e+05	5.704e+04	-1.042e+05	-6.706e+04	7.209e+04	-4.299e+04	136	-122.4	-187.8	24.5	-253.5	-53.24	16.42	-3.873	-9.319	8.796	-6.844	-7.112	1.829	4.16	-0.1878	0.0804	0.7603	0.7562	0.01942
96	8.786e+05	2.7e+05	2.806e+05	-2.829e+04	1.406e+05	-9570	-1.43e+04	-7634	730.4	-12.27	277.6	-75.27	146.3	-3.768	4.259	5.721	-15.2	2.546	6.64	-1.235	5.628	-3.5	1.06	-2.356	0.1315	0.6666	-0.04508
97	1.133e+06	1.611e+05	-1.81e+04	-2.162e+05	1.478e+05	-1.615e+04	7448	-1.486e+04	697.5	-63.45	138.1	-59.96	409.2	-14.56	6.298	0.1583	-47.61	-3.047	21.58	6.1	7.01	-8.854	2.397	-5.266	-0.2502	0.6248	-0.01343
98	1.113e+06	2.496e+05	7.966e+04	-1.581e+05	1.462e+05	-6246	2476	-1.528e+04	453.6	-9.084	120.4	105.8	322.5	-62.78	80.2	-0.08566	-4.1	3.763	11.24	0.8417	-2.597	-3.092	0.1523	-0.1231	-0.7119	-0.593	0.02057
99	1.164e+06	2.01e+05	9324	-1.982e+05	5.403e+04	-1.361e+04	-7875	-1.124e+04	25.21	-122.7	167.4	-45.2	-125.9	-62.18	12.8	6.122	2.863	13.57	-12.47	-6.926	1.92	-2.501	1.098	-1.376	0.07647	0.4537	-0.01862
100	8.904e+05	-2.226e+04	-7.744e+04	-1.899e+05	-1.645e+05	-9.004e+04	3156	1.588e+04	-999.4	257.7	-0.6359	-142.3	-182.4	-81.54	11.11	8.103	-17.47	6.576	-0.1487	-14.86	0.4711	-2.511	0.8096	-0.4668	-0.2439	0.3316	-0.006382
101	2.911e+05	-2.289e+05	-1.204e+05	-2.173e+04	-9.424e+04	-3.672e+04	1.144e+04	-1.387e+04	1174	300.4	291.6	-75.89	-259.6	7.527	-1.333	4.475	-12.06	11.89	-2.158	-10.27	3.612	2.492	-2.356	-1.037	-0.1883	-0.6377	0.02888
102	1.187e+06	2.476e+05	5.108e+04	-1.802e+05	1.253e+05	-7614	-2516	-1.386e+04	350.7	-65.95	132.5	-67.12	117.6	-40.28	7.91	4.072	-22.06	5.379	6.561	-1.714	-5.448	-7.24	1.73	0.9539	0.514	-0.8856	-0.007621
103	1.146e+06	2.213e+05	4.621e+04	-1.81e+05	1.053e+05	-6194	2804	-1.641e+04	105.9	-72.12	95.71	-47.95	-190	-46.94	9.824	5.358	-4.838	11.72	1.292	-4.923	-4.305	-3.905	0.6035	0.7086	0.5165	-0.3086	-0.001721
104	1.76e+06	-4.147e+04	-1.695e+05	-512	1.061e+05	-3.827e+04	1.569e+04	-9977	580.5	-24.15	118.9	120	61.56	-0.9819	0.1142	-29.43	6.673	6.431	16.31	1.601	4.123	-0.4062	-0.6728	-1.49	-0.3165	0.3793	0.08447
105	1.91e+06	6.544e+04	-1.397e+05	-3288	8.237e+04	-2.754e+04	6873	-1.653e+04	187.7	-36.7	92.49	31.47	-134.4	-12.36	9.243	7.632	1.215	12.12	3.81	-2.734	-0.5218	-1.207	-0.6876	0.7984	0.1215	-0.2254	-0.00216
106	1.778e+06	1.739e+05	9.895e+04	1.469e+05	1.39e+05	-2.79e+04	-2060	-2.174e+04	513.4	52.31	48.87	23.8	78.84	69.4	-5.07	-0.913	21.35	-70.96	14.96	1.529	-0.05515	0.4787	1.952	-2.675	-0.005679	0.3738	-0.2396
107	1.522e+06	2.455e+05	3.292e+05	2.913e+05	3.753e+04	1.04e+04	-1.022e+04	-3901	176.2	215.3	184.8	-19.41	-318.7	22.06	-13.47	-141.6	11.98	-59.56	-11.12	-11.86	-6.748	1.515	-0.4195	0.5852	-0.07801	-0.364	0.0661
108	1.943e+06	8.13e+04	-1.467e+05	1.57e+04	3.634e+04	-3944	-38.28	7198	27.59	90.08	31.01	19.11	255.8	6.021	-27.82	-40.16	-9.254	-4.106	-25.43	-8.381	0.5122	-7.202	2.367	-1.805	-0.2889	-0.143	-0.08463
109	2.008e+06	4.754e+04	-2.408e+05	-5.415e+04	8.355e+04	-2.698e+04	7287	-1.29e+04	169.8	31.3	17.67	-1.386	324.7	47.66	-8.42	4.781	9.985	12.85	-16.13	-0.3054	4.269	-0.7546	4.6	-2.386	-0.1432	1.201	0.1297
110	1.479e+06	-2.187e+05	-1.383e+05	1.392e+05	-2.771e+05	1.02e+05	945.5	-1e+04	-1045	-206.2	228.9	37.46	-136.8	-83.97	22.78	-14.85	4.361	-42.82	-16.51	-12.55	8.225	0.1063	2.971	-5.838	-0.9235	0.5952	-0.2741
111	1.357e+06	-8.55e+04	6.608e+04	2.295e+05	-1.113e+05	5.966e+04	1712	-3.738e+04	-268.4	-42.54	-124.4	17.94	-322.2	-64.24	9.737	2.848	-6.014	-49.63	-16.66	-11.68	0.6062	-2.573	4.039	-0.7658	0.2206	-0.8035	0.009671
112	1.67e+06	1.55e+05	1.133e+05	1.476e+05	1.014e+05	-1.563e+04	-891.3	-3852	491.7	-10.43	187.7	14.07	164.9	67.17	-0.1712	7.664	6.06	-23.93	4.722	-2.269	1.11	-3.084	0.3907	-1.442	-0.0722	-0.04845	-0.1484
113	1.915e+06	2.266e+04	-1.91e+05	-3.097e+04	1.274e+05	-3.381e+04	5012	-1.829e+04	468.8	-5.13	164.7	59.57	443.2	69.07	-22.88	-23.53	16.49	4.398	27.56	9.749	10.23	1.494	1.179	-3.276	-0.4753	1.025	0.02747
114	1.932e+06	1.066e+05	-9.127e+04	2.528e+04	1.251e+05	-2.63e+04	-2262	-1.986e+04	300.2	-0.4797	85.78	1.278	285.2	56.69	-2.143	8.701	0.9345	-22.09	8.621	1.872	-1.928	-5.306	0.626	-0.6729	-0.04389	-0.4356	-0.1095
115	1.893e+06	2.908e+04	-1.636e+05	-157.7	2.938e+04	-3212	3411	-4316	-32.61	-101.6	119.9	41.41	-121	-34.96	6.43	-1.38	2.631	10.64	-12.97	-7.278	1.54	-1.407	0.9077	-2.085	-0.1013	0.06052	-0.04073
116	1.714e+06	-1.442e+05	-2.546e+05	7040	-1.964e+05	3.116e+04	1.25e+04	4.555e+04	-647.7	266.3	112.1	-56.53	-142.4	-16.6	-9.859	14.98	-0.921	14.76	3.759	-15.82	2.861	0.509	1.92	0.1709	-0.5933	-0.7509	0.02483
117	1.155e+06	-4.162e+05	-2.074e+05	1.003e+05	-1.404e+05	5.222e+04	2.389e+04	1.064e+04	348.6	283.9	394.7	0.2288	-229.2	-6.118	-4.827	9.177	-6.451	16.69	-0.9869	-9.301	8.641	3.213	0.6225	-2.87	-0.6877	0.4827	0.02269
118	1.892e+06	7.899e+04	-1.148e+05	7697	1.03e+05	-2.942e+04	5918	-1.47e+04	326.7	-27.74	119.1	25.92	137.8	42.34	0.3361	6.537	14.08	7.312	9.411	0.8579	-0.1263	-0.09793	-0.4601	0.6947	0.01586	-0.1586	0.000635
119	1.88e+06	5.922e+04	-1.252e+05	9987	8.531e+04	-2.494e+04	6464	-1.809e+04	240.6	-19.71	108.7	37.68	-200	-17.64	8.507	5.251	2.111	7.396	0.1839	-3.8	-1.873	-0.8819	-0.9411	1.135	0.2056	-0.2996	-0.0199
120	1.833e+06	-5.537e+04	-1.86e+05	1.759e+04	1.073e+05	-3.426e+04	1.256e+04	-9979	655.8	-15.71	193	67.28	55.7	54.8	0.1849	-8.289	15.76	3.995	17.3	2.337	3.542	2.875	-0.1755	-0.8428	-0.1883	0.3709	0.1566
121	2.008e+06	6.805e+04	-1.557e+05	8978	7.653e+04	-3.543e+04	6662	-1.825e+04	127.7	-30.66	102.2	48.02	-130.8	1.527	4.608	-7.269	10.16	11.27	4.435	-2.641	-3.129	1.941	-1.497	2.339	0.2673	-0.3652	0.008912
122	1.769e+06	1.621e+05	9.723e+04	1.519e+05	1.413e+05	-2.566e+04	-1958	-2.117e+04	544.7	14.77	-185.3	39.78	89.98	68.85	-11.75	-104.6	21.29	-62.38	16.1	-0.1837	-3.284	-1.187	1.696	-1.464	0.2896	-0.1663	-0.07971
123	1.501e+06	2.341e+05	3.296e+05	2.943e+05	3.977e+04	1.029e+04	-9525	-3656	209.2	196.4	65.78	-17.62	-313.4	20.47	-2.512	16.08	10.46	-66.72	-9.924	-12.76	-2.997	-0.4798	1.117	-0.9169	-0.5205	-0.2126	-0.05656
124	1.897e+06	1.003e+04	-1.483e+05	3.603e+04	4.606e+04	-5127	1952	7966	212.6	93.32	45.32	-0.611	282.8	90.57	-12.48	16.66	26.95	0.8622	-19.48	-7.263	-0.3012	1.507	-0.387	0.5906	-0.4871	-0.3842	-0.03051
125	2.01e+06	-5958	-2.624e+05	-1.977e+04	9.187e+04	-2.773e+04	7992	-1.257e+04	495.6	63.68	116.7	28.78	335.3	102.9	-11.71	7.29	29.99	15.77	-13.25	-0.002483	2.554	4.85	-0.5168	1.349	-0.2562	-0.2805	0.1186
126	1.076e+06	-4.328e+05	-1.314e+05	1.937e+05	-2.41e+05	8.072e+04	2.019e+04	-7604	-127.5	-131.6	538.6	57.57	-129.5	-23.81	13.27	-5.467	7.931	4.275	-7.193	-10.16	1.251	5.52	0.06328	0.6788	-0.1653	-0.3993	-0.05128
127	1.152e+06	-1.864e+05	7.841e+04	2.458e+05	-9.942e+04	3.555e+04	1.549e+04	-3.779e+04	96.43	44.82	333.7	41.15	-329	-41.22	7.259	-14.27	-6.708	12.59	-7.831	-7.202	1.377	4.798	-1.736	1.183	0.4057	0.07182	-0.02708
128	1.711e+06	1.451e+05	1.034e+05	1.588e+05	1.016e+05	-1.567e+04	-1914	-4103	500.1	-5.206	195.7	23.05	176.5	89.71	-3.734	9.734	22.55	-25.95	6.227	-1.876	-0.416	0.8857	0.05434	-0.2432	-0.007576	-0.06925	-0.1299
129	2.032e+06	3.408e+04	-2.075e+05	-2.052e+04	1.16e+05	-4.151e+04	8238	-1.895e+04	375.7	-20.5	130.2	39.94	451.1	105.4	-12.33	-8.917	27.9	6.126	29.7	9.639	6.727	3.988	0.8038	-1.36	-0.3611	0.6679	0.07856
130	1.987e+06	1.05e+05	-1.01e+05	3.424e+04	1.202e+05	-2.553e+04	31.31	-1.896e+04	363.3	10.8	159.7	19.53	304.9	85.98	-7.876	6.513	24.86	-15.85	11.92	3.081	-3.589	0.2473	-0.177	1.141	0.05119	-0.4261	-0.03715
131	1.93e+06	2232	-1.776e+05	1.876e+04	2.889e+04	-1.332e+04	5775	-5580	73.16	-89.5	160.6	50.06	-116.9	4.606	10.87	9.048	13.58	9.305	-11.54	-7.351	-1.842	1.971	-1.392	1.438	-0.02177	-0.3291	-0.002773
132	1.588e+06	-2.725e+05	-2.66e+05	5.357e+04	-1.715e+05	4.082e+04	1.384e+04	4.869e+04	-139.5	319.4	284.9	-24.89	-138.4	31.6	-13.36	6.617	9.806	17.87	5.267	-15.03	1.916	4.156	0.2165	0.1701	-0.6465	-0.48	0.05497
133	1.642e+06	-1.933e+05	-2.269e+05	5.207e+04	-1.899e+05	4.355e+04	1.167e+04	4012	-615.3	231.4	242.5	-32.59	-235.4	-53.89	-1.976	-0.4127	-1.33	19.97	-0.2713	-10.08	5.548	4.039	0.533	-0.893	-0.518	0.1794	0.6761
134	1.953e+06	6.348e+04	-1.298e+05	2.402e+04	9.954e+04	-4.129e+04	8083	-1.645e+04	312.3	-23.85	108.1	45.47	143.4	57.56	-3.521	-7.553	22.03	8.827	10.38	1.096	-1.955	3.262	-1.293	2.058	0.1451	-0.2164	0.02252
135	1.957e+06	5.437e+04	-1.397e+05	2.301e+04	8.046e+04	-3.502e+04	7569	-1.984e+04	204.4	-14.64	113.5	52.42	-198	-4.324	5.63	-8.844	8.012	7.241	0.4529	-3.47	-2.811	2.038	-1.543	1.994	0.2851	-0.2672	-0.006376
136	5.984e+05	5.268e+05	1.153e+06	7.538e+05	-6.092e+04	5.506e+04	-2.472e+04	3.739e+04	127.1	-117.2	-123.4	-34.7	-102.8	70.99	8.29	46.89	20.49	-19.4	-3.373	11.23	-0.6465	0.936	-3.947	0.754	0.2803	0.8008	-0.1668
137	1.592e+05	4.842e+05	1.367e+06	9.078e+05	-8.887e+04	7.925e+04	-2.348e+04	1.843e+04	288.2	-52.79	-307.8	-43.89	-62.88	77.01	4.03	58.04	16.09	-32.56	-7.267	10.23	-0.4961	0.04263	-3.309	0.5373	0.4818	0.69	-0.1679
138	3.402e+05	5.312e+05	1.311e+06	8.742e+05	-2.321e+05	1.148e+05	-3.257e+04	4.403e+04	-835.3	-362.3	-1283	-19.17	162.8	12.73	-26.43	-328.3	8.142	35.4	1.767	2.08	2.797	-3.032	-2.329	1.401	0.2439	-0.07503	-0.2682
139	8.649e+04	3.514e+05	1.276e+06	9.118e+05	-3.206e+05	1.543e+05	-2.735e+04	-243.5	-838.2	-111.2	-167.3	-95.65	104.9	33.59	0.4906	58.45	15.66	-42.05	-5.244	11.39	1.705	0.8137	-1.515	-0.8334	0.2104	0.7843	1.803
140	4.248e+05	6.47e+05	1.374e+06	8.542e+05	4.667e+04	2.791e+04	-2.512e+04	2.482e+04	595.8	-69.03	-665.1	-24.97	-69.57	88.82	2.74	22.29	12.81	-7.236	-3.46	10.92	0.7541	-1.626	-2.764	2.346	0.7328	0.3234	-0.1958
141	9957	3.802e+05	1.344e+06	9.295e+05	-1.847e+05	1.084e+05	-2.14e+04	2.691e+04	57.6	-121.5	-211	-48.27	34.4	78.93	5.038	61.65	18.31	-14.14	0.919	9.751	1.186	1.51	-3.247	0.8575	0.3314	0.6097	-0.3252
142	-6.482e+04	3.141e+05	1.318e+06	9.281e+05	-1.705e+05	1.112e+05	-1.715e+04	-1.689e+04	90.65	97.56	-208.6	-71.23	-9.514	61.36	-5.595	54.71	6.859	-10.87	-6.781	15.03	1.601	2.426	-3.573	1.342	-0.1179	0.8338	-0.2963
143	1.164e+05	4.392e+05	1.341e+06	9.1e+05	-1.527e+05	9.523e+04	-2.309e+04	3.379e+04	120.8	-110.5	-89.66	-49.26	2.452	86.43	5.24	54.03	20.34	-17.33	-1.208	9.964	0.487	1.992	-2.838	1.905	0.4289	0.405	-0.2705
144	-2.504e+06	2.21e+06	3.469e+05	1.437e+06	8606	-4.456e+04	-7.751e+04	-2.023e+04	-6380	477.6	475.6	955	121	167.3	-8.1	13.04	-43.86	33.31	-6.481	-5.3	-9.457	5.399	14.79	-1.202	-0.3325	5.8	0.001856
145	-2.249e+06	1.63e+06	1.19e+06	8.4e+05	1.98e+05	-1.372e+04	-3.612e+04	3198	-1.177e+04	300.7	817.5	291.1	-24.68	96.7	167.9	-2.172	-8.739	18.95	-4.153	14.29	-0.5339	5.943	1.272	2.987	-0.9282	-8.369	-0.002742
146	-2.51e+06	2.251e+06	3.304e+05	1.483e+06	4.904e+04	-5.178e+04	-5.298e+04	-2.4e+04	-5679	414.9	246.6	818.4	7.518	270.8	-101.5	14.18	-64.76	33.33	-2.343	-5.28	-10.7	6.22	8.363	-11.31	1	-0.8949	-0.00541
147	5.343e+05	6.286e+05	1.305e+06	8.508e+05	-2.511e+05	1.174e+05	-3.94e+04	4.202e+04	-1150	-444.6	-1671	-53.16	173.8	6.88	-10.2	-284.1	13.76	24.69	2.947	-1.437	-2.619	-5.834	-1.028	2.938	0.3002	-0.9643	0.3215
148	4.635e+05	6.6e+05	1.373e+06	8.517e+05	4.452e+04	3.124e+04	-2.734e+04	2.48e+04	381.6	-339.8	-2251	17.64	-5.057	36.57	18.79	143.4	3.321	0.9467	4.885	-0.1672	1.034	-13.57	1.088	1.126	0.3689	-0.9239	0.1771
149	4.802e+05	6.268e+05	1.334e+06	8.622e+05	-1.889e+05	1.013e+05	-3.633e+04	3.013e+04	-875.6	-513.6	-2315	-25.09	76.93	-19.82	23.33	156.8	1.775	5.756	9.702	-4.537	4.847	-14.24	3.3	-0.1423	-0.01764	-1.018	-0.0001785
150	-1.969e+06	3.949e+05	8.027e+05	-3.183e+05	-7578	-2.553e+04	-1.272e+04	1442	1162	3817	-418.9	-554	48.61	-149.1	-94.78	-2.873	43.12	3.033	3.991	9.099	-7.583	2.819	5.707	1.379	-12.41	0.09662	-0.005737
151	-1.209e+06	8.293e+05	9.38e+05	-3.198e+05	4.102e+04	1.539e+04	-1.503e+04	-4387	401.4	-228.5	-85.83	-222.9	-66.13	-216	1.947	3.107	66.63	10.95	-5.578	8.013	-8.598	-1.572	-3.689	4.644	1.022	0.5856	-0.0665
152	-1.985e+06	5.911e+05	8.443e+05	-8.56e+04	5.08e+04	-7.161e+04	-2.272e+04	1.058e+04	2628	-189.8	169.8	-68.13	-112.1	-188.5	-52.39	4.414	35.49	5.252	3.581	5.415	-0.3513	2.118	-0.6271	-3.653	1.134	-0.3595	-0.007412
153	-1.736e+06	5.263e+05	9.178e+05	-2.831e+05	1.606e+05	3.026e+04	-2301	1.335e+04	1896	-124.3	233.2	-105.7	-63.8	-183.9	0.6933	1.061	41.15	6.57	-4.413	12.53	5.648	1.388	3.03	-4.455	0.4887	2.072	-0.04681
154	-2.258e+06	4.934e+05	6.216e+05	2.731e+04	2.993e+04	2.082e+04	-3.808e+04	2.165e+04	4829	39.88	446.4	-172	-31.37	61.32	-47.2	10.92	51.24	16.05	2.353	3.429	5.253	5.496	-0.8704	-2.595	-0.1148	-1.797	-0.01831
155	-2.408e+06	6.854e+05	2.346e+05	2.747e+05	-1.333e+05	-2.013e+05	-2.359e+04	1.557e+04	7104	-332.3	-247.1	-173.7	12.07	173.4	-21.93	8.613	-46.13	8.287	-1.771	-10.54	10.06	1.277	-16.22	-8.692	-0.3104	-6.767	0.01958
156	-2.24e+06	3.904e+05	6.989e+05	-6.678e+04	-4.15e+05	-2.268e+05	2.447e+04	-4.872e+04	-1592	-507.4	-350.7	-256.6	165	-222.8	-21.43	-10.2	-10.39	-9.198	-0.9312	4.439	0.8665	1.822	-7.632	-0.3529	1.112	0.1188	-0.008118
157	-1.884e+06	4.802e+05	7.668e+05	-2.302e+05	1.929e+04	-5.029e+04	-2284	5661	2016	-256.9	85.13	-161.4	-59.94	-146.3	3.035	-0.1657	46.81	4.637	-6.043	9.689	11.04	0.942	2.352	1.311	0.527	0.09801	-0.03957
158	-1.371e+06	7.19e+05	9.955e+05	-3.257e+05	1.646e+05	5.633e+04	-1.251e+04	1.052e+04	1145	-136.7	145.4	-203.8	31.88	-220.5	4.547	2.527	20.99	6.515	-5.554	11.65	-2.291	0.002382	-2.212	1.663	0.8308	1.619	-0.05645
159	-1.386e+06	6.945e+05	9.591e+05	-3.411e+05	1.665e+05	6.111e+04	-7989	7808	1221	-129.4	133.7	-191.2	1.5	-208.9	1.673	1.857	28.09	7.077	-7.132	12.99	3.378	1.094	-1.457	-0.4781	0.5708	2.217	-0.06385
160	-1.942e+06	7.288e+05	5.691e+05	3.895e+04	-1.83e+05	-1.926e+05	-3.128e+04	-1.579e+04	2888	-370.6	-220.9	-176.3	-26.07	-103.1	-32.65	3.142	3.574	5.744	3.881	-1.452	-14.14	8.547	8.963	-16.9	2.095	-2.887	0.02747
161	-1.701e+06	7.311e+05	7.23e+05	-1.031e+05	1.021e+04	-4.714e+04	1170	7120	2842	-274.1	-189.9	-145.4	-33.81	-68.54	-1.759	4.04	27.39	10.63	-9.062	2.519	-8.203	1.278	8.346	-16.02	1.204	-1.035	-0.06662
162	-1.95e+06	4.132e+05	9.217e+05	-2.334e+05	6.742e+04	-1.442e+04	4810	-8362	1545	-140	184.5	-150.3	-69.4	-142.3	1.155	-2.654	67	7.074	-7.58	12.05	3.54	3.334	-3.109	-0.5559	0.5136	2.353	-0.02529
163	-2.346e+06	3.267e+05	6.285e+05	-5.41e+04	-5.796e+05	-4.03e+05	-5.696e+04	-4.817e+04	-987.1	-475.9	-106.5	-472.7	267.9	-264	18.38	-9.052	-48.3	-13.82	1.439	-2.199	-1.641	3.964	-11.31	2.432	0.4445	0.2301	0.0749
164	-1.465e+06	6.741e+05	9.497e+05	-3.026e+05	1.081e+05	2.012e+04	-1.36e+04	8117	1084	-178.8	119.7	-175	-70.85	-205.5	5.466	2.692	63.13	8.731	0.4143	9.878	-8.163	1.874	-1.19	1.394	0.9915	1.219	-0.02357
165	-1.967e+06	6.103e+05	6.307e+05	-5323	4.098e+04	-5.348e+04	9941	-1.139e+04	4320	-160.1	-156.1	-104.6	-91.53	60.84	-17.09	1.467	15.98	10.99	-9.055	4.51	9.993	3.75	-7.225	-2.201	0.3632	-2.226	-0.03226
166	-5.11e+05	-2.098e+05	4.485e+05	1.473e+05	-6.807e+04	-8.204e+04	5.026e+04	1.288e+04	1007	3819	-532.8	-454.3	-38.88	75.88	-161.7	-2.24	-71.31	-0.1176	-5.046	5.381	-4.751	-1.798	1.278	0.9167	-11.92	0.04251	-0.01823
167	5.665e+05	4.661e+05	5.765e+05	8.216e+04	-2563	-2.876e+04	-2.303e+04	-1.339e+04	-389.3	-86.77	119.5	-89.29	-212.6	-120.3	-0.3925	7.549	-20.92	14.72	-15.09	5.758	-7.969	-9.5	-4.308	4.736	0.9269	-0.2637	-0.06648
168	-6.227e+05	-1.258e+05	6.113e+05	2.927e+05	2.845e+04	-8.518e+04	2494	2.058e+04	1573	-72.25	548	37.61	-169.3	-47.93	2.593	2.793	5.956	5.016	-0.3126	8.848	1.463	2.404	3.406	8.216	1.1	2.49	-0.007304
169	-4.079e+05	-7.477e+04	5.46e+05	1.96e+05	1.535e+05	-5.257e+04	1.721e+04	5627	2125	40.78	442.9	31.68	-172.1	-34.92	9.051	0.4824	-23.6	6.81	-12.58	14.39	12.7	-3.104	3.778	1.166	0.4626	0.4125	-0.01744
170	-1.308e+06	-5.49e+05	5.535e+05	3.268e+05	2.07e+04	-1.091e+05	1.505e+04	1.768e+04	2397	163.2	830.5	4.89	-117.6	14.11	5.369	-0.4058	-33.19	3.915	-9.553	9.322	2.503	-1.544	6.071	10.22	0.5532	-0.4626	0.05496
171	-1.639e+06	-7.371e+05	4.881e+05	3.763e+05	-2.578e+05	-2.393e+05	1.597e+05	7.447e+04	2073	-549.2	-354.1	284.4	220.6	-1.004	64.03	-5.802	-54.79	-18.49	-6.802	0.8143	9.455	-0.2613	21.2	18.62	1.184	1.23	-0.02482
172	-2.387e+06	-1.159e+06	5.488e+05	4.907e+05	-3.459e+05	-8.85e+04	1.692e+05	3.45e+04	1885	-382.4	197.8	235.4	305.8	36.29	32.28	-7.982	-27.41	-13.23	0.09295	4.268	-1.528	3.037	-7.277	-2.375	-0.1578	1.119	-0.01117
173	-1.258e+06	-5.697e+05	5.007e+05	2.833e+05	9.303e+04	-1.186e+04	3.003e+04	3.025e+04	3252	26.88	918.7	97.33	-121.6	37.06	8.826	2.343	-0.6353	8.548	-9.978	11.02	6.365	-0.6953	0.8367	0.3544	0.2138	0.386	0.0367
174	4.452e+05	4.069e+05	5.923e+05	1.005e+05	1.108e+05	-2.702e+04	-1.341e+04	-5072	567.8	-17.22	175.2	-62.03	-95.5	-88.16	0.5295	5.462	-44.92	9.547	-13.16	9.455	-2.098	-12.79	-3.545	0.9307	0.6049	0.2276	-0.07622
175	3.514e+05	3.336e+05	5.606e+05	9.652e+04	1.282e+05	7605	-1.278e+04	-2368	991.2	21	296.1	-33.56	-128.6	-64.8	-6.011	6.141	-38.88	11.99	-14.61	10.75	4.387	-12.28	-2.423	-1.647	0.2584	0.7859	-0.0843
176	-1.459e+06	-6.26e+05	5.677e+05	3.779e+05	-9.486e+04	-9.247e+04	-8904	2.156e+04	2010	-57.59	1120	59.31	-58.28	-47	41.06	1.465	-4.216	4.576	1.536	5.975	-13.65	3.78	5.611	-2.445	1.048	1.316	0.06679
177	-7.088e+05	-2.197e+05	5.657e+05	2.723e+05	2.454e+04	-8770	3.535e+04	3.233e+04	2207	-84.39	486.6	146.7	-58.99	-6.28	-10.4	3.775	-0.9996	9.09	-12.77	6.009	-8.437	-0.9876	11.67	-6.223	1.19	-0.6724	-0.04648
178	-1.346e+06	-5.725e+05	5.788e+05	3.36e+05	1.264e+05	-3.63e+04	5.804e+04	9130	3508	100.4	686.6	137.8	-152	53.07	4.857	-3.134	-25.98	5.642	-16.83	10.95	2.948	-3.595	-3.936	-0.9677	0.348	0.8268	0.01756
179	-2.623e+06	-1.341e+06	5.027e+05	5.376e+05	-5.604e+05	-2.49e+04	1.682e+05	1.116e+05	2177	-525.6	400.7	239.5	639.2	119.5	36.3	6.774	-0.8902	-16.1	13.96	-5.835	-4.404	5.358	-5.438	-3.081	-1.603	0.2489	-0.1017
180	-1.673e+05	7.658e+04	5.787e+05	1.75e+05	1.016e+05	-7.154e+04	7275	-1114	1432	12.56	311.5	114.4	-188.5	-121.1	-10.03	-2.535	-26.24	7.684	-11.46	9.789	0.5802	-5.577	-1.443	-0.7832	0.5781	0.8006	-0.02232
181	-1.258e+06	-4.898e+05	5.263e+05	3.599e+05	7.89e+04	-4.05e+04	5.107e+04	1.141e+04	3631	52.79	623.2	133.1	-121.5	59.51	9.311	-1.143	-17.39	6.57	-13.94	9.74	3.326	-0.524	-2.405	1.665	0.4266	-0.4994	0.01797
182	-2.283e+06	-1.794e+06	-2.731e+05	1.085e+05	3.373e+05	-1578	6.891e+04	3464	-8784	-95.23	-504	9.684	-117.3	-118.9	-42	-19.47	21.65	-3.402	6.366	-0.4986	0.1769	-2.705	-0.6655	-5.122	0.1123	1.819	0.03954
183	-2.519e+06	-1.95e+06	-1.963e+05	1.9e+05	2.726e+05	-2603	4031	1.949e+04	-3128	-191.5	-469.4	45.08	-148.1	-91.29	22.14	-0.4924	29.07	7.619	20.06	-9.182	-0.943	-3.472	-0.8455	-0.05782	-0.3249	0.01217	0.01724
184	-1.511e+06	-2.404e+06	-1.242e+06	-3.819e+05	1.906e+05	-1.14e+04	-8492	4.043e+04	-4606	340.8	-237.4	-211.3	1194	128.1	-37.47	15.55	103.6	4.083	-94.05	-10.87	-14.85	1.94	-3.565	2.49	2.718	-0.5766	0.07682
185	-2.428e+06	-1.975e+06	-2.621e+05	1.3e+05	2.474e+05	5272	4463	1.545e+04	-3820	-236.6	-541.6	0.4015	-73.28	-101.2	-47.74	-15.67	33.7	11.02	15.23	-9.281	-6.117	-5.561	-0.6759	0.2341	0.4055	0.0239	0.000846
186	-1.54e+06	-1.13e+06	-2.986e+05	1.09e+05	3.348e+05	-1.816e+04	5.977e+04	4714	-2.314e+04	-219	240.4	-667.4	-146.9	22.3	-85.54	-2.967	-28.02	-17	6.905	9.496	7.394	1.517	-2.597	-3.488	1.083	1.736	0.04063
187	-2.142e+06	-1.799e+06	-2.394e+05	9.099e+04	3.411e+05	-6592	5.296e+04	7595	-6466	-193.2	-640.1	-85.94	-157.5	-11.32	14.22	13.75	7.71	-0.5418	4.808	-2.667	9.732	-2.361	-1.424	-4.232	-0.5189	1.934	-0.03116
188	-2.404e+06	-1.994e+06	-2.988e+05	1.085e+05	2.534e+05	5515	1.233e+04	1.344e+04	-2838	-7.908	-599.9	-96.16	-67.58	-28.57	21.81	25.14	32.92	6.703	12.64	-8.534	-6.399	-3.633	1.469	-1.155	0.2507	-0.1212	0.02271
189	-2.169e+06	-1.793e+06	-2.297e+05	9.866e+04	2.6e+05	-1.051e+04	-1.772e+04	3.158e+04	-6159	-252.3	-181.5	-59.8	-98.74	-137.8	-33.43	-9.819	28.07	3.89	16.82	-7.327	0.9843	-2	1.611	-4.768	-0.01962	1.567	0.006632
