#Component	1	2	3	4	5	6	7	8	9	10	11	12	13	14	15	16	17	18	19	20	21
#Std. deviation	2.808	2.137	1.432	1.406	1.1	0.9767	0.82	0.7611	0.5117	0.5101	0.3545	0.3392	0.2878	0.2647	0.2625	0.2354	0.1535	0.1414	0.0987	0.08554	0.04474
#Proportion of variance explained	0.3756	0.2175	0.09759	0.09418	0.05759	0.04542	0.03202	0.02758	0.01247	0.01239	0.005985	0.00548	0.003944	0.003336	0.003281	0.002638	0.001122	0.0009521	0.0004639	0.0003484	9.532e-05
#Loadings	1	2	3	4	5	6	7	8	9	10	11	12	13	14	15	16	17	18	19	20	21
c2	0.1916	0.3191	0.128	-0.0802	0.2045	0.2351	-0.2625	0.2126	0.08944	0.1178	-0.2293	0.1504	-0.1676	-0.02093	0.03302	0.136	-0.1188	0.02485	0.6584	0.1022	-0.1537
c3	-0.2	-0.3341	-0.01375	-0.1071	0.1859	0.2076	-0.06828	0.1273	0.02152	0.2038	-0.3409	-0.09541	0.1576	-0.211	-0.3094	-0.508	0.3344	0.1588	0.09376	-0.02392	0.03632
c4	-0.07548	0.07384	0.2695	-0.2501	0.5689	0.1568	0.4987	-0.3245	-0.1564	-0.1491	0.03286	-0.05349	-0.1265	0.05149	0.03496	0.01513	-0.01913	0.03541	0.05744	0.0671	0.2671
c5	-0.1586	-0.3438	-0.03864	-0.1182	0.123	0.3007	-0.02882	0.332	-0.1192	-0.2799	0.08337	0.1111	0.5376	0.05826	-0.01024	0.4504	-0.1238	0.001781	0.03696	-0.02366	-0.008819
c6	0.2044	0.3205	0.07013	-0.002521	0.1216	0.2292	-0.1474	0.2583	0.04027	-0.1237	0.5644	-0.2532	0.1861	0.2536	-0.1071	-0.4223	0.01006	0.03983	-0.06471	-0.01665	0.01664
c8	-0.2962	0.1928	-0.1823	-0.05623	0.03425	0.08971	0.0987	-0.01546	0.3971	-0.04324	-0.02773	-0.02955	0.01088	-0.07041	0.0512	-0.03595	-0.1438	-0.2026	0.09524	-0.7572	0.07179
c9	-0.3012	0.1775	-0.1472	-0.03335	-0.00201	0.07624	0.0342	-0.0671	0.4474	0.1112	0.07602	-0.08539	-0.08577	0.3286	-0.3097	0.3811	0.3976	0.2143	-0.05499	0.2305	-0.0362
c10	-0.2947	0.1942	-0.1796	-0.0382	0.04765	0.1017	0.1112	-0.01937	0.3305	-0.09578	-0.07349	0.07432	0.1817	-0.2624	0.2426	-0.2501	-0.3356	-0.09366	-0.1586	0.5227	-0.2096
c11	-0.3025	0.1678	-0.1196	0.03646	-0.01696	-0.04327	-0.139	0.07331	-0.3331	-0.03923	-0.4311	-0.4803	0.01901	0.4698	0.2286	-0.04227	-0.1588	0.07773	-0.01786	0.009025	0.04373
c12	0.2118	0.2747	-0.03391	-0.198	0.2446	0.2113	-0.3533	0.04784	-0.03876	0.04917	-0.2729	0.1818	-0.04899	-0.1253	0.05178	0.1487	0.1191	-0.03943	-0.6397	-0.09299	0.1406
c13	0.2524	0.09255	-0.3187	-0.2384	0.1592	-0.059	0.278	-0.102	-0.2058	0.3124	0.01049	-0.1841	0.2074	-0.01404	-0.07202	0.0899	0.04136	-0.06245	-0.03407	-0.1215	-0.6331
c14	-0.1393	-0.02062	0.4251	-0.3999	-0.1236	-0.1691	-0.1684	-0.2058	0.07999	0.4063	0.01926	0.2447	0.286	0.3317	-0.104	-0.09207	-0.266	-0.09374	-0.04765	-0.01729	0.008457
c15	-0.09451	-0.2353	0.3401	-0.4104	-0.06525	-0.00473	-0.2375	-0.00635	0.1378	-0.3538	0.05535	-0.3476	-0.332	-0.1205	0.09021	0.04206	0.07409	-0.07244	-0.07783	-0.03775	-0.4123
c16	-0.2956	0.1848	-0.01431	-0.1981	-0.0944	-0.06397	-0.03546	0.04237	-0.2347	0.06704	0.227	0.265	0.09093	-0.07942	0.564	-0.06905	0.5109	0.1471	0.1318	-0.0549	-0.03325
c17	-0.3069	0.1863	-0.05087	-0.1065	-0.05122	-0.065	-0.06684	0.07971	-0.3023	0.04464	0.1993	0.05241	-0.1985	-0.3179	-0.335	0.06158	-0.366	0.5473	-0.06493	-0.09071	-0.03817
c18	-0.3082	0.1847	-0.06031	-0.04222	0.03773	-0.1334	-0.08062	0.1406	-0.3169	-0.01744	0.1007	0.01239	-0.09897	-0.1169	-0.3624	0.03641	0.1276	-0.7099	0.06749	0.1523	0.0688
c21	-0.03076	-0.07059	0.0006438	0.09892	0.5796	-0.7107	-0.149	0.2509	0.1919	-0.03149	0.03798	0.00957	0.07216	0.003154	0.06177	0.01909	-0.0005043	0.09199	-0.01467	-0.0195	-0.01935
c25	-0.2021	0.04281	0.2703	0.4694	0.1398	0.1336	0.05285	-0.04378	-0.1214	-0.1832	-0.1004	0.4012	-0.08332	0.2519	-0.1101	-0.1346	0.05952	0.001884	-0.1538	-0.1497	-0.5022
c26	-0.176	-0.1383	0.08187	0.3901	0.248	0.2217	-0.3642	-0.3728	-0.0365	0.3784	0.2682	-0.2788	0.0559	-0.2038	0.177	0.1687	-0.05736	-0.07794	0.0149	-0.00193	-0.02237
c27	-0.07417	-0.3671	-0.2464	-0.1039	0.1267	0.1814	0.09813	0.3449	0.005283	0.3463	0.1949	0.1612	-0.5041	0.2743	0.1903	-0.08265	-0.1728	-0.09792	-0.1177	0.03353	0.001641
c28	-0.04631	0.1486	0.5068	0.1693	-0.1251	0.01424	0.3825	0.49	0.06452	0.3301	-0.07788	-0.2429	0.04815	-0.2011	0.09367	0.1642	0.03953	-0.02786	-0.169	-0.01855	0.002701
#Scores	1	2	3	4	5	6	7	8	9	10	11	12	13	14	15	16	17	18	19	20	21
1	-1.501	-3.761	1.988	-2.28	-0.1945	0.387	-0.3814	0.1026	0.5155	-1.186	-0.3323	-0.4983	-0.06412	-0.2647	-0.34	-0.5567	0.2774	0.06132	0.04573	0.03136	0.0114
2	-2.046	-3.689	1.635	-2.562	-0.03419	0.7373	-0.4223	0.4571	0.1509	-1.047	-0.2206	-0.2459	-0.003216	-0.3798	-0.3409	-0.4176	0.5377	0.1941	0.185	0.01358	0.004022
3	-1.241	-2.768	2.015	-2.174	-0.3662	-0.03531	-0.4167	0.09688	0.3793	-1.388	0.2541	-0.2421	-0.3268	0.2638	0.3283	0.5727	-0.4152	-0.216	-0.1599	0.06787	-0.07171
4	-3.458	-8.509	0.136	-3.532	1.577	3.857	-0.306	4.09	-0.1728	-1.538	0.1824	0.457	1.4	0.4651	-0.3685	0.8777	-0.05391	0.172	0.08275	-0.04245	0.0334
5	-2.489	0.2358	2.751	-2.638	-1.451	-1.384	-0.3873	-0.4842	-0.8972	0.388	0.856	0.2265	0.002782	-0.1037	0.2413	-0.08688	0.03934	-0.04447	-0.007472	0.01203	-0.04816
6	-1.382	-3.353	1.801	-2.028	-0.5257	0.2853	-0.2626	0.1555	0.3291	-1.541	0.1551	-0.4374	-0.3375	-0.2333	0.08789	0.04555	0.09019	-0.05933	-0.04724	0.04953	-0.04109
7	-1.844	-4.54	1.374	-2.379	0.05422	1.063	-0.3132	0.9989	0.2764	-1.63	0.1524	-0.1969	0.0004748	-0.01644	-0.005193	0.327	0.02539	-0.01318	-0.009723	0.03357	-0.02302
8	-1.355	-3.081	2.239	-2.224	-0.6586	-0.02303	-0.4374	-0.3266	0.5086	-1.076	-0.1334	-0.4351	-0.2005	-0.1893	-0.1938	-0.5078	0.162	-0.04006	-0.006073	0.0334	-0.01912
9	0.5529	0.5669	2.136	-2.174	0.4278	-0.1892	1.266	-0.6885	0.1797	0.7916	-0.5391	-0.5589	0.3064	0.05216	-0.2655	0.2213	-0.05077	-0.09388	-0.1708	-0.07165	-0.01844
10	-3.922	-1.138	1.2	3.589	5.827	-4.845	-1.374	1.1	-1.158	-0.5567	0.1778	0.03554	0.07953	-0.003678	-1.014	-0.05152	0.1382	-1.151	0.002649	0.1541	0.09632
11	0.07898	-1.084	1.621	-1.739	-0.7233	-0.633	0.513	-0.5464	0.2732	0.3267	-0.5453	-0.3397	0.5486	-0.1987	-0.4436	-0.3397	-0.01248	-0.05552	-0.05974	-0.02722	-0.01592
12	-1.775	-1.127	1.363	2.592	0.8792	0.9572	1.001	-0.9801	-0.6381	-0.9796	-0.05447	1.015	-0.118	0.5373	-0.1305	0.03106	-0.1443	0.06386	-0.2769	-0.004567	-0.1205
13	0.3033	0.2052	2.958	-3.435	0.8639	-0.221	-0.2113	-0.7504	0.335	1.682	-1.406	0.4182	0.7373	0.07474	-0.6809	-0.579	-0.08809	-0.009477	0.1526	-0.05273	-0.02693
14	-2.11	-0.759	1.421	2.768	1.136	0.8215	0.6994	-1.206	-0.3768	-0.639	-0.3727	0.6022	-0.07674	0.5967	-0.1062	-0.1504	-0.05783	0.1804	-0.1437	0.03965	-0.1571
15	-0.3212	-1.247	2.079	-2.751	0.07425	-0.3065	0.6669	-1.058	0.3608	0.1957	-0.4644	-0.3376	0.2103	0.2681	-0.4427	-0.2108	-0.1406	-0.1226	0.001503	-0.02855	-0.03723
16	-3.742	-3.362	0.8509	3.474	2.7	2.937	-0.7248	-1.55	-0.7851	1.021	0.2578	-0.1366	0.2075	-0.1538	-0.229	-0.1922	0.3456	0.2178	0.002335	-0.1131	-0.09887
17	1.883	2.158	2.366	-1.083	0.4494	0.1918	1.72	0.8552	-0.03679	1.427	-0.5571	-0.7832	0.4364	-0.6271	0.2539	0.7584	-0.0007146	-0.1716	-0.6166	-0.06894	0.01169
18	-0.3928	1.182	3.513	2.787	0.06906	0.4326	2.01	0.5997	-0.155	-0.3613	-0.005692	0.4021	-0.4091	0.2054	-0.1775	-0.1517	0.0324	0.01949	-0.06834	-0.09807	-0.1323
19	0.6976	0.02654	1.567	-1.721	0.2483	-0.2555	1.35	-0.6352	-0.03727	0.37	-0.4923	-0.5993	0.2815	-0.2292	-0.1329	0.145	0.05274	-0.06031	-0.1282	-0.01175	-0.005422
20	-2.894	-2.731	0.7844	3.455	2.125	2.253	-0.4022	-1.142	-1.653	0.06788	-0.2824	-0.1698	0.3449	0.1221	0.05902	-0.07987	0.09638	0.1493	0.06019	-0.1845	0.01828
21	-0.5744	-1.405	2.467	-3.026	0.9168	-1.132	0.2035	-0.8593	0.8638	0.1193	-0.5498	-0.3372	0.2259	0.2405	-0.5375	-0.2669	0.0028	0.06314	0.04196	-0.02899	-0.06689
22	-2.047	-0.8917	1.602	2.979	1.18	0.7134	0.4952	-1.107	-0.8924	-0.6132	-0.2353	0.3184	-0.2961	0.3194	-0.2807	-0.2156	0.2464	-0.009	-0.0529	-0.179	-0.01882
23	0.8651	0.198	1.509	-1.078	-0.359	-0.4018	1.157	-0.04929	0.08455	0.622	-0.5474	-0.6124	0.419	-0.541	-0.1062	0.09586	0.1641	-0.04699	-0.2277	-0.04153	-0.0042
24	-0.5988	1.553	3.162	2.969	0.04448	0.4416	2.056	0.9612	-0.4181	-0.5296	-0.2541	-0.0146	-0.5708	0.2142	-0.08461	-0.0248	0.07011	0.04608	-0.1074	-0.03235	-0.09299
25	-0.02995	-2.77	-1.173	-0.1698	5.409	-5.03	0.549	1.716	0.8393	0.347	0.3139	-0.08839	0.08125	0.2366	0.4743	-0.1682	0.0007049	0.6163	-0.07236	-0.07314	-0.09383
26	0.4869	-1.664	-0.7765	-0.7503	0.6281	0.1866	1.658	-0.7268	-0.5909	-0.2156	0.2315	-0.2632	0.06686	0.005789	0.09792	0.3862	-0.09701	-0.06256	0.09422	0.04142	-0.004462
27	0.4326	-1.628	-0.73	-0.8969	0.8828	0.05188	1.411	-0.5882	-0.502	0.1541	-0.003337	-0.2909	-0.3087	0.1673	0.1569	0.03436	-0.1014	-0.03466	0.06513	0.05808	0.003518
28	-0.6762	-4.343	-1.752	-1.531	1.719	1.692	1.765	1.178	-0.7239	1.293	0.01049	0.1075	-0.8924	0.3572	-0.1022	-0.7922	0.05527	0.05175	-0.03413	0.07662	0.08898
29	1.851	0.8234	-0.5555	-0.6377	0.8322	0.1051	0.9847	-0.9864	-0.4745	-0.04453	0.2351	-0.2303	-0.04278	0.06809	-0.01478	0.01959	-0.02981	-0.07526	0.0723	0.03761	0.001055
30	-0.05056	-3.373	-2.082	-1.008	1.451	1.289	2.116	0.8662	-0.8929	0.867	-0.08519	0.1868	-0.2087	0.2748	-0.1032	-0.2549	0.09337	0.04047	0.09659	0.05094	0.07815
31	0.37	-1.729	-0.9084	-0.7245	1.022	0.1019	1.426	-0.5521	-0.5477	0.4035	0.145	-0.3449	-0.4304	0.07888	0.09708	-0.1388	-0.01566	-0.1203	0.05065	0.07572	0.02041
32	1.941	1.021	-0.7878	-0.4666	0.7796	0.1335	1.078	-0.7952	-0.4509	-0.3066	0.09394	-0.3842	-0.1296	0.02473	0.04265	0.1172	0.1073	0.05127	0.07953	0.02932	0.002972
33	-12.04	5.434	-1.936	-1.78	2.098	1.207	2.157	-1.059	2.517	-0.3366	0.09296	-0.1551	-0.1593	0.2516	-0.01771	-0.01587	-0.2136	0.1726	-0.07632	0.07393	0.2099
34	-11.24	5.257	-1.669	-1.003	-0.05535	-0.1435	0.2609	0.4219	-0.9279	0.241	1.037	0.2178	-0.8679	-1.214	-2.055	0.441	-0.521	0.6218	-0.07652	0.0506	-0.008765
35	-9.855	4.103	-1.695	-0.8698	0.5578	0.5821	0.5028	-0.1436	0.8958	-0.1429	-0.1405	0.3669	0.2993	-0.03684	0.4486	-0.1486	-0.1077	-0.2775	-0.006341	-0.09777	-0.08735
36	-10.06	3.844	-2.146	-0.6235	0.5236	0.8635	0.8807	-0.03421	0.9539	-0.4745	0.01158	0.1718	0.2128	0.004289	0.4841	0.00508	0.2915	-0.3484	0.1012	-0.1377	-0.01527
37	-7.461	4.381	1.145	-0.8832	-0.6011	-0.3358	0.5397	-0.04002	0.5024	1.178	0.452	0.3648	0.1813	1.184	-0.1881	0.6451	0.8167	0.1759	-0.01514	0.2924	0.06281
38	-8.911	3.604	-1.351	-0.4832	0.2942	0.5658	0.583	-0.07828	0.3629	-0.2455	-0.08168	0.2821	0.2498	-0.21	0.5185	-0.235	0.2585	-0.1192	0.01528	0.2587	-0.07339
39	-9.511	3.119	-1.814	-0.6029	0.9515	0.3775	0.4609	0.3263	0.04201	-0.417	-0.3408	0.2806	0.4239	-0.6552	0.5408	-0.8766	-0.1126	-0.09834	0.104	-0.2072	0.006413
40	-8.807	3.784	-1.49	-0.3741	0.2323	0.4572	0.6307	-0.06419	0.1283	-0.4711	0.1345	0.3563	0.0555	-0.3634	0.7294	-0.1023	-0.1517	-0.234	-0.008314	-0.05842	-0.03807
41	2.481	1.615	-0.6534	-0.4191	0.3564	0.2879	-0.2186	-0.1976	-0.08085	-0.2659	0.2582	-0.1389	-0.007783	0.0374	-0.01361	-0.1276	0.04568	0.002377	-0.05762	0.001692	0.007584
42	2.132	1.006	-0.9684	-0.09571	0.0527	-0.04987	0.2971	-0.4477	-0.2005	-0.2973	0.1102	-0.1589	-0.004533	-0.1539	0.03516	0.0925	0.0968	0.005832	-0.01018	0.003893	0.0007336
43	2.644	1.86	-0.706	-0.1789	0.06711	0.2656	-0.5038	0.03879	0.02094	-0.3315	0.3858	-0.1607	0.1595	0.05428	-0.0427	-0.1817	0.05434	0.0143	-0.08148	-0.01629	0.00303
44	1.407	-0.3163	-1.285	0.1738	-0.7963	-0.9086	0.5471	-0.2966	-0.01539	-0.1876	0.02509	-0.04335	0.1024	-0.1339	-0.0005603	0.03153	0.05374	0.0009979	-0.01582	-0.006716	-0.01314
45	2.487	1.452	-0.8805	-0.5102	0.7074	0.195	-0.3479	0.071	-0.03609	0.004601	-0.4101	0.2479	-0.3007	-0.1853	0.08415	0.1794	0.0798	0.03417	0.07415	0.02676	-0.01643
46	2.721	1.999	-0.5007	-0.7691	0.7488	0.3986	-0.5534	-0.03803	-0.01629	-0.004372	-0.2181	0.2395	-0.09231	0.02263	0.02066	0.1339	-0.07266	-0.003418	0.1915	0.04192	-0.03131
47	0.3519	-2.26	-1.232	-0.579	-0.0008243	0.3183	0.8347	0.2348	-0.2785	0.1472	0.01325	0.06634	-0.03164	-9.416e-05	0.05987	0.148	-0.0456	-0.05582	0.007943	0.02434	0.007138
48	0.6706	-1.662	-1.212	-0.3717	-0.6613	-0.306	0.9316	-0.00962	-0.1852	-0.3209	0.03553	-0.006235	0.1634	-0.02905	-4.78e-05	0.2312	-0.03633	-0.04108	0.01498	0.01421	-0.009187
49	2.577	1.681	-0.7765	-0.3142	0.172	0.3391	-0.6012	0.05305	0.02355	-0.1251	0.07388	0.0453	-0.02908	-0.009149	-0.007535	-0.09843	0.05147	-0.004525	-0.06925	-0.006495	0.001191
50	3.317	2.974	-0.3133	-0.8255	1.038	1.066	-1.174	0.3593	0.02868	-0.1441	0.3178	0.001295	0.09975	0.2143	-0.07191	-0.2564	0.005525	0.0167	-0.1359	-0.0192	0.01587
51	2.937	2.517	-0.6967	-0.4557	0.6744	0.7123	-0.7985	0.2641	-0.1457	-0.3034	0.1505	-0.08499	-0.07547	-0.09173	-0.075	-0.03636	0.05159	0.08104	-0.05135	-0.003559	0.004968
52	1.827	0.4819	-0.9937	-0.2077	0.02481	-0.1155	0.4391	-0.5238	-0.2196	-0.03568	-0.1314	0.001306	-0.07821	-0.1762	0.06355	0.1973	0.04017	-0.0311	0.03926	0.01723	-0.003107
53	0.8528	-1.297	-1.273	-0.1122	0.732	-0.6158	0.7536	-0.1762	-0.1348	0.498	0.04471	-0.1022	-0.2268	-0.1373	0.1512	-0.06333	0.04887	0.03096	-0.004059	0.01277	-0.0001056
54	0.603	-1.664	-1.072	-0.3858	0.2878	-0.4984	0.8563	-0.1253	-0.1496	0.1872	0.09958	-0.03649	-0.0002975	0.009637	0.08102	0.05997	-0.06377	-0.01376	0.007286	0.01402	-0.003625
55	2.679	1.852	-0.8185	-0.3151	0.459	0.4358	-0.3554	-0.06341	-0.1054	-0.2835	0.1012	-0.07217	-0.06176	-0.09316	0.02351	0.002931	0.1116	0.02467	-0.04659	-0.0004684	0.003404
56	1.97	0.7743	-0.998	0.02223	-0.05461	-0.1659	0.4022	-0.5906	-0.2208	-0.2626	0.1299	-0.2053	0.02192	-0.2041	0.06303	0.1564	0.08191	-0.00954	0.0138	0.006264	-0.005387
57	2.486	1.639	-0.6731	-0.4167	0.363	0.2725	-0.1903	-0.2221	-0.1044	-0.1817	0.2639	-0.1015	0.05791	0.07033	-0.02612	-0.1338	0.02725	0.0001509	-0.04638	-0.00381	0.001839
58	2.136	0.9995	-0.9732	-0.109	0.03129	-0.06963	0.333	-0.434	-0.1959	-0.3147	0.1087	-0.1558	-0.0009558	-0.1366	0.03069	0.07812	0.0993	0.009814	0.0177	0.006871	-0.01058
59	2.715	1.903	-0.8389	-0.1524	0.1099	0.2997	-0.4676	0.09366	-0.01465	-0.3881	0.3599	-0.2109	0.1142	-0.03324	-0.03088	-0.1438	0.1154	0.03242	-0.1171	-0.02084	0.001256
60	2.42	1.443	-0.6776	-0.7134	0.6476	0.1114	-0.4285	-0.03021	-0.0006525	0.2059	-0.3969	0.3637	-0.1587	-0.02698	0.04364	0.1358	-0.04051	-0.01091	0.05294	0.01664	-0.02042
61	2.713	2.071	-0.5507	-0.7213	0.8357	0.4668	-0.6451	-0.04823	-0.08833	0.03073	-0.2667	0.2112	-0.105	-0.01083	0.06279	0.1813	-0.04604	-0.005917	0.07725	0.02072	-0.02208
62	0.4449	-2.132	-1.414	-0.5743	0.004649	0.2373	1.047	0.2309	-0.3799	0.3857	-0.01907	0.2184	0.1932	0.1152	-0.04666	0.1153	-0.1086	-0.04017	0.05761	0.01231	0.01369
63	0.7052	-1.582	-1.438	-0.0619	-0.5141	-0.2298	1.013	-0.1063	-0.319	-0.07069	0.09553	0.004766	0.3117	-0.07718	0.005394	0.2834	-0.03581	-0.02871	0.05779	0.0003825	-0.00678
64	2.64	1.701	-0.9283	-0.228	0.1944	0.3646	-0.5078	0.1273	-0.007469	-0.2321	0.05799	-0.01319	-0.08932	-0.08786	0.005616	-0.08045	0.1249	0.02615	-0.04221	-0.001736	-0.009271
65	3.29	2.978	-0.2658	-0.8709	1.022	1.037	-1.184	0.3282	0.02429	-0.07365	0.3301	0.04031	0.1482	0.2598	-0.09314	-0.2705	-0.03409	0.007774	-0.1307	-0.02317	0.007095
66	3.056	2.459	-0.65	-0.4797	0.6799	0.7324	-0.7795	0.2186	-0.02742	-0.2771	0.1246	-0.03865	-0.006968	-0.03299	0.002693	-0.05092	0.1096	0.03459	-0.06785	-0.008795	-0.005795
67	1.812	0.4752	-0.9597	-0.2738	-0.02278	-0.1599	0.4696	-0.5049	-0.2095	-0.05492	-0.1344	0.02728	-0.07255	-0.1355	0.04106	0.1688	0.02441	-0.02765	0.06718	0.02017	-0.01655
68	0.9179	-1.175	-1.417	-0.2478	0.6329	-0.721	1.013	-0.02536	-0.09068	0.4171	-0.06574	0.04255	-0.1835	0.01198	0.02219	-0.1098	0.09912	0.08651	0.02946	0.005657	-4.709e-05
69	0.6947	-1.556	-1.217	-0.4131	0.2678	-0.5736	1.054	-0.07792	-0.2172	0.2943	0.03921	0.105	0.1433	0.1116	-0.007474	0.01703	-0.08792	0.008489	0.03635	0.003778	-0.001383
70	2.682	1.846	-0.8196	-0.3137	0.4561	0.4322	-0.3444	-0.06547	-0.1032	-0.2836	0.103	-0.07617	-0.05751	-0.08684	0.02553	-0.0002718	0.1129	0.02355	-0.03604	-0.0005278	-0.00767
71	1.99	0.7853	-0.9826	-0.07215	-0.1143	-0.2239	0.4695	-0.543	-0.2054	-0.3019	0.09236	-0.1497	0.03601	-0.1388	0.02813	0.1155	0.07382	-0.00303	0.03009	0.007217	-0.01469
72	1.084	1.771	2.5	1.89	-0.4365	0.3818	1.055	1.313	0.3187	0.05282	0.1972	-0.2529	-0.04894	-0.111	0.1393	-0.09651	0.045	0.06489	0.03792	-0.01804	0.0004328
73	0.8553	1.117	1.543	2.051	-0.4773	0.1467	1.046	0.6143	0.06378	-0.4131	-0.009742	-0.02192	-0.2008	-0.1559	0.1241	0.01651	0.1417	0.06952	0.01855	-0.02608	0.01949
74	0.9624	2.101	3.183	1.868	-1.029	0.157	1.082	2.002	0.4598	0.5765	0.2861	-0.3899	0.2663	0.07414	0.1255	-0.1233	-0.1576	-0.05682	-0.06643	-0.01947	0.01894
75	0.03404	-0.2078	0.824	2.193	-0.9628	-0.5213	0.348	-0.1732	0.3057	-0.4899	-0.005099	0.3081	-0.01842	-0.02862	0.01625	-0.002344	0.1329	0.0883	-0.1066	-0.08661	0.02989
76	0.9103	1.581	2.17	1.426	0.1157	0.2521	-0.02345	0.6641	0.2437	0.276	-0.3961	0.4721	-0.1158	-0.05537	0.06878	0.09526	-0.08597	-0.05589	0.1347	-0.01099	0.002551
77	1.001	2.323	2.683	1.158	0.04294	0.4403	0.1894	1.268	0.1109	0.3961	-0.2045	0.3892	-0.1924	-0.09969	-0.03514	0.1546	-0.199	-0.06834	0.07528	0.003478	0.006766
78	-1.272	-2.153	0.8339	1.636	0.2	0.802	-0.4755	-0.8172	-0.3733	0.02898	0.2556	0.3826	0.294	-0.04322	0.2662	0.134	-0.002587	-0.0733	0.03485	-0.09555	0.04199
79	-0.7368	-1.75	0.5691	1.846	-0.4045	0.3395	-0.03833	-0.6176	-0.04262	-0.535	0.207	0.4952	0.03643	0.08897	0.1215	0.1772	-0.06534	-0.02582	-0.145	-0.08893	0.04756
80	1.203	1.857	2.493	2.006	-0.6601	0.4132	0.7568	1.616	0.4583	0.3101	0.02288	-0.2625	0.006007	-0.2691	0.1798	0.01213	0.05666	0.0442	0.04163	-0.02044	-0.0184
81	1.59	3.044	3.786	1.732	-0.3057	0.8868	1.12	2.75	0.6157	0.7239	0.4186	-0.6684	0.1277	-0.05291	0.1374	-0.1431	-0.132	-0.004406	0.3343	0.06399	-0.06149
82	0.9136	2.931	2.874	1.727	-0.3729	0.5336	0.7514	2.36	-0.1285	0.4165	0.1819	-0.4491	-0.2062	-0.2956	-0.1859	0.06269	-0.1352	-0.1878	0.1173	0.07973	0.03397
83	0.3886	0.5883	1.28	1.707	-0.3625	0.05324	0.474	-0.139	-0.1271	-0.3086	-0.3439	0.2123	-0.135	0.1738	0.1182	0.003748	-0.09701	0.06811	0.0857	-0.03034	0.04599
84	-0.6097	-1.165	0.9255	1.939	0.6614	-0.2541	-0.1527	-0.8408	0.1193	-0.1342	0.02345	0.1674	-0.04927	-0.1608	0.1338	-0.1343	0.08132	0.1235	0.01313	-0.04574	0.02372
85	-0.7639	-1.52	0.9323	1.794	0.3876	-0.05593	-0.1119	-0.8247	-0.1272	-0.2199	0.07976	0.255	0.1974	0.004136	0.1174	0.01999	-0.04142	0.00985	-0.05185	-0.09482	0.0521
86	1.191	1.98	2.291	1.964	-0.3965	0.4631	0.9751	1.497	0.2367	0.0223	0.03765	-0.2982	-0.1252	-0.1498	0.1953	-0.001903	0.072	0.06655	0.17	0.01434	-0.005157
87	0.507	1.031	1.232	1.977	-0.5231	0.01469	0.9254	0.3866	-0.08077	-0.515	-0.1738	-0.05352	-0.2181	0.06659	0.1308	0.02068	0.08596	0.006306	-0.03917	0.0209	0.04074
88	1.955	1.64	0.2617	-0.03866	0.06756	0.182	-0.0953	-0.1292	0.1073	-0.1486	0.2721	-0.09815	0.1704	0.2446	-0.08039	-0.1831	-0.06773	0.01808	0.1008	0.004961	0.008484
89	1.751	0.9928	-0.3911	0.5292	-0.03303	0.01746	0.3298	-0.3902	-0.1641	-0.3452	0.134	-0.1911	-0.00375	-0.1501	0.08479	0.07243	0.08715	0.03652	0.08741	0.003761	0.005004
90	2.018	1.912	0.2786	0.1536	-0.232	0.1532	-0.3367	0.2526	0.1427	-0.05217	0.4606	-0.1271	0.2715	0.2212	-0.1232	-0.2029	-0.09078	-0.0257	0.02529	-0.009417	0.00796
91	0.8006	-0.2934	-0.6332	0.7816	-0.7777	-0.7401	0.2479	-0.5461	0.1938	-0.1255	0.1135	-0.03227	0.1657	-0.068	0.03374	0.08056	0.01522	0.003881	-0.02139	0.009368	-0.009565
92	1.842	1.553	0.2048	-0.2809	0.4426	0.05909	-0.564	-0.1245	0.1111	0.1435	-0.3784	0.3822	-0.01065	0.01248	-0.06202	0.1347	-0.08671	0.03633	0.1454	-0.001924	-0.01003
93	2.071	2.206	0.3644	-0.4502	0.6345	0.4514	-0.701	-0.0637	0.2268	0.2384	-0.2242	0.3675	0.04079	0.192	-0.07273	0.2277	-0.112	0.01596	0.03857	-0.004044	-0.00912
94	-0.2685	-2.351	-0.5439	0.05544	0.1206	0.5151	0.2655	-0.3004	-0.2039	0.4263	0.2467	0.06627	0.1215	0.07185	0.1755	0.2101	-0.1344	-0.09852	0.04896	-0.01272	0.005623
95	-0.05042	-1.872	-0.5876	0.574	-0.3482	0.1105	0.1758	-0.5822	-0.1512	0.02045	0.3544	-0.1793	0.1086	-0.05482	0.2462	0.3804	-0.1451	-0.1144	-0.02516	-0.01803	-0.001602
96	2.11	1.696	0.1964	0.02705	-0.1187	0.2067	-0.5249	0.08577	0.1492	0.0127	0.0732	0.07445	0.2033	0.1564	-0.06213	-0.1729	-0.1066	-0.01072	0.07437	-0.004642	0.0009063
97	2.763	2.881	0.7359	-0.3345	0.7004	0.9477	-0.9061	0.5605	0.1789	0.1163	0.4126	-0.06177	0.2461	0.3875	-0.06002	-0.3328	-0.189	-0.001218	0.1093	0.01016	-0.00576
98	2.402	2.568	0.1089	0.09178	0.4648	0.6944	-0.5771	0.5609	-0.03201	-0.2005	0.1256	-0.181	-0.04654	0.0462	-0.05251	-0.03227	0.09159	-0.1143	0.05558	0.04544	0.02864
99	1.383	0.5292	-0.2388	0.1849	-0.1273	-0.161	0.3096	-0.6369	-0.1786	-0.02259	-0.1866	0.09474	0.1035	0.01727	0.02001	0.1155	-0.0834	-0.02673	0.1025	0.002012	0.0159
100	0.321	-1.244	-0.4909	0.487	0.7233	-0.5711	0.2249	-0.7149	-0.1316	0.4482	0.09104	-0.1792	0.06856	-0.148	0.1437	-0.04793	-0.01343	0.006251	0.1051	-0.00872	0.00794
101	0.03338	-1.575	-0.3419	0.1278	0.2599	-0.4101	0.3768	-0.5565	0.03	-0.05323	0.1139	-0.06556	0.1735	-0.06615	0.08032	0.06174	-0.07885	-0.01908	0.03186	0.06676	-0.02479
102	2.2	1.886	-0.1259	0.2821	0.2358	0.4178	-0.113	0.1505	0.01054	-0.288	0.0915	-0.2006	-0.02706	-0.003572	0.04001	-0.0007847	0.1033	0.08345	0.1343	0.009952	0.0003469
103	1.577	0.8004	-0.3755	0.4699	-0.2345	-0.1842	0.487	-0.4422	-0.1851	-0.38	0.05633	-0.1571	0.02496	-0.06233	0.08842	0.06869	0.05359	0.03758	0.09551	0.004473	0.007834
104	2.32	1.602	-0.4541	-0.5835	0.2934	0.1983	-0.3291	-0.2857	-0.0976	-0.0985	0.3397	-0.07826	0.06341	0.114	-0.1069	-0.1532	-0.09617	-0.05455	-0.03486	0.009379	0.005531
105	2.073	0.9673	-0.8309	-0.2212	-0.01777	-0.1209	0.2707	-0.4964	-0.1606	-0.2191	0.1358	-0.1162	0.05959	-0.05507	0.009194	0.05172	0.01913	-0.01647	0.03001	0.01041	-0.003202
106	2.682	1.895	-0.695	-0.3228	0.04781	0.2257	-0.5037	0.04294	0.0236	-0.2722	0.3527	-0.1214	0.2103	0.09383	-0.06859	-0.1856	0.02978	0.002403	-0.1272	-0.02431	0.005946
107	1.435	-0.3009	-1.361	0.2357	-0.7719	-0.8847	0.5802	-0.2689	-0.03659	-0.2262	0.01898	-0.06763	0.07627	-0.1782	0.008434	0.04607	0.08934	0.01521	-0.01321	-0.006445	-0.0127
108	2.215	1.499	-0.7114	-0.7388	0.5997	0.06239	-0.417	-0.03301	-0.009338	0.2409	-0.3795	0.2644	-0.1628	0.0532	-0.01996	0.1499	-0.1155	0.02363	0.1405	-0.0002974	-0.01938
109	2.53	2.156	-0.4421	-0.9049	0.7941	0.4197	-0.7479	-0.1229	-0.01783	0.1919	-0.373	0.1971	0.01019	0.252	0.05884	0.1713	-0.1703	-0.02982	0.02424	-0.05466	0.009531
110	0.3914	-2.15	-1.186	-0.9212	-0.1384	0.1023	0.9981	0.2543	-0.3041	0.3779	-0.06028	0.3204	0.2202	0.2657	-0.1243	0.04385	-0.1923	-0.1003	0.03253	0.02215	0.02251
111	0.6129	-1.553	-1.366	-0.3081	-0.6227	-0.2851	1.026	-0.04887	-0.1129	-0.1778	0.05587	0.01602	0.2453	0.04913	-0.07991	0.3094	0.01862	-0.006523	0.03767	-0.004339	-0.006296
112	2.551	1.651	-0.7254	-0.405	0.1	0.2661	-0.5565	0.04945	0.04586	-0.1034	0.09426	0.05637	0.009156	0.05594	-0.03817	-0.1364	0.004485	-0.008068	0.004787	0.005662	-0.01145
113	3.178	2.962	-0.06931	-1.067	0.9378	0.9397	-1.26	0.2656	0.04294	0.05717	0.3688	0.1238	0.2243	0.3705	-0.175	-0.3132	-0.1703	-0.01995	-0.1196	-0.02001	0.01478
114	3.016	2.422	-0.5938	-0.5448	0.6074	0.6617	-0.7364	0.2068	-0.005755	-0.2487	0.1565	-0.02601	0.03476	0.03352	-0.02327	-0.09154	0.05977	0.03279	0.02164	0.006437	-0.01011
115	1.699	0.4968	-0.8273	-0.4462	-0.1012	-0.2528	0.406	-0.5333	-0.2378	0.04291	-0.1884	0.04136	0.006232	0.04516	0.0153	0.1197	-0.1009	-0.03658	0.06804	0.02295	0.003805
116	0.7874	-1.266	-1.168	-0.3865	0.5699	-0.7524	0.8451	-0.09936	-0.01576	0.4346	-0.008039	0.02168	-0.2112	0.05195	0.0309	-0.1258	0.02104	0.05136	0.02871	0.01534	0.001778
117	0.4994	-1.722	-0.7442	-0.7626	0.0944	-0.6659	0.8004	-0.1289	-0.03833	0.1913	0.07595	0.1035	0.04707	0.2274	0.0004	-0.04929	-0.1958	-0.04702	0.02014	0.02216	-0.004664
118	2.625	1.821	-0.6818	-0.4381	0.4005	0.3746	-0.3949	-0.1156	-0.06819	-0.1982	0.1202	-0.02485	0.002713	0.001361	-0.001326	-0.03174	0.03563	2.469e-05	-0.0267	0.002464	0.001408
119	1.949	0.7634	-0.8967	-0.147	-0.1486	-0.2528	0.4258	-0.566	-0.1811	-0.2755	0.1072	-0.1366	0.04836	-0.1052	0.01772	0.1018	0.03398	-0.01482	0.03417	0.01152	-0.005288
120	2.443	1.603	-0.506	-0.6137	0.3094	0.2241	-0.2948	-0.2638	-0.0467	-0.1336	0.2665	-0.08894	0.0762	0.1299	-0.0447	-0.1469	-0.04286	-0.03673	-0.08605	-0.002893	0.004605
121	2.138	1.005	-0.9564	-0.1657	0.04533	-0.06769	0.2797	-0.4631	-0.1965	-0.2551	0.1172	-0.175	0.01683	-0.1517	0.02992	0.1002	0.07783	-0.006664	-0.0171	0.004558	-0.0018
122	2.708	1.891	-0.784	-0.2968	0.06893	0.246	-0.5049	0.05216	0.01079	-0.3621	0.3473	-0.1358	0.1573	0.06172	-0.0631	-0.1847	0.06578	0.01747	-0.1201	-0.0216	0.003998
123	1.421	-0.3092	-1.322	0.2041	-0.7844	-0.8966	0.5637	-0.2826	-0.0251	-0.2077	0.02161	-0.05575	0.08925	-0.1556	0.004759	0.03861	0.0721	0.007904	-0.01448	-0.006515	-0.01292
124	2.465	1.455	-0.7157	-0.7269	0.6794	0.1552	-0.4678	0.009554	0.007122	0.1217	-0.4307	0.3147	-0.2323	-0.09998	0.07236	0.1703	0.01197	-0.008687	-0.01833	0.01217	-0.01151
125	2.741	2.125	-0.5079	-0.8882	0.8553	0.4943	-0.7169	-0.06483	0.04472	0.06997	-0.3028	0.2815	-0.09753	0.002513	0.0224	0.2342	-0.01385	-0.02931	-0.0731	0.005322	-0.009413
126	0.3464	-2.225	-1.258	-0.7332	-0.06981	0.27	0.901	0.3158	-0.1881	0.04703	-0.03012	0.06295	-0.08192	0.05101	-0.01034	0.1597	-0.002144	-0.03898	0.006115	0.02454	0.005722
127	0.6225	-1.673	-1.216	-0.2511	-0.5941	-0.2558	0.8639	-0.09717	-0.2198	-0.2062	0.1016	-0.04659	0.1941	-0.07358	0.02144	0.2691	-0.05714	-0.05792	0.02278	0.01233	-0.01026
128	2.613	1.691	-0.8026	-0.3985	0.1428	0.3065	-0.5611	0.09075	0.02942	-0.1527	0.05259	0.03876	-0.03112	-0.004169	-0.02079	-0.1049	0.05791	-0.0004217	-0.06598	-0.003942	-0.003773
129	3.311	2.961	-0.2941	-0.9539	1.045	1.043	-1.246	0.2897	0.03051	-0.03149	0.3341	0.05016	0.1486	0.2814	-0.0882	-0.2669	-0.05693	-0.01271	-0.1648	-0.02356	0.01711
130	3.1	2.453	-0.7472	-0.5218	0.6884	0.7324	-0.7642	0.241	-0.03457	-0.3228	0.1132	-0.03264	-0.04474	-0.03107	-0.001579	-0.05848	0.1211	0.04125	-0.06883	-0.003955	0.002078
131	1.841	0.486	-0.9606	-0.3364	-0.01381	-0.152	0.4341	-0.4938	-0.1992	-0.0655	-0.1568	0.009623	-0.08901	-0.1576	0.04724	0.1871	0.03517	-0.04069	0.01607	0.0181	-0.004956
132	0.8583	-1.305	-1.095	-0.5205	0.5263	-0.7839	0.8111	-0.03155	-0.03564	0.3075	-0.06165	0.01636	-0.2747	0.01775	0.06191	-0.1694	0.01143	0.03285	-0.01851	0.02216	-0.000728
133	0.6621	-1.597	-1.124	-0.5152	0.2419	-0.58	0.9616	-0.08692	-0.1727	0.2595	0.05158	0.05635	0.09548	0.09273	0.008816	0.02677	-0.09944	-0.01535	0.01189	0.01232	0.01022
134	2.667	1.845	-0.7599	-0.4049	0.4583	0.4241	-0.4211	-0.107	-0.09279	-0.2091	0.1135	-0.0813	-0.03121	-0.08199	0.02292	0.01516	0.07651	0.0002247	-0.07799	-0.003742	0.00213
135	1.985	0.7853	-0.9522	-0.1365	-0.104	-0.2206	0.4048	-0.5695	-0.1998	-0.2567	0.1007	-0.1721	0.04196	-0.1567	0.03168	0.1372	0.05508	-0.01997	-0.008716	0.005434	-0.004984
136	0.9441	-1.343	-1.705	0.4745	-1.727	-0.7199	-0.02806	0.3881	0.2209	0.2403	-0.1851	0.266	-0.05955	-0.145	-0.04511	-0.217	0.07356	-0.04017	-0.071	-0.01377	-0.007718
137	0.6663	-1.926	-1.811	0.4919	-1.92	-0.6035	-0.1795	0.769	0.2779	0.1103	-0.1814	0.3247	0.02545	-0.1541	-0.03669	-0.1192	0.06213	-0.03756	-0.07893	-0.01907	-0.01531
138	0.4695	-2.251	-1.817	0.08613	-1.573	-0.3434	-0.2868	1.093	0.235	0.6767	-0.2721	0.6191	0.02156	0.0478	-0.1511	-0.3046	-0.06706	-0.03955	-0.0794	-0.02131	0.002959
139	0.1471	-3.162	-2.117	0.09115	-1.411	0.1586	-0.05868	1.638	0.1433	0.2539	-0.1426	0.4889	0.1671	0.01577	-0.08519	-0.1105	0.03428	-0.002489	-0.07915	-0.02198	0.006663
140	1.193	-0.7126	-1.589	0.6358	-1.996	-0.8697	-0.4356	0.298	0.4102	0.1391	-0.1738	0.2758	0.01944	-0.1566	-0.06449	-0.11	0.08097	-0.04301	-0.08525	-0.03299	-0.02382
141	0.4307	-2.461	-1.893	0.3086	-1.719	-0.2866	-0.1913	1.129	0.2672	0.2168	-0.1644	0.3703	-0.03541	-0.08276	-0.04889	-0.2127	0.06682	-0.0279	-0.09249	-0.0144	-0.006115
142	0.3417	-2.607	-1.84	0.2528	-1.645	-0.2525	-0.2027	1.228	0.2338	-0.01171	-0.1088	0.3834	0.2157	-0.07578	-0.03241	0.04384	0.005901	-0.02524	-0.07607	-0.0247	-0.01638
143	0.5066	-2.174	-1.896	0.3837	-1.775	-0.4107	-0.1692	0.9475	0.3387	0.2502	-0.1859	0.3434	-0.0796	-0.08471	-0.07375	-0.1892	0.1131	-0.01732	-0.0878	-0.02121	-0.00886
144	-8.503	3.083	-3.026	0.764	-1.706	-0.5299	-1.895	1.478	-1.504	-0.09028	-1.008	-1.066	-0.04905	0.3181	-0.1954	0.06217	-0.1691	-0.1346	0.05693	-0.3559	-0.02273
145	-5.389	2.707	-0.6518	0.8889	-2.608	-1.331	-1.454	0.8585	-0.7965	0.6798	-0.02575	-0.104	0.09279	0.6028	-0.2709	0.4052	0.7257	-0.07209	0.004141	0.2881	-0.04347
146	-8.247	2.937	-2.919	0.9225	-1.961	-0.6917	-1.796	1.301	-1.675	-0.1472	-0.9143	-1.147	-0.006111	0.4383	0.01161	0.02291	-0.2514	0.1485	-0.04292	0.04205	-0.1023
147	0.6451	-2.204	-2.13	0.3419	-1.464	-0.2324	-0.1387	1.193	0.1927	0.5275	-0.3356	0.5225	-0.05221	-0.09135	-0.07833	-0.25	0.09734	-0.0007609	-0.08384	-0.02139	0.009609
148	1.298	-0.7169	-1.702	0.7384	-1.96	-0.8376	-0.3838	0.3734	0.3185	0.02174	-0.203	0.2331	-0.04189	-0.2739	-0.013	-0.1222	0.1232	-0.02943	-0.08565	-0.02331	-0.02069
149	0.6532	-2.107	-2.089	0.5013	-1.717	-0.4124	-0.03258	0.9803	0.1888	0.3301	-0.2218	0.395	0.01763	-0.127	-0.07254	-0.2121	0.1044	-0.006636	-0.07404	-0.02228	0.002835
150	-1.246	-1.376	0.3149	2.331	2.875	-3.97	-1.426	0.9259	0.8464	-0.5631	-0.0725	-0.02123	0.2095	-0.03034	0.227	0.1765	0.02588	0.3713	-0.05064	-0.04765	0.09042
151	0.1386	-0.4439	0.1435	2.175	-0.7629	-0.005549	0.0419	-0.3197	0.05501	-0.396	-0.1031	0.3456	-0.1199	-0.4272	0.02551	0.131	0.1599	0.08513	0.02387	-0.01775	0.09882
152	-1.113	-0.6761	0.5633	1.831	-0.931	-0.1092	-0.5828	-0.7318	0.1907	-0.04009	-0.1017	-0.1106	0.03425	-0.07911	-0.1526	-0.08981	-0.1329	0.1458	-0.04013	0.0788	0.06598
153	-0.2569	0.07815	1.287	1.442	-1.171	-0.4005	-0.2219	-0.3769	0.2996	-0.01601	-0.1546	0.2501	0.05779	0.3156	-0.1151	-0.06408	-0.2419	-0.001254	-0.006905	-0.02358	0.09832
154	-1.205	-1.004	0.4619	1.279	-0.6314	-0.06431	-0.4502	-0.372	0.6918	-0.3252	-0.4104	0.2981	0.01489	0.1592	-0.159	-0.1988	-0.0478	0.143	-0.1095	0.1232	0.01919
155	-1.925	-1.683	0.4407	1.674	-0.008962	0.7726	-1.119	-1.11	0.8816	0.5116	-0.07159	0.04503	0.3055	-0.4244	0.02074	-0.2922	-0.1627	-0.008703	-0.07172	0.4966	-0.1447
156	-2.347	-3.176	0.1215	1.923	0.5242	1.625	-1.482	-0.5147	-0.1227	0.9144	0.551	-0.008263	0.4311	-0.5457	0.1685	0.2135	-0.09375	0.01871	-0.01403	0.06741	0.02541
157	-0.9599	-0.8899	0.8666	1.398	-0.711	0.05025	-0.5379	-0.9936	0.6856	0.2696	0.06007	0.4374	0.1504	0.1964	-0.2778	0.1103	-0.05066	0.002491	-0.0398	-0.01371	0.06472
158	0.5373	0.5975	1.298	1.801	-1.083	-0.179	0.09607	0.2772	0.349	-0.04889	-0.0737	0.2759	-0.03089	-0.1656	-0.03845	0.02124	-0.02986	0.03364	0.05852	-0.03258	0.07971
159	0.4151	0.4799	1.415	1.603	-1.131	-0.2891	0.07249	0.0853	0.3507	0.0355	-0.06501	0.4225	0.07661	-0.002173	-0.07962	0.0003386	-0.1515	-0.007771	0.02621	-0.03733	0.0841
160	-2.326	-1.362	-0.3329	2.335	-0.0706	0.8121	-1.169	-0.6496	-0.3818	0.1842	-0.8404	-1.271	0.2648	0.3348	0.4638	-0.01463	-0.2114	0.2971	-0.1188	0.2397	0.0787
161	-1.156	-0.5072	0.09568	1.928	-0.6666	0.08231	-0.6434	-0.53	-0.2152	-0.1333	-0.8453	-0.5261	-0.0248	0.5483	0.4178	-0.0576	-0.3008	0.1501	-0.03247	0.172	0.08852
162	-0.4294	-0.987	0.869	1.561	-0.8701	-0.07724	-0.4945	-0.6723	0.1974	-0.1845	-0.02845	0.4709	0.07737	-0.07797	-0.02577	0.04207	-0.1499	-0.05175	-0.05054	-0.02786	0.08827
163	-2.472	-3.855	0.4164	2.336	1.42	2.165	-2.223	-0.8484	0.1209	1.537	0.3807	-0.4169	0.8524	-1.064	0.1613	0.07271	0.0674	-0.003731	0.07067	0.0732	0.009163
164	0.07337	-0.1161	0.5965	2.024	-0.9508	-0.1675	-0.01643	-0.2176	0.07126	-0.3765	-0.1705	0.1044	-0.1402	-0.2124	0.04465	0.003177	0.06667	0.07748	-0.01368	-0.02122	0.1128
165	-0.9099	-0.9504	0.6326	1.539	-0.7285	0.1379	-0.4872	-0.7884	0.6583	-0.02711	0.007134	0.4239	0.1968	-0.06409	-0.06892	0.08317	-0.1468	-0.04351	-0.1089	0.1818	-0.03889
166	-0.4831	-1.93	-0.3219	1.108	2.865	-4.135	-1.217	0.9554	0.9407	0.02561	0.3071	-0.2659	0.1142	-0.1122	0.4463	0.1927	-0.1788	0.351	0.05835	-0.04802	-0.08358
167	0.7954	-0.5074	-0.9263	1.04	-0.7625	-0.3037	0.2521	-0.4235	-0.06497	-0.1585	-0.03353	0.01791	0.02865	-0.4097	-0.03269	0.1915	0.1366	0.06095	0.2264	-0.001462	-0.01299
168	-0.3255	-0.9847	-0.2752	0.4104	-0.945	-0.2783	-0.4052	-0.7445	0.6188	0.1817	0.1419	-0.2037	-0.11	-0.04202	-0.2198	0.08018	0.09115	-0.03335	0.03018	-0.2028	0.01639
169	0.1757	-0.09097	0.393	-0.01546	-1.121	-0.5839	-0.4235	-0.89	0.7738	0.3043	0.177	0.1023	0.1437	0.431	-0.3244	0.1691	-0.1365	-0.06962	0.09286	-0.04712	-0.02262
170	-0.9108	-1.463	0.1371	0.1224	-0.6445	-0.1952	-0.7277	-0.735	1.085	0.2399	0.1834	-0.304	-0.1638	0.1721	-0.2968	0.3053	0.2203	0.03725	0.1327	-0.1369	-0.04356
171	-2.38	-2.335	-0.264	0.1836	0.1058	0.9925	-1.304	-0.9114	1.903	1.71	0.7584	-0.6698	-0.8833	0.543	-0.2562	0.6613	0.2905	-0.1824	-0.01685	-0.4342	-0.03308
172	-1.67	-4.311	-0.05255	-0.1138	0.08788	1.336	-1.226	0.4483	0.2741	0.6664	0.7194	-0.2308	-0.801	-0.08018	0.3793	0.004677	-0.2448	-0.2554	-0.04236	0.06206	-0.03681
173	-0.3667	-1.301	0.3856	-0.2723	-1.044	-0.3777	-0.4299	-0.6238	0.6689	-0.02878	0.02426	0.05659	-0.2613	0.3372	-0.2081	-0.002411	-0.1039	-0.06961	0.07839	-0.002779	-0.01887
174	1.252	0.4748	-0.2794	0.6965	-0.8176	-0.3387	-0.1408	-0.3061	0.1554	-0.04462	0.0551	0.06297	0.07637	-0.1611	-0.0814	0.03556	-0.03522	0.01257	0.2627	0.01355	-0.03245
175	1.134	0.3485	-0.09054	0.3786	-0.9661	-0.522	-0.06268	-0.3787	0.1959	-0.03433	0.0185	0.2523	0.1489	0.07323	-0.1669	-0.03298	-0.1733	-0.02006	0.2472	0.01332	-0.0308
176	-1.165	-2.155	-0.3352	0.3701	-0.5779	0.27	-0.812	-0.1865	-0.002904	-0.108	-0.3968	-0.965	-0.2677	0.1604	0.1465	-0.09562	0.04083	0.03379	0.1013	-0.03668	0.05076
177	-0.5568	-0.86	-0.5752	0.3108	-0.8828	-0.2326	-0.4046	-0.234	0.08045	-0.0948	-0.5533	-0.6516	-0.4984	0.6458	0.1114	0.1287	-0.1081	0.1285	0.06662	0.01249	0.03182
178	-0.1767	-1.388	0.3736	-0.01756	-1.117	-0.3954	-0.5207	-0.5999	0.502	-0.2075	0.1634	0.003678	-0.2605	0.1074	-0.0243	0.08683	-0.2134	-0.1319	0.127	0.02907	-0.05501
179	-1.893	-5.183	-0.3753	-0.3691	0.7995	1.825	-1.351	1.276	0.3989	1.052	0.4503	-0.1916	-1.385	0.005066	0.417	-0.4191	-0.1089	-0.1978	-0.1107	0.09092	-0.0145
180	0.2959	-0.2637	-0.1179	0.5407	-0.9769	-0.5035	-0.3303	-0.702	0.1266	0.04147	0.09665	-0.173	0.007456	-0.03246	-0.1671	0.09939	-0.1597	-0.0292	0.1495	0.00221	-0.01013
181	-0.3673	-1.42	0.1446	0.01703	-0.9779	-0.2147	-0.4775	-0.5395	0.6714	-0.1001	0.1444	-0.03333	-0.271	0.1195	-0.1064	0.1715	-0.07731	-0.09724	0.06461	0.03846	-0.05346
182	-2.531	0.001292	2.672	-2.519	-1.292	-1.279	-0.5503	-0.3365	-1.116	-0.003488	0.5996	0.1521	-0.1759	0.0473	0.354	-0.02234	-0.1714	0.02955	-0.03126	-0.03361	0.04852
183	-1.849	-1.129	2.385	-2.079	-1.163	-0.8459	-0.313	-0.4087	-0.3725	-0.4482	0.3375	-0.09109	-0.1928	-0.1655	0.05665	-0.2244	0.0934	-0.02601	-0.03173	0.002977	0.04409
184	-0.002366	1.656	3.201	-3.966	2.678	0.5235	-2.373	0.3508	-0.35	0.3665	-1.889	1.21	-1.111	-0.6471	0.5623	0.8496	0.1574	0.05968	0.04554	0.02665	0.02681
185	-1.773	-1.081	2.222	-2.126	-0.912	-0.6506	-0.387	-0.3196	-0.5812	-0.5523	0.2257	-0.03917	-0.318	-0.2787	0.1276	-0.159	0.07318	0.1322	-0.008095	-0.01801	0.04366
186	-3.945	1.942	3.328	-3.261	-1.893	-1.89	-0.6696	-0.04009	-1.929	1.56	1.137	0.7639	0.4816	0.2802	0.8117	-0.08191	0.07694	0.2655	0.04125	-0.08487	-0.006459
187	-1.786	-0.3132	3.022	-2.484	-1.354	-1.217	-0.3913	-0.6155	-0.559	0.1587	0.5391	0.3615	0.06342	0.1205	0.306	-0.1061	-0.1726	-0.1255	-0.04423	-0.03492	0.01357
188	-1.539	-1.13	2.274	-2.012	-0.6279	-0.785	-0.3794	-0.2523	-0.348	-0.6067	0.06772	-0.1468	-0.2537	-0.1095	0.322	-0.1202	0.1268	0.03616	-0.02896	-0.001313	0.04794
189	-2.05	-0.4759	2.65	-2.349	-1.163	-1.026	-0.4955	-0.4316	-0.8087	0.05834	0.1715	-0.02268	-0.04894	0.001506	0.1025	-0.3589	-0.07465	0.09303	-0.007805	-0.03559	0.07125
