AH-H-Abyss	54	174	52	654090	4969260	4985428	4967717	237457	121603	7	15	61,53	0	0	0	0	0	0	0	12	162641	34	25	29	4071442	1049	44	59	2686,51	112,68	43	1	91	1,83	15,01	1,032	607	52419	237457	122207	NA	NA	NA	NA	7	14	NA	NA	NA	NA
AH-H-Cabog	94	113	81	710684	5004541	5009370	4994206	278382	133236	6	12	61,6	2	2	0	0	2	28456	1	40	349640	32	20	24	3915649	5044	186	275	3837,64	141,51	181	5	0	0	14,751	1,056	598	52397	278382	156215	NA	NA	NA	NA	6	11	NA	NA	NA	NA
AH-H-Mira	118	1314	58	290325	4958807	5269026	4921055	244066	137773	10	16	61,57	1	1	0	0	1	19737	3	72	282923	36	25	27	3943747	2164	95	139	3566,6	156,57	92	3	209	4,21	15,145	1,021	633	52419	246249	140806	NA	NA	NA	NA	9	15	NA	NA	NA	NA
AH-H-Msrca	28	32	25	1124684	4914380	4915618	4912397	828647	235264	3	7	61,61	2	2	0	0	2	3104	0	2	3606	21	14	18	4252760	1575	61	88	3634,39	140,76	60	1	0	0	13,728	1,01	565	52419	828647	245339	NA	NA	NA	NA	3	6	NA	NA	NA	NA
AH-H-Sga	144	2186	132	199964	4869935	5123704	4862122	67129	38026	25	50	61,62	3	3	0	0	3	131784	9	68	1237798	61	25	45	2821686	17253	694	1084	4131,45	166,19	666	28	0	0	15,852	1,078	623	52419	68839	40005	NA	NA	NA	NA	24	47	NA	NA	NA	NA
AH-H-Soap	41	216	36	455879	4888841	4915552	4885465	243851	136903	8	15	61,61	0	0	0	0	0	0	0	6	112057	28	23	25	4070139	2592	92	127	3967,49	140,82	90	2	0	0	14,87	1,002	603	52419	243851	165019	NA	NA	NA	NA	8	14	NA	NA	NA	NA
AH-H-Spades	47	339	38	592124	4929385	5011698	4923079	379681	129901	5	12	61,54	1	1	0	0	1	579	0	13	46999	26	20	25	4145432	2011	75	107	3611,13	134,68	73	2	63	1,28	15,166	1,024	617	52419	379681	137987	NA	NA	NA	NA	5	11	NA	NA	NA	NA
AH-H-Velvet	53	103	51	526254	4886581	4895627	4884654	180361	93861	9	18	61,61	0	0	0	0	0	0	0	10	159840	39	27	34	4023562	2248	74	108	3648,52	120,1	73	1	0	0	14,808	1,001	606	52419	184389	104748	NA	NA	NA	NA	8	17	NA	NA	NA	NA
BC-H-Abyss	374	894	325	257581	5805336	5879341	5771919	42572	19054	38	92	35,2	5	5	0	0	4	3003	2	317	4185249	42	9	13	1570119	971	60	75	3383,28	209,06	59	1	0	0	0,824	1,163	95	9186	48457	23757	NA	NA	NA	NA	32	71	NA	NA	NA	NA
BC-M-Abyss	87	617	82	430487	5380960	5431491	5376981	130570	69698	12	26	35,3	1	1	0	0	1	29730	23	1	69698	9	1	9	126428	339	417	2711	6,59	8,11	330	87	5511	102,42	98,498	1,012	5584	430487	130570	70047	130570	65667	130570	70047	12	25	12	26	12	25
BC-H-Cabog	163	164	163	387299	4796994	4797470	4796994	79405	31477	17	43	34,96	0	0	0	0	0	0	0	122	2848290	41	10	26	1908957	606	53	56	3550,71	310,54	53	0	0	0	0,612	1,244	59	5194	68746	21234	NA	NA	NA	NA	20	56	NA	NA	NA	NA
BC-M-Cabog	77	78	77	258489	5419570	5419995	5419570	155352	76333	13	26	35,41	3	3	0	0	3	316206	6	3	107565	8	2	7	89090	257	124	251	4,95	2,39	120	4	0	0	99,316	1,008	5698	258489	155352	83639	150479	66337	155352	81015	13	24	14	27	13	25
BC-H-Mira	610	687	437	524448	5641826	5670388	5517018	43373	15003	28	85	35,21	1	1	0	0	1	995	0	490	3677450	70	13	21	1873594	2593	90	103	3381,23	117,36	90	0	256	4,54	1,617	1,075	119	5197	48092	20475	NA	NA	NA	NA	23	67	NA	NA	NA	NA
BC-M-Mira	132	164	96	311769	5413818	5422635	5389079	116480	52231	14	32	35,42	7	7	0	0	6	467784	12	7	109930	10	1	2	54559	253	114	230	4,88	2,2	110	4	191	3,53	99,256	1,018	5692	311769	116480	58582	100038	51055	102705	52231	14	29	15	34	14	31
BC-H-Msrca	210	259	180	397830	5624071	5640375	5602907	97165	34913	16	40	35,21	4	4	0	0	3	3269	1	152	2963960	50	17	20	2601854	645	46	63	2881,27	205,49	45	1	0	0	0,933	1,198	112	9186	119395	47789	NA	NA	NA	NA	14	33	NA	NA	NA	NA
BC-M-Msrca	68	90	55	766822	5432639	5440292	5422846	246697	170659	6	13	35,39	8	8	0	0	8	274719	11	0	0	6	4	6	196772	484	188	329	9,34	3,63	184	4	0	0	99,22	1,013	5727	766822	337861	177353	246697	170659	337861	177353	5	12	6	13	5	12
BC-H-Sga	567	30012	463	108975	5471145	8771094	5397822	23397	10868	69	155	35,18	0	0	0	0	0	0	0	541	4916800	26	2	11	527612	1041	31	33	3977,69	118,45	31	0	0	0	0,508	1,008	22	5197	24578	12541	NA	NA	NA	NA	64	139	NA	NA	NA	NA
BC-M-Sga	361	3344	320	106317	5368062	6180355	5340740	25767	16197	64	129	35,3	1	1	0	0	1	508	1	11	127974	11	1	0	68893	45	103	256	0,87	2	97	6	0	0	98,516	1,005	5465	106317	26552	17410	25425	14810	25876	16197	61	122	65	132	62	125
BC-H-Soap	284	3161	248	268115	5599263	5991251	5573897	57780	21257	30	74	35,19	1	1	0	0	1	503	1	250	4086765	31	7	12	1475931	824	30	34	3904,84	142,17	30	0	0	0	0,683	1,026	49	9186	58377	25203	NA	NA	NA	NA	27	62	NA	NA	NA	NA
BC-M-Soap	79	123	73	606530	5341631	5352193	5337776	246346	78462	6	16	35,28	0	0	0	0	0	0	20	13	197377	0	0	0	0	473	153	377	9,2	2,98	145	8	0	0	98,414	1,003	5605	606357	246346	78614	246346	78462	246346	78614	6	15	6	16	6	15
BC-H-Spades	252	1127	179	459337	5729752	5962659	5678972	94312	37419	15	38	35,26	5	5	0	0	5	3725	0	179	2603093	55	17	28	3056794	722	55	62	2353,02	179,25	55	0	919	16,04	1,09	1,229	88	9186	101608	55255	NA	NA	NA	NA	13	30	NA	NA	NA	NA
BC-M-Spades	113	50090	99	346945	5395402	17888992	5385812	103691	60216	17	34	35,36	4	4	0	0	3	1999	12	2	1266	6	4	3	196781	673	151	525	13,03	2,92	137	14	221	4,1	98,997	1,007	5662	346882	105260	64958	103691	57465	105260	60216	16	32	17	35	16	33
BC-H-Velvet	282	527	251	267159	4966856	5016338	4944132	44126	20909	33	74	35,48	0	0	0	0	0	0	0	250	3773534	27	4	15	1151206	1027	35	39	3487,03	118,84	35	0	0	0	0,789	1,022	46	9186	40368	16783	NA	NA	NA	NA	36	84	NA	NA	NA	NA
BC-M-Velvet	373	444	351	91844	5310336	5325180	5295268	24786	13917	65	136	35,29	2	2	0	0	2	66858	9	30	191076	3	0	0	266	313	162	414	6,12	3,17	155	7	0	0	97,939	1,003	5349	91844	24921	14414	24577	13419	24921	13814	64	131	66	138	64	133
BC-H-Abyss	374	894	325	257581	5805336	5879341	5771919	42572	19054	38	92	35,2	NA	NA	NA	NA	NA	NA	NA	374	5805336	NA	NA	NA	NA	NA	NA	NA	NA	NA	NA	NA	x	0	NA	NA	NA	NA	257581	257581	NA	NA	NA	NA	1	1	NA	NA	NA	NA
BC-M-Abyss	87	617	82	430487	5380960	5431491	5376981	130570	69698	12	26	35,3	0	0	0	0	0	0	2	70	4636430	8	1	8	511520	15	11	89	7,24	5,31	7	4	5511	102,42	99,427	1,125	234	69698	430487	430487	NA	NA	39488	23521	1	1	NA	NA	2	4
BC-H-Cabog	163	164	163	387299	4796994	4797470	4796994	79405	31477	17	43	34,96	NA	NA	NA	NA	NA	NA	NA	163	4796994	NA	NA	NA	NA	NA	NA	NA	NA	NA	NA	NA	0	0	NA	NA	NA	NA	387299	387299	NA	NA	NA	NA	1	1	NA	NA	NA	NA
BC-M-Cabog	77	78	77	258489	5419570	5419995	5419570	155352	76333	13	26	35,41	0	0	0	0	0	0	0	61	4506052	7	2	7	685080	2	5	5	1,03	2,59	5	0	0	0	99,93	1,097	236	74529	258489	258489	NA	NA	22638	14100	1	1	NA	NA	3	6
BC-H-Mira	610	687	437	524448	5641826	5670388	5517018	43373	15003	28	85	35,21	NA	NA	NA	NA	NA	NA	NA	610	5641826	NA	NA	NA	NA	NA	NA	NA	NA	NA	NA	NA	256	4,54	NA	NA	NA	NA	524448	524448	NA	NA	NA	NA	1	1	NA	NA	NA	NA
BC-M-Mira	132	164	96	311769	5413818	5422635	5389079	116480	52231	14	32	35,42	0	0	0	0	0	0	3	105	4423884	10	1	7	770442	9	5	5	4,75	2,64	5	0	191	3,53	100	1,055	235	74370	311769	311769	NA	NA	22654	12504	1	1	NA	NA	3	6
BC-H-Msrca	210	259	180	397830	5624071	5640375	5602907	97165	34913	16	40	35,21	NA	NA	NA	NA	NA	NA	NA	210	5624071	NA	NA	NA	NA	NA	NA	NA	NA	NA	NA	NA	0	0	NA	NA	NA	NA	397830	397830	NA	NA	NA	NA	1	1	NA	NA	NA	NA
BC-M-Msrca	68	90	55	766822	5432639	5440292	5422846	246697	170659	6	13	35,39	0	0	0	0	0	0	1	55	4419587	6	3	6	788204	11	59	59	5,28	28,32	59	0	0	0	100	1,081	240	84617	766822	766822	NA	NA	46705	33826	1	1	NA	NA	2	3
BC-H-Sga	567	30012	463	108975	5471145	8771094	5397822	23397	10868	69	155	35,18	NA	NA	NA	NA	NA	NA	NA	567	5471145	NA	NA	NA	NA	NA	NA	NA	NA	NA	NA	NA	0	0	NA	NA	NA	NA	108975	108597	NA	NA	NA	NA	1	2	NA	NA	NA	NA
BC-M-Sga	361	3344	320	106317	5368062	6180355	5340740	25767	16197	64	129	35,3	0	0	0	0	0	0	0	328	5062466	8	0	0	93845	2	6	50	0,96	2,89	5	1	0	0	99,588	1,02	230	48739	106317	93548	NA	NA	19255	6188	1	2	NA	NA	4	10
BC-H-Soap	284	3161	248	268115	5599263	5991251	5573897	57780	21257	30	74	35,19	NA	NA	NA	NA	NA	NA	NA	284	5599263	NA	NA	NA	NA	NA	NA	NA	NA	NA	NA	NA	0	0	NA	NA	NA	NA	268115	268115	NA	NA	NA	NA	1	1	NA	NA	NA	NA
BC-M-Soap	79	123	73	606530	5341631	5352193	5337776	246346	78462	6	16	35,28	0	0	0	0	0	0	1	60	5133980	0	0	0	0	5	6	50	2,41	2,89	5	1	0	0	99,588	1,002	231	46937	606530	606530	NA	NA	19586	12040	1	1	NA	NA	4	7
BC-H-Spades	252	1127	179	459337	5729752	5962659	5678972	94312	37419	15	38	35,26	NA	NA	NA	NA	NA	NA	NA	252	5729752	NA	NA	NA	NA	NA	NA	NA	NA	NA	NA	NA	919	16,04	NA	NA	NA	NA	459337	459337	NA	NA	NA	NA	1	1	NA	NA	NA	NA
BC-M-Spades	113	50090	99	346945	5395402	17888992	5385812	103691	60216	17	34	35,36	0	0	0	0	0	0	2	93	4542562	8	0	3	630763	19	11	104	9,13	5,28	7	4	221	4,1	99,901	1,116	240	103897	346945	346945	NA	NA	46136	32207	1	1	NA	NA	2	3
BC-H-Velvet	282	527	251	267159	4966856	5016338	4944132	44126	20909	33	74	35,48	NA	NA	NA	NA	NA	NA	NA	282	4966856	NA	NA	NA	NA	NA	NA	NA	NA	NA	NA	NA	0	0	NA	NA	NA	NA	267159	267159	NA	NA	NA	NA	1	1	NA	NA	NA	NA
BC-M-Velvet	373	444	351	91844	5310336	5325180	5295268	24786	13917	65	136	35,29	1	1	0	0	1	6055	2	339	5054777	1	0	1	53887	19	4	4	9,41	1,98	4	0	0	0	96,901	1,002	205	24180	90692	90692	NA	NA	7949	4313	2	2	NA	NA	8	17
BF-H-Abyss	149	168	141	419237	7036707	7041280	7031322	106769	56017	19	42	43,43	154	144	0	10	64	5508098	53	34	335943	28	9	22	347720	28510	1601	2749	661,17	37,13	1528	73	239	3,4	80,626	1,467	3391	186153	146158	92833	38481	12492	50798	30333	13	25	54	132	35	69
BF-H-Cabog	136	138	136	363813	5213908	5214282	5213908	95840	42294	18	38	43,41	102	96	0	6	48	3570138	48	24	277939	25	6	13	198312	28116	2721	4086	659,26	63,8	2631	90	0	0	79,582	1,109	3301	182457	94207	41281	33716	9866	30567	7076	19	41	41	107	44	121
BF-H-Mira	174	542	109	378585	5340833	5433200	5299150	134263	84346	12	24	43,47	115	108	0	7	42	4218273	50	88	269971	27	6	9	248800	28784	1353	2690	669,71	31,48	1266	87	131	2,45	80,39	1,117	3373	188970	134263	84346	43533	13208	43533	13166	12	24	36	88	36	90
BF-H-Msrca	109	119	102	391846	5392427	5396385	5386876	158716	74628	11	23	43,45	119	108	0	11	45	4167060	50	19	221693	17	2	12	217963	29482	1271	2748	684,22	29,5	1173	98	0	0	80,517	1,146	3377	185930	158716	74628	42218	11177	42218	11607	11	23	37	93	37	92
BF-H-Sga	281	2291	233	188622	5209075	5508253	5177435	45047	26391	38	76	43,45	65	65	0	0	45	2145331	39	75	339100	52	8	31	339945	27275	1117	2267	641,35	26,27	1043	74	0	0	79,584	1,06	3303	133449	41244	24099	27630	7687	27083	6225	40	81	58	140	61	157
BF-H-Soap	149	402	118	384109	5262789	5314517	5241412	125627	58562	14	30	43,47	92	92	0	0	37	3785868	46	59	253980	21	5	13	263522	28301	1239	2509	660,86	28,93	1154	85	0	0	80,132	1,103	3360	185821	116105	56336	42686	12745	41464	11178	15	32	38	92	39	99
BF-H-Spades	110	151	86	534462	5319487	5332156	5302376	157732	86371	10	22	43,47	104	100	0	4	30	3997256	50	46	253522	18	3	12	232326	28649	1397	2651	666,63	32,51	1315	82	439	8,25	80,382	1,12	3373	185423	157732	86371	43492	14057	42951	13166	10	22	37	87	38	90
BF-H-Velvet	142	246	120	286976	5261270	5289907	5246405	125214	59460	14	29	43,46	98	94	0	4	33	3745674	46	63	257196	18	6	13	230190	28262	1333	2553	660,05	31,13	1252	81	0	0	80,117	1,109	3363	185610	125214	59261	42686	13480	41192	11607	14	30	37	89	39	96
MA-H-Abyss	96	147	87	610290	5123560	5134453	5116313	119446	68977	15	29	64,1	NA	NA	NA	NA	NA	NA	NA	96	5123560	NA	NA	NA	NA	NA	NA	NA	NA	NA	NA	NA	620	12,1	NA	NA	NA	NA	610290	610290	NA	NA	NA	NA	1	1	NA	NA	NA	NA
MA-M-Abyss	149	328	131	245660	5116522	5149082	5104376	70424	39013	24	48	64,1	NA	NA	NA	NA	NA	NA	NA	149	5116522	NA	NA	NA	NA	NA	NA	NA	NA	NA	NA	NA	219	4,28	NA	NA	NA	NA	245660	245660	NA	NA	NA	NA	1	1	NA	NA	NA	NA
MA-H-Cabog	127	127	127	238341	5116091	5116091	5116091	81416	42966	21	43	64,1	NA	NA	NA	NA	NA	NA	NA	127	5116091	NA	NA	NA	NA	NA	NA	NA	NA	NA	NA	NA	36	0,7	NA	NA	NA	NA	238341	238341	NA	NA	NA	NA	1	1	NA	NA	NA	NA
MA-M-Cabog	856	857	856	40668	5116310	5116733	5116310	8655	4755	176	378	64,08	NA	NA	NA	NA	NA	NA	NA	856	5116310	NA	NA	NA	NA	NA	NA	NA	NA	NA	NA	NA	0	0	NA	NA	NA	NA	40668	40668	NA	NA	NA	NA	1	1	NA	NA	NA	NA
MA-H-Mira	82	16036	59	338337	5151058	7760947	5136999	147272	109542	12	22	64,11	NA	NA	NA	NA	NA	NA	NA	82	5151058	NA	NA	NA	NA	NA	NA	NA	NA	NA	NA	NA	106	2,06	NA	NA	NA	NA	338337	338337	NA	NA	NA	NA	1	1	NA	NA	NA	NA
MA-M-Mira	532	2167	103	279306	5431987	5922392	5167879	89612	46469	15	36	64,09	NA	NA	NA	NA	NA	NA	NA	532	5431987	NA	NA	NA	NA	NA	NA	NA	NA	NA	NA	NA	165	3,04	NA	NA	NA	NA	279306	279306	NA	NA	NA	NA	1	1	NA	NA	NA	NA
MA-H-Msrca	63	66	57	375149	5144734	5146013	5140375	246830	110872	9	17	64,13	NA	NA	NA	NA	NA	NA	NA	63	5144734	NA	NA	NA	NA	NA	NA	NA	NA	NA	NA	NA	0	0	NA	NA	NA	NA	375149	375149	NA	NA	NA	NA	1	1	NA	NA	NA	NA
MA-M-Msrca	325	326	316	104386	5418108	5418490	5411756	36211	18405	52	104	64,1	NA	NA	NA	NA	NA	NA	NA	325	5418108	NA	NA	NA	NA	NA	NA	NA	NA	NA	NA	NA	0	0	NA	NA	NA	NA	104386	104386	NA	NA	NA	NA	1	1	NA	NA	NA	NA
MA-H-Sga	304	679	281	101254	5122631	5183701	5107561	28734	17153	55	110	64,11	NA	NA	NA	NA	NA	NA	NA	304	5122631	NA	NA	NA	NA	NA	NA	NA	NA	NA	NA	NA	0	0	NA	NA	NA	NA	101254	101254	NA	NA	NA	NA	1	1	NA	NA	NA	NA
MA-M-Sga	666	1230	612	59847	5232350	5380709	5193149	12890	7614	126	255	64,08	NA	NA	NA	NA	NA	NA	NA	666	5232350	NA	NA	NA	NA	NA	NA	NA	NA	NA	NA	NA	0	0	NA	NA	NA	NA	59847	59847	NA	NA	NA	NA	1	1	NA	NA	NA	NA
MA-H-Soap	71	143	65	474277	5136175	5150322	5131712	148639	88169	11	22	64,09	NA	NA	NA	NA	NA	NA	NA	71	5136175	NA	NA	NA	NA	NA	NA	NA	NA	NA	NA	NA	0	0	NA	NA	NA	NA	474277	474277	NA	NA	NA	NA	1	1	NA	NA	NA	NA
MA-M-Soap	91	197	84	286460	5133667	5152802	5128622	131561	68567	14	29	64,09	NA	NA	NA	NA	NA	NA	NA	91	5133667	NA	NA	NA	NA	NA	NA	NA	NA	NA	NA	NA	0	0	NA	NA	NA	NA	286460	286460	NA	NA	NA	NA	1	1	NA	NA	NA	NA
MA-H-Spades	74	99	60	627055	5132082	5139836	5122962	150258	94999	10	20	64,11	NA	NA	NA	NA	NA	NA	NA	74	5132082	NA	NA	NA	NA	NA	NA	NA	NA	NA	NA	NA	0	0	NA	NA	NA	NA	627055	627055	NA	NA	NA	NA	1	1	NA	NA	NA	NA
MA-M-Spades	73	910	53	498363	5158616	5412372	5146535	220161	122266	8	16	64,02	NA	NA	NA	NA	NA	NA	NA	73	5158616	NA	NA	NA	NA	NA	NA	NA	NA	NA	NA	NA	184	3,57	NA	NA	NA	NA	498363	498363	NA	NA	NA	NA	1	1	NA	NA	NA	NA
MA-H-Velvet	138	189	132	191465	5126222	5136597	5122117	60955	37038	28	54	64,11	NA	NA	NA	NA	NA	NA	NA	138	5126222	NA	NA	NA	NA	NA	NA	NA	NA	NA	NA	NA	0	0	NA	NA	NA	NA	191465	191465	NA	NA	NA	NA	1	1	NA	NA	NA	NA
MA-M-Velvet	203	286	189	226629	5136825	5161555	5127654	47327	25959	35	71	64,07	NA	NA	NA	NA	NA	NA	NA	203	5136825	NA	NA	NA	NA	NA	NA	NA	NA	NA	NA	NA	0	0	NA	NA	NA	NA	226629	226629	NA	NA	NA	NA	1	1	NA	NA	NA	NA
MA-H-Abyss	96	147	87	610290	5123560	5134453	5116313	119446	68977	15	29	64,1	4	4	0	0	4	302822	8	0	0	3	2	2	66194	196	109	657	3,93	2,19	82	27	620	12,1	99,529	1,019	NA	610150	119446	68977	111763	63561	115738	63561	15	29	16	31	15	31
MA-M-Abyss	149	328	131	245660	5116522	5149082	5104376	70424	39013	24	48	64,1	2	2	0	0	2	92402	2	0	0	5	2	4	78075	79	70	203	1,59	1,41	63	7	219	4,28	99,382	1,004	NA	245660	70424	39233	67488	35186	68549	36304	24	47	25	50	24	49
MA-H-Cabog	127	127	127	238341	5116091	5116091	5116091	81416	42966	21	43	64,1	7	7	0	0	7	612517	6	0	0	6	2	3	65602	428	292	427	8,55	5,83	287	5	36	0,7	99,345	1,004	NA	238341	81416	43785	78165	38766	78165	40137	21	42	23	47	23	46
MA-M-Cabog	856	857	856	40668	5116310	5116733	5116310	8655	4755	176	378	64,08	122	122	0	0	115	617425	5	5	38295	14	0	4	36751	203	36	103	4,15	0,74	34	2	0	0	96,629	1,03	NA	40668	8726	4858	8265	4459	8421	4537	173	370	182	395	179	386
MA-H-Mira	82	16036	59	338337	5151058	7760947	5136999	147272	109542	12	22	64,11	22	22	0	0	15	1331243	6	0	0	1	0	0	25	288	44	141	5,69	0,87	42	2	106	2,06	99,845	1,027	NA	313312	147272	109542	129075	88214	129075	88214	12	22	15	26	15	26
MA-M-Mira	532	2167	103	279306	5431987	5922392	5167879	89612	46469	15	36	64,09	1085	1085	0	0	456	2501821	18	2	7076	2	1	1	11929	226	38	83	4,47	0,75	37	1	165	3,04	99,879	1,075	NA	257874	114083	53780	69002	33655	74997	42986	13	30	23	50	20	42
MA-H-Msrca	63	66	57	375149	5144734	5146013	5140375	246830	110872	9	17	64,13	6	6	0	0	6	1062986	2	0	0	0	0	0	0	2511	330	509	49,65	6,53	326	4	0	0	99,799	1,018	NA	309535	246830	110872	187809	88132	187809	88132	9	17	10	19	10	19
MA-M-Msrca	325	326	316	104386	5418108	5418490	5411756	36211	18405	52	104	64,1	70	70	0	0	69	471137	2	1	11781	14	0	6	60407	146	83	126	2,92	1,66	81	2	0	0	98,833	1,068	NA	104372	38240	21939	35496	17197	37156	20043	48	91	53	109	49	94
MA-H-Sga	304	679	281	101254	5122631	5183701	5107561	28734	17153	55	110	64,11	3	3	0	0	3	114888	1	0	0	3	2	2	66157	55	75	176	1,1	1,5	71	4	0	0	99,314	1,005	NA	101254	28781	17379	27712	15475	27760	16215	54	108	57	116	56	113
MA-M-Sga	666	1230	612	59847	5232350	5380709	5193149	12890	7614	126	255	64,08	6	6	0	0	6	78397	1	5	38083	5	0	3	34625	73	21	175	1,45	0,42	16	5	0	0	99,532	1,023	NA	59847	13391	8099	12516	6950	12871	7675	120	240	130	265	124	248
MA-H-Soap	71	143	65	474277	5136175	5150322	5131712	148639	88169	11	22	64,09	8	8	0	0	7	1261153	16	1	5385	1	1	1	11899	86	63	372	1,71	1,25	51	12	0	0	99,653	1,022	NA	474277	148639	89212	147199	75472	147199	75472	11	21	12	24	12	24
MA-M-Soap	91	197	84	286460	5133667	5152802	5128622	131561	68567	14	29	64,09	5	5	0	0	5	771028	19	1	5385	1	1	1	11899	105	66	474	2,08	1,31	53	13	0	0	99,595	1,028	NA	261142	131561	68982	113272	63022	113272	63420	14	28	15	32	15	31
MA-H-Spades	74	99	60	627055	5132082	5139836	5122962	150258	94999	10	20	64,11	4	4	0	0	4	551561	5	0	0	1	1	1	54213	107	84	215	2,14	1,68	80	4	0	0	99,699	1,013	NA	627055	150258	107346	147871	80282	147871	80282	10	19	10	21	10	21
MA-M-Spades	73	910	53	498363	5158616	5412372	5146535	220161	122266	8	16	64,02	6	6	0	0	6	925594	4	20	16591	0	0	0	0	237	54	127	4,68	1,07	52	2	184	3,57	99,871	1,02	NA	498363	220161	122266	209894	89745	209894	95280	8	16	9	18	9	17
MA-H-Velvet	138	189	132	191465	5126222	5136597	5122117	60955	37038	28	54	64,11	4	4	0	0	4	215454	9	0	0	2	2	2	66112	152	46	237	3,05	0,92	40	6	0	0	99,603	1,019	NA	191465	61615	37549	58337	34078	60267	35836	27	53	29	57	28	56
MA-M-Velvet	203	286	189	226629	5136825	5161555	5127654	47327	25959	35	71	64,07	72	72	0	0	54	1569654	3	1	5482	7	2	2	41395	125	35	154	2,48	0,7	32	3	0	0	99,42	1,018	NA	130350	48155	26238	40129	20444	41485	20620	34	69	40	83	39	81
RS-H-Abyss	520	1557	464	66408	4542138	4633465	4501467	13523	8662	98	205	68,72	0	0	0	0	0	0	0	500	4287630	5	0	5	133184	8	3	3	7,06	2,65	3	0	8	0,18	99,281	1,07	93	19894	66408	55823	NA	NA	11249	8381	1	2	NA	NA	5	7
RS-M-Abyss	382	846	339	71578	4503182	4567617	4474301	22050	11736	67	137	68,77	0	0	0	0	0	0	0	372	4389183	1	0	0	39	9	3	3	7,91	2,64	3	0	0	0	99,71	1,001	99	25367	71578	66861	NA	NA	18316	15260	1	2	NA	NA	3	5
RS-H-Cabog	534	539	531	41321	4214745	4216057	4212622	12421	7179	111	222	68,94	0	0	0	0	0	0	0	510	4079297	4	0	0	20914	3	0	0	2,69	0	0	0	0	0	97,634	1,027	86	15696	40728	39333	NA	NA	6765	4723	2	3	NA	NA	5	11
RS-M-Cabog	146	148	145	127844	3952525	3952878	3952023	41794	22363	30	64	69,06	0	0	0	0	0	0	0	142	3887512	4	0	2	63273	0	0	0	0	0	0	0	210	5,31	1,094	1,393	0	705	127844	127844	NA	NA	NA	NA	1	1	NA	NA	NA	NA
RS-H-Mira	640	1581	446	110511	4494266	4725855	4355336	18568	9191	69	154	68,89	0	0	0	0	0	0	0	586	4364722	3	0	1	20019	10	4	4	9,3	3,72	4	0	241	5,36	94,178	1,019	63	5728	110511	110511	NA	NA	3043	1444	1	1	NA	NA	14	28
RS-M-Mira	731	885	528	67456	4609809	4662776	4462783	15792	8236	90	191	68,75	0	0	0	0	0	0	0	623	4425615	9	0	1	56274	18	3	3	16,02	2,67	3	0	119	2,58	98,417	1,138	44	5447	67456	64176	NA	NA	1491	1045	1	2	NA	NA	24	47
RS-H-Msrca	106	130	89	358962	4479673	4489204	4468382	176783	102004	10	18	68,87	0	0	0	0	0	0	0	97	3707912	7	0	0	656233	105	4	4	91,96	3,5	4	0	0	0	100	1,012	104	57658	358962	358962	NA	NA	57658	56694	1	1	NA	NA	1	2
RS-M-Msrca	58	63	53	241348	4246144	4247935	4242597	142742	102371	12	21	68,9	0	0	0	0	0	0	0	52	3665724	6	0	0	578823	4	1	1	376,65	94,16	1	0	0	0	0,93	1,504	0	938	241348	241348	NA	NA	NA	NA	1	1	NA	NA	NA	NA
RS-H-Sga	577	12186	511	75323	4211737	5704978	4164683	12872	6960	96	204	68,7	0	0	0	0	0	0	0	555	4070838	5	0	0	33048	3	0	0	2,79	0	0	0	0	0	94,031	1,005	86	17253	75323	61836	NA	NA	12345	3236	1	2	NA	NA	4	9
RS-M-Sga	830	1032	726	44874	4563433	4621116	4486986	9224	4941	150	321	68,79	0	0	0	0	0	0	0	802	4398389	8	0	0	49550	8	3	3	7,07	2,65	3	0	0	0	99,156	1,02	89	16390	39550	36957	NA	NA	7865	4579	2	3	NA	NA	5	10
RS-H-Soap	720	7436	613	45522	4440636	5220141	4360313	11128	5955	121	259	68,88	0	0	0	0	0	0	1	685	4333020	1	0	0	14	36	72	72	33,63	67,26	72	0	0	0	93,752	1,005	70	13961	40274	40274	NA	NA	4127	2285	2	2	NA	NA	10	18
RS-M-Soap	354	441	302	115051	4527360	4554476	4489150	33829	16889	44	88	68,83	0	0	0	0	0	0	0	334	4391057	4	0	0	24277	5	0	0	4,5	0	0	0	0	0	97,25	1,009	89	32606	115051	115051	NA	NA	16585	8089	1	1	NA	NA	3	5
RS-H-Spades	163	350	134	291333	4628908	4670077	4607692	74486	47310	19	38	68,83	0	0	0	0	0	0	0	156	4316010	5	0	5	190818	8	3	3	7,01	2,63	3	0	691	14,93	100	1,069	104	94324	291333	291333	NA	NA	94324	94324	1	1	NA	NA	1	1
RS-M-Spades	105	275	100	286217	4588344	4618855	4584948	118093	53389	15	30	68,81	0	0	0	0	0	0	0	93	3987588	9	0	3	478393	15	3	3	13,14	2,63	3	0	466	10,16	100	1,072	103	61232	286217	286217	NA	NA	61232	32309	1	1	NA	NA	1	2
RS-H-Velvet	586	798	513	59062	4475470	4525236	4422515	13807	7500	98	207	68,76	0	0	0	0	0	0	0	568	4363309	1	0	0	39	15	3	3	13,39	2,68	3	0	0	0	98,079	1,001	91	19624	59062	53938	NA	NA	10332	5728	1	2	NA	NA	4	8
RS-M-Velvet	332	655	307	71713	4485514	4537774	4467985	24347	14804	58	115	68,77	0	0	0	0	0	0	0	320	4371287	1	0	0	39	10	3	3	8,77	2,63	3	0	0	0	99,816	1,002	97	42054	71713	70664	NA	NA	19945	7084	1	2	NA	NA	2	4
RS-H-Abyss	520	1557	464	66408	4542138	4633465	4501467	13523	8662	98	205	68,72	0	0	0	0	0	0	0	507	4354894	5	4	5	60474	47	2	3	44,77	1,91	2	0	8	0,18	99,703	1,208	55719	NA	66408	55823	NA	NA	55719	31941	1	2	NA	NA	1	2
RS-M-Abyss	382	846	339	71578	4503182	4567617	4474301	22050	11736	67	137	68,77	0	0	0	0	0	0	0	376	4397908	0	0	0	0	39	2	3	37,11	1,9	2	0	0	0	99,82	1,002	59779	NA	71578	66861	NA	NA	59779	26081	1	2	NA	NA	1	2
RS-H-Cabog	534	539	531	41321	4214745	4216057	4212622	12421	7179	111	222	68,94	0	0	0	0	0	0	0	524	4146760	7	2	0	29814	6	2	2	16,25	5,42	2	0	0	0	35,324	1,026	16150	NA	40728	40728	NA	NA	NA	NA	2	2	NA	NA	NA	NA
RS-M-Cabog	146	148	145	127844	3952525	3952878	3952023	41794	22363	30	64	69,06	0	0	0	0	0	0	0	142	3887512	4	2	2	63167	6	2	2	980,39	326,8	2	0	210	5,31	1,251	1,402	600	NA	127844	127844	NA	NA	NA	NA	1	1	NA	NA	NA	NA
RS-H-Mira	640	1581	446	110511	4494266	4725855	4355336	18568	9191	69	154	68,89	0	0	0	0	0	0	0	571	4377744	6	1	1	30826	35	0	0	42,89	0	0	0	241	5,36	78,892	1,032	5253	NA	110511	110511	NA	NA	1131	651	1	1	NA	NA	24	54
RS-M-Mira	731	885	528	67456	4609809	4662776	4462783	15792	8236	90	191	68,75	0	0	0	0	0	0	0	608	4427697	11	2	1	56607	58	2	2	56,62	1,95	2	0	119	2,58	98,459	1,211	6156	NA	67456	64176	NA	NA	1354	936	1	2	NA	NA	26	50
RS-H-Msrca	106	130	89	358962	4479673	4489204	4468382	176783	102004	10	18	68,87	0	0	0	0	0	0	0	94	3705276	7	2	1	666261	131	4	4	126,01	3,85	4	0	0	0	100	1,027	76502	NA	358962	358962	NA	NA	76502	26323	1	1	NA	NA	1	2
RS-M-Msrca	58	63	53	241348	4246144	4247935	4242597	142742	102371	12	21	68,9	0	0	0	0	0	0	0	47	3744344	7	1	2	491906	92	4	5	1628,9	70,82	4	0	0	0	5,365	1,752	2787	NA	241348	241348	NA	NA	NA	NA	1	1	NA	NA	NA	NA
RS-H-Sga	577	12186	511	75323	4211737	5704978	4164683	12872	6960	96	204	68,7	0	0	0	0	0	0	0	559	4079737	5	0	0	35768	0	0	0	0	0	0	0	0	0	90,904	1,005	37659	NA	75323	61836	NA	NA	10168	3950	1	2	NA	NA	3	6
RS-M-Sga	830	1032	726	44874	4563433	4621116	4486986	9224	4941	150	321	68,79	0	0	0	0	0	0	0	808	4423022	7	3	0	30881	30	4	5	28,53	3,8	4	0	0	0	99,887	1,042	27594	NA	39550	39550	NA	NA	23925	13441	2	2	NA	NA	3	4
RS-H-Soap	720	7436	613	45522	4440636	5220141	4360313	11128	5955	121	259	68,88	0	0	0	0	0	0	0	699	4341342	0	0	0	0	13	0	0	13,12	0	0	0	0	0	94,121	1,002	13117	NA	40274	40274	NA	NA	7843	3933	2	2	NA	NA	6	10
RS-M-Soap	354	441	302	115051	4527360	4554476	4489150	33829	16889	44	88	68,83	0	0	0	0	0	0	0	333	4399402	4	0	0	25768	28	0	0	27,93	0	0	0	0	0	95,21	1,019	37644	NA	115051	115051	NA	NA	22081	5975	1	1	NA	NA	2	5
RS-H-Spades	163	350	134	291333	4628908	4670077	4607692	74486	47310	19	38	68,83	0	0	0	0	0	0	0	151	4325167	6	5	6	185307	26	4	5	24,7	3,8	4	0	691	14,93	100	1,125	73118	NA	291333	291333	NA	NA	73118	28008	1	1	NA	NA	1	2
RS-M-Spades	105	275	100	286217	4588344	4618855	4584948	118093	53389	15	30	68,81	0	0	0	0	0	0	0	90	3993153	9	3	5	476257	19	2	3	18,07	1,9	2	0	466	10,16	99,871	1,131	77174	NA	286217	286217	NA	NA	77174	26467	1	1	NA	NA	1	2
RS-H-Velvet	586	798	513	59062	4475470	4525236	4422515	13807	7500	98	207	68,76	0	0	0	0	0	0	0	576	4372647	1	0	0	43	6	2	3	5,85	1,95	2	0	0	0	97,489	1,001	29930	NA	59062	53938	NA	NA	26081	24546	1	2	NA	NA	2	3
RS-M-Velvet	332	655	307	71713	4485514	4537774	4467985	24347	14804	58	115	68,77	0	0	0	0	0	0	0	323	4381830	0	0	0	0	5	2	3	4,83	1,93	2	0	0	0	98,388	1,001	39660	NA	71713	70664	NA	NA	26045	20153	1	2	NA	NA	2	3
RS-H-Abyss	520	1557	464	66408	4542138	4633465	4501467	13523	8662	98	205	68,72	0	0	0	0	0	0	0	497	4393517	6	0	2	38868	92	3	3	97,25	3,17	3	0	8	0,18	93,821	1,16	100	21337	66408	55823	NA	NA	12219	5081	1	2	NA	NA	4	7
RS-M-Abyss	382	846	339	71578	4503182	4567617	4474301	22050	11736	67	137	68,77	0	0	0	0	0	0	0	362	4405669	1	0	1	1479	38	0	0	39,7	0	0	0	0	0	94,939	1,003	97	19195	71578	66861	NA	NA	11804	3525	1	2	NA	NA	4	7
RS-H-Cabog	534	539	531	41321	4214745	4216057	4212622	12421	7179	111	222	68,94	0	0	0	0	0	0	0	528	4187921	1	0	0	2346	3	5	5	12,29	20,49	5	0	0	0	24,206	1,003	24	11934	40728	40728	NA	NA	NA	NA	2	2	NA	NA	NA	NA
RS-M-Cabog	146	148	145	127844	3952525	3952878	3952023	41794	22363	30	64	69,06	NA	NA	NA	NA	NA	NA	NA	146	3952525	NA	NA	NA	NA	NA	NA	NA	NA	NA	NA	NA	210	5,31	NA	NA	NA	NA	127844	127844	NA	NA	NA	NA	1	1	NA	NA	NA	NA
RS-H-Mira	640	1581	446	110511	4494266	4725855	4355336	18568	9191	69	154	68,89	0	0	0	0	0	0	0	586	4385470	10	1	3	25458	109	3	3	144,03	3,96	3	0	241	5,36	79,485	1,04	56	5925	110511	110511	NA	NA	1811	662	1	1	NA	NA	14	39
RS-M-Mira	731	885	528	67456	4609809	4662776	4462783	15792	8236	90	191	68,75	0	0	0	0	0	0	1	665	4469428	8	3	6	25881	148	11	17	156,31	11,62	11	0	119	2,58	98,14	1,159	81	19572	67456	64176	NA	NA	2726	1422	1	2	NA	NA	8	21
RS-H-Msrca	106	130	89	358962	4479673	4489204	4468382	176783	102004	10	18	68,87	0	0	0	0	0	0	0	85	4156613	9	3	3	233103	92	11	11	112,14	13,41	11	0	0	0	84,806	1,052	86	40930	358962	358962	NA	NA	13873	3274	1	1	NA	NA	2	6
RS-M-Msrca	58	63	53	241348	4246144	4247935	4242597	142742	102371	12	21	68,9	0	0	0	0	0	0	0	47	4009279	4	2	2	165608	77	6	6	120,33	9,38	6	0	0	0	65,701	1,076	74	37848	241348	241348	NA	NA	22439	NA	1	1	NA	NA	2	NA
RS-H-Sga	577	12186	511	75323	4211737	5704978	4164683	12872	6960	96	204	68,7	0	0	0	0	0	0	0	551	4146869	1	0	0	435	2	0	0	3,11	0	0	0	0	0	63,744	1,003	62	9685	75323	61836	NA	NA	1877	NA	1	2	NA	NA	14	NA
RS-M-Sga	830	1032	726	44874	4563433	4621116	4486986	9224	4941	150	321	68,79	0	0	0	0	0	0	0	798	4430364	10	1	0	28078	62	8	8	62,52	8,07	8	0	0	0	98,429	1,058	100	17080	39550	39550	NA	NA	12049	4747	2	2	NA	NA	4	7
RS-H-Soap	720	7436	613	45522	4440636	5220141	4360313	11128	5955	121	259	68,88	0	0	0	0	0	0	0	692	4366531	2	0	0	3174	49	0	0	69,39	0	0	0	0	0	70,033	1,005	67	12235	40274	40274	NA	NA	2422	NA	2	2	NA	NA	9	NA
RS-M-Soap	354	441	302	115051	4527360	4554476	4489150	33829	16889	44	88	68,83	0	0	0	0	0	0	0	322	4382974	5	0	1	53160	63	3	3	70,79	3,37	3	0	0	0	88,26	1,025	88	20901	115051	115051	NA	NA	8234	1536	1	1	NA	NA	4	11
RS-H-Spades	163	350	134	291333	4628908	4670077	4607692	74486	47310	19	38	68,83	1	1	0	0	1	4413	0	144	4486966	5	1	5	34389	37	1	1	37,61	1,02	1	0	691	14,93	97,752	1,093	105	34817	291333	291333	NA	NA	17512	12038	1	1	NA	NA	2	4
RS-M-Spades	105	275	100	286217	4588344	4618855	4584948	118093	53389	15	30	68,81	0	0	0	0	0	0	0	86	4299820	10	3	6	181001	30	5	5	30,34	5,06	5	0	466	10,16	98,161	1,086	110	33626	286217	286217	NA	NA	30601	22006	1	1	NA	NA	2	3
RS-H-Velvet	586	798	513	59062	4475470	4525236	4422515	13807	7500	98	207	68,76	0	0	0	0	0	0	0	564	4381207	1	0	0	1455	17	0	0	18,38	0	0	0	0	0	91,713	1,004	95	19195	59062	53938	NA	NA	11754	2953	1	2	NA	NA	4	8
RS-M-Velvet	332	655	307	71713	4485514	4537774	4467985	24347	14804	58	115	68,77	0	0	0	0	0	0	0	312	4389039	2	0	1	6257	25	0	0	27,94	0	0	0	0	0	88,728	1,008	96	19177	71713	70664	NA	NA	11548	2725	1	2	NA	NA	4	9
RS-H-Abyss	520	1557	464	66408	4542138	4633465	4501467	13523	8662	98	205	68,72	0	0	0	0	0	0	0	180	1248267	8	1	5	109161	180	15	20	5,72	0,48	15	0	8	0,18	98,706	1,012	2872	66408	19178	12376	9239	NA	14570	8910	58	108	125	NA	66	139
RS-M-Abyss	382	846	339	71578	4503182	4567617	4474301	22050	11736	67	137	68,77	0	0	0	0	0	0	1	140	1350401	1	0	0	49	56	13	49	1,78	0,41	11	2	0	0	98,809	1,004	2938	71578	27255	20225	13579	NA	22413	11675	41	74	84	NA	48	96
RS-H-Cabog	534	539	531	41321	4214745	4216057	4212622	12421	7179	111	222	68,94	0	0	0	0	0	0	2	147	1006862	18	1	3	64764	516	34	103	16,59	1,09	30	4	0	0	97,583	1,017	2748	41321	15593	10836	9631	NA	12812	7439	74	135	129	NA	82	162
RS-M-Cabog	146	148	145	127844	3952525	3952878	3952023	41794	22363	30	64	69,06	2	2	0	0	2	26700	1	27	717607	7	2	4	159388	181	15	25	5,92	0,49	14	1	210	5,31	95,903	1,012	2928	127843	48536	30292	28128	NA	41176	20375	22	42	36	NA	25	53
RS-H-Mira	640	1581	446	110511	4494266	4725855	4355336	18568	9191	69	154	68,89	0	0	0	0	0	0	1	346	1191404	17	0	5	106702	417	31	138	13,12	0,98	26	5	241	5,36	99,713	1,005	2939	110511	26189	16873	13691	NA	22895	11821	40	77	81	NA	43	93
RS-M-Mira	731	885	528	67456	4609809	4662776	4462783	15792	8236	90	191	68,75	0	0	0	0	0	0	1	395	1258616	19	2	4	155716	1073	150	299	33,83	4,73	141	9	119	2,58	99,487	1,007	2888	67456	22191	15190	10627	NA	17344	9861	52	96	111	NA	59	119
RS-H-Msrca	106	130	89	358962	4479673	4489204	4468382	176783	102004	10	18	68,87	0	0	0	0	0	0	3	36	561015	16	1	2	721545	2285	37	118	71,78	1,16	33	4	0	0	99,844	1,004	3111	358962	200886	142663	133887	NA	196511	131520	7	11	11	NA	7	12
RS-M-Msrca	58	63	53	241348	4246144	4247935	4242597	142742	102371	12	21	68,9	1	1	0	0	1	20091	1	12	440523	10	2	2	599469	165	15	22	5,18	0,47	14	1	0	0	99,936	1,007	3115	241348	170720	128010	113534	NA	142742	102371	8	14	13	NA	9	16
RS-H-Sga	577	12186	511	75323	4211737	5704978	4164683	12872	6960	96	204	68,7	0	0	0	0	0	0	0	222	1159818	8	0	0	51105	42	5	6	1,4	0,17	5	0	0	0	93,97	1,002	2686	75323	16853	11565	9041	NA	13378	6836	62	119	116	NA	69	153
RS-M-Sga	830	1032	726	44874	4563433	4621116	4486986	9224	4941	150	321	68,79	0	0	0	0	0	0	0	241	1267041	14	1	0	112159	27	20	78	0,86	0,63	15	5	0	0	99,021	1,009	2688	39550	12269	8739	5261	NA	8742	4922	86	163	210	NA	108	232
RS-H-Soap	720	7436	613	45522	4440636	5220141	4360313	11128	5955	121	259	68,88	0	0	0	0	0	0	5	290	1275221	9	0	1	15920	775	243	626	24,66	7,73	221	22	0	0	98,548	1,002	2745	45511	15123	9902	7420	NA	11461	6551	72	137	148	NA	81	173
RS-M-Soap	354	441	302	115051	4527360	4554476	4489150	33829	16889	44	88	68,83	0	0	0	0	0	0	6	149	1259109	10	1	1	95782	35	30	45	1,11	0,95	28	2	0	0	99,152	1,01	2967	115051	42560	32618	24662	NA	36571	21145	26	48	50	NA	29	56
RS-H-Spades	163	350	134	291333	4628908	4670077	4607692	74486	47310	19	38	68,83	1	1	0	0	1	74486	2	62	869993	11	0	8	520631	138	22	29	4,33	0,69	21	1	691	14,93	99,856	1,017	3088	291332	116634	74016	53406	NA	87434	52685	11	20	23	NA	12	24
RS-M-Spades	105	275	100	286217	4588344	4618855	4584948	118093	53389	15	30	68,81	0	0	0	0	0	0	3	38	835384	14	2	6	554424	223	17	70	7,03	0,54	12	5	466	10,16	99,926	1,004	3106	286217	131101	115061	89068	NA	120555	59218	10	16	16	NA	10	18
RS-H-Velvet	586	798	513	59062	4475470	4525236	4422515	13807	7500	98	207	68,76	0	0	0	0	0	0	2	206	1341097	4	0	0	269	300	17	61	9,58	0,54	15	2	0	0	98,256	1	2785	59056	18718	12713	8932	NA	13819	7605	58	110	126	NA	69	145
RS-M-Velvet	332	655	307	71713	4485514	4537774	4467985	24347	14804	58	115	68,77	1	1	0	0	1	70664	6	132	1334482	2	0	0	3519	266	26	155	8,45	0,83	21	5	0	0	98,682	1	2955	71713	33352	23747	18548	NA	26047	15923	35	64	67	NA	38	76
RS-H-Abyss	520	1557	464	66408	4542138	4633465	4501467	13523	8662	98	205	68,72	1	1	0	0	1	8523	1	385	3423279	13	0	8	178575	95	6	6	10,38	0,66	6	0	8	0,18	96,484	1,034	778	36852	31941	28694	NA	NA	11629	7197	11	19	NA	NA	26	51
RS-M-Abyss	382	846	339	71578	4503182	4567617	4474301	22050	11736	67	137	68,77	0	0	0	0	0	0	1	298	3589043	1	0	0	1228	76	5	5	8,33	0,55	5	0	0	0	96,735	1,001	811	66861	48079	39436	NA	NA	20189	10662	8	14	NA	NA	14	30
RS-H-Cabog	534	539	531	41321	4214745	4216057	4212622	12421	7179	111	222	68,94	1	1	0	0	1	3870	1	399	3249316	13	0	2	72732	388	41	90	43,67	4,62	38	3	0	0	94,206	1,006	737	35518	25608	22317	NA	NA	10333	4666	15	25	NA	NA	28	61
RS-M-Cabog	146	148	145	127844	3952525	3952878	3952023	41794	22363	30	64	69,06	2	2	0	0	2	84753	1	105	2902044	8	1	4	138273	102	4	4	11,54	0,45	4	0	210	5,31	93,764	1,034	810	88873	95358	88357	NA	NA	30364	22288	5	7	NA	NA	10	19
RS-H-Mira	640	1581	446	110511	4494266	4725855	4355336	18568	9191	69	154	68,89	1	1	0	0	1	5798	1	514	3377470	16	0	5	176081	399	48	55	42,86	5,16	47	1	241	5,36	98,719	1,011	806	45180	47771	44061	NA	NA	16769	9732	8	13	NA	NA	18	36
RS-M-Mira	731	885	528	67456	4609809	4662776	4462783	15792	8236	90	191	68,75	3	3	0	0	3	46723	1	616	3549022	18	0	3	109452	447	43	44	47,91	4,61	43	0	119	2,58	98,937	1,022	815	49959	36319	31422	NA	NA	16317	9118	10	17	NA	NA	19	38
RS-H-Msrca	106	130	89	358962	4479673	4489204	4468382	176783	102004	10	18	68,87	1	1	0	0	1	557	1	64	2820865	14	1	3	713870	683	6	6	73,26	0,64	6	0	0	0	99,389	1,009	882	200886	326722	242553	NA	NA	136269	104542	2	3	NA	NA	3	5
RS-M-Msrca	58	63	53	241348	4246144	4247935	4242597	142742	102371	12	21	68,9	1	1	0	0	1	563	2	39	2600138	9	2	3	692588	152	9	9	16,13	0,95	9	0	0	0	99,942	1,015	894	205410	235641	204110	NA	NA	165053	128010	2	4	NA	NA	3	5
RS-H-Sga	577	12186	511	75323	4211737	5704978	4164683	12872	6960	96	204	68,7	0	0	0	0	0	0	1	448	3253730	14	0	0	97424	8	4	4	0,93	0,47	4	0	0	0	91,055	1,002	724	37897	33248	27716	NA	NA	12103	5043	11	19	NA	NA	27	56
RS-M-Sga	830	1032	726	44874	4563433	4621116	4486986	9224	4941	150	321	68,79	0	0	0	0	0	0	1	637	3531070	16	0	0	96993	13	4	4	1,41	0,43	4	0	0	0	98,047	1,012	757	44874	23585	18856	NA	NA	9538	4761	16	27	NA	NA	30	66
RS-H-Soap	720	7436	613	45522	4440636	5220141	4360313	11128	5955	121	259	68,88	1	1	0	0	1	11354	3	585	3489132	4	0	0	32130	235	22	219	25,59	2,4	17	5	0	0	97,368	1,004	764	35514	26876	24134	NA	NA	11091	6041	15	24	NA	NA	27	56
RS-M-Soap	354	441	302	115051	4527360	4554476	4489150	33829	16889	44	88	68,83	0	0	0	0	0	0	2	275	3553074	11	0	0	45541	7	5	12	0,76	0,54	4	1	0	0	98,048	1,005	830	64633	71815	65205	NA	NA	36020	20818	6	9	NA	NA	10	19
RS-H-Spades	163	350	134	291333	4628908	4670077	4607692	74486	47310	19	38	68,83	0	0	0	0	0	0	2	113	3366868	11	0	7	316472	141	8	41	15,11	0,86	7	1	691	14,93	98,947	1,035	866	201460	201460	131485	NA	NA	96559	40514	2	4	NA	NA	4	8
RS-M-Spades	105	275	100	286217	4588344	4618855	4584948	118093	53389	15	30	68,81	1	1	0	0	1	134342	1	67	2886590	13	0	4	746661	150	9	32	16,02	0,96	8	1	466	10,16	99,294	1,02	874	143857	202404	174187	NA	NA	93962	72489	2	4	NA	NA	4	7
RS-H-Velvet	586	798	513	59062	4475470	4525236	4422515	13807	7500	98	207	68,76	1	1	0	0	1	2649	2	448	3559995	2	0	0	6116	97	5	5	10,67	0,55	5	0	0	0	96,387	1,001	760	39528	33564	31078	NA	NA	12775	5372	12	19	NA	NA	23	51
RS-M-Velvet	332	655	307	71713	4485514	4537774	4467985	24347	14804	58	115	68,77	0	0	0	0	0	0	2	247	3527037	3	0	0	39136	265	5	5	28,86	0,54	5	0	0	0	97,377	1,001	817	46867	50143	46959	NA	NA	20694	13131	8	13	NA	NA	16	29
RS-H-Abyss	520	1557	464	66408	4542138	4633465	4501467	13523	8662	98	205	68,72	0	0	0	0	0	0	0	485	4234064	11	0	9	190859	62	42	73	58,56	39,67	41	1	8	0,18	93,043	1,105	76	28877	66408	55823	NA	NA	7038	3395	1	2	NA	NA	4	10
RS-M-Abyss	382	846	339	71578	4503182	4567617	4474301	22050	11736	67	137	68,77	0	0	0	0	0	0	0	353	4347876	5	1	4	46321	40	2	2	37,22	1,86	2	0	0	0	95,333	1,002	75	22066	71578	66861	NA	NA	7421	2771	1	2	NA	NA	5	11
RS-H-Cabog	534	539	531	41321	4214745	4216057	4212622	12421	7179	111	222	68,94	0	0	0	0	0	0	0	526	4188359	6	0	1	14792	14	1	1	125,92	8,99	1	0	0	0	9,749	1,043	4	4266	40728	39333	NA	NA	NA	NA	2	3	NA	NA	NA	NA
RS-M-Cabog	146	148	145	127844	3952525	3952878	3952023	41794	22363	30	64	69,06	0	0	0	0	0	0	0	144	3920624	2	0	1	30933	0	1	1	0	152,21	1	0	210	5,31	0,576	1,473	1	657	127844	127844	NA	NA	NA	NA	1	1	NA	NA	NA	NA
RS-H-Mira	640	1581	446	110511	4494266	4725855	4355336	18568	9191	69	154	68,89	2	2	0	0	1	13094	2	553	4380677	11	0	3	25183	117	49	49	143,21	59,98	49	0	241	5,36	71,637	1,091	17	7641	110511	110511	NA	NA	740	NA	1	1	NA	NA	41	NA
RS-M-Mira	731	885	528	67456	4609809	4662776	4462783	15792	8236	90	191	68,75	3	3	0	0	1	13107	4	677	4452850	14	1	3	30917	118	8	8	110,25	7,47	8	0	119	2,58	96,325	1,162	68	18822	67456	64176	NA	NA	5500	2563	1	2	NA	NA	6	15
RS-H-Msrca	106	130	89	358962	4479673	4489204	4468382	176783	102004	10	18	68,87	0	0	0	0	0	0	0	85	4028196	15	0	4	420752	78	11	42	281,3	39,67	10	1	0	0	24,313	1,108	15	8261	358962	358962	NA	NA	NA	NA	1	1	NA	NA	NA	NA
RS-M-Msrca	58	63	53	241348	4246144	4247935	4242597	142742	102371	12	21	68,9	2	2	0	0	2	7536	0	47	3866980	6	2	2	363621	58	3	3	539,94	27,93	3	0	0	0	9,97	1,367	5	5388	241348	241348	NA	NA	NA	NA	1	1	NA	NA	NA	NA
RS-H-Sga	577	12186	511	75323	4211737	5704978	4164683	12872	6960	96	204	68,7	0	0	0	0	0	0	0	527	4088198	7	0	1	55480	12	1	1	17,72	1,48	1	0	0	0	59,38	1,005	36	6834	75323	61836	NA	NA	857	NA	1	2	NA	NA	29	NA
RS-M-Sga	830	1032	726	44874	4563433	4621116	4486986	9224	4941	150	321	68,79	0	0	0	0	0	0	0	786	4364818	16	1	5	84325	48	35	38	43,69	31,85	35	0	0	0	96,342	1,04	74	13892	39550	36957	NA	NA	7385	2816	2	3	NA	NA	6	13
RS-H-Soap	720	7436	613	45522	4440636	5220141	4360313	11128	5955	121	259	68,88	0	0	0	0	0	0	0	659	4356899	4	0	1	11431	90	1	1	124,58	1,38	1	0	0	0	63,345	1,001	28	4851	40274	40274	NA	NA	838	NA	2	2	NA	NA	37	NA
RS-M-Soap	354	441	302	115051	4527360	4554476	4489150	33829	16889	44	88	68,83	0	0	0	0	0	0	2	315	4344231	10	0	3	79867	94	17	18	93,38	16,89	17	0	0	0	88,267	1,03	59	12631	115051	115051	NA	NA	4908	2170	1	1	NA	NA	8	16
RS-H-Spades	163	350	134	291333	4628908	4670077	4607692	74486	47310	19	38	68,83	1	1	0	0	1	4429	0	136	4230197	9	0	8	272460	52	9	9	47,08	8,15	9	0	691	14,93	97,062	1,141	85	46425	291333	291333	NA	NA	22132	4875	1	1	NA	NA	2	4
RS-M-Spades	105	275	100	286217	4588344	4618855	4584948	118093	53389	15	30	68,81	0	0	0	0	0	0	0	74	3766185	17	5	10	699531	47	6	6	52,73	6,73	6	0	466	10,16	98,164	1,095	83	26351	286217	286217	NA	NA	16145	6156	1	1	NA	NA	3	6
RS-H-Velvet	586	798	513	59062	4475470	4525236	4422515	13807	7500	98	207	68,76	0	0	0	0	0	0	0	556	4325887	5	1	4	42175	28	2	2	26,5	1,89	2	0	0	0	93,703	1,005	74	17843	59062	53938	NA	NA	6258	2710	1	2	NA	NA	6	13
RS-M-Velvet	332	655	307	71713	4485514	4537774	4467985	24347	14804	58	115	68,77	0	0	0	0	0	0	0	308	4321147	4	1	4	62943	36	4	4	35,99	4	4	0	0	0	88,829	1,001	72	19145	71713	70664	NA	NA	13396	2513	1	2	NA	NA	4	11
RS-H-Abyss	520	1557	464	66408	4542138	4633465	4501467	13523	8662	98	205	68,72	0	0	0	0	0	0	0	505	4312221	10	1	7	190574	5	5	7	15,98	15,98	5	0	8	0,18	91,272	1,162	26	19014	66408	66408	NA	NA	19014	2067	1	1	NA	NA	1	3
RS-M-Abyss	382	846	339	71578	4503182	4567617	4474301	22050	11736	67	137	68,77	0	0	0	0	0	0	0	375	4445631	2	1	2	22704	0	5	7	0	15,52	5	0	0	0	93,72	1,002	26	25932	71578	71578	NA	NA	25932	2256	1	1	NA	NA	1	2
RS-H-Cabog	534	539	531	41321	4214745	4216057	4212622	12421	7179	111	222	68,94	0	0	0	0	0	0	0	529	4182857	4	0	0	29874	6	2	2	375,23	125,08	2	0	0	0	4,31	1,26	1	1188	41321	41321	NA	NA	NA	NA	1	1	NA	NA	NA	NA
RS-M-Cabog	146	148	145	127844	3952525	3952878	3952023	41794	22363	30	64	69,06	0	0	0	0	0	0	0	143	3903420	3	0	1	48156	1	0	0	137,17	0	0	0	210	5,31	1,965	1,302	0	583	127844	127844	NA	NA	NA	NA	1	1	NA	NA	NA	NA
RS-H-Mira	640	1581	446	110511	4494266	4725855	4355336	18568	9191	69	154	68,89	0	0	0	0	0	0	0	613	4355615	8	1	3	107968	52	1	1	186,02	3,58	1	0	241	5,36	78,307	1,056	12	4476	110511	110511	NA	NA	1442	546	1	1	NA	NA	8	19
RS-M-Mira	731	885	528	67456	4609809	4662776	4462783	15792	8236	90	191	68,75	1	1	0	0	1	20420	0	714	4475798	10	2	2	93904	17	1	6	48,6	2,86	0	1	119	2,58	99,733	1,095	27	12698	67456	67456	NA	NA	7722	3456	1	1	NA	NA	2	4
RS-H-Msrca	106	130	89	358962	4479673	4489204	4468382	176783	102004	10	18	68,87	1	1	0	0	1	797	0	96	3701100	7	1	2	746744	11	6	13	36,46	19,89	5	1	0	0	81,739	1,063	23	28165	358962	358962	NA	NA	28165	28165	1	1	NA	NA	1	1
RS-M-Msrca	58	63	53	241348	4246144	4247935	4242597	142742	102371	12	21	68,9	0	0	0	0	0	0	0	51	3696035	6	0	0	516833	15	8	13	46,6	24,85	8	0	0	0	86,765	1,034	27	31896	241348	241348	NA	NA	31896	31896	1	1	NA	NA	1	1
RS-H-Sga	577	12186	511	75323	4211737	5704978	4164683	12872	6960	96	204	68,7	0	0	0	0	0	0	0	555	4132778	5	0	0	57776	5	0	0	23,9	0	0	0	0	0	56,385	1,013	11	3590	75323	75323	NA	NA	615	NA	1	1	NA	NA	14	NA
RS-M-Sga	830	1032	726	44874	4563433	4621116	4486986	9224	4941	150	321	68,79	0	0	0	0	0	0	0	813	4477674	11	1	2	46825	4	5	7	11,99	14,99	5	0	0	0	99,121	1,059	26	19745	44874	44874	NA	NA	19745	2906	1	1	NA	NA	1	3
RS-H-Soap	720	7436	613	45522	4440636	5220141	4360313	11128	5955	121	259	68,88	0	0	0	0	0	0	0	697	4412223	1	0	0	1354	5	0	0	18,97	0	0	0	0	0	71,038	1,027	9	3071	45522	45522	NA	NA	906	NA	1	1	NA	NA	12	NA
RS-M-Soap	354	441	302	115051	4527360	4554476	4489150	33829	16889	44	88	68,83	0	0	0	0	0	0	0	341	4391320	5	0	0	102203	11	1	6	33,41	3,04	0	1	0	0	88,739	1,028	25	18759	115051	115051	NA	NA	18759	1333	1	1	NA	NA	1	4
RS-H-Spades	163	350	134	291333	4628908	4670077	4607692	74486	47310	19	38	68,83	0	0	0	0	0	0	0	151	4147008	9	1	7	439947	6	5	7	18,8	15,67	5	0	691	14,93	99,318	1,139	28	28110	291333	291333	NA	NA	28110	28110	1	1	NA	NA	1	1
RS-M-Spades	105	275	100	286217	4588344	4618855	4584948	118093	53389	15	30	68,81	0	0	0	0	0	0	0	93	4175980	11	1	6	347240	2	6	13	5,39	16,18	5	1	466	10,16	100	1,755	31	35964	286217	286217	NA	NA	35964	35964	1	1	NA	NA	1	1
RS-H-Velvet	586	798	513	59062	4475470	4525236	4422515	13807	7500	98	207	68,76	0	0	0	0	0	0	0	578	4393452	3	1	2	46721	3	5	7	9,22	15,36	5	0	0	0	94,593	1,006	26	25932	59062	59062	NA	NA	25932	2596	1	1	NA	NA	1	2
RS-M-Velvet	332	655	307	71713	4485514	4537774	4467985	24347	14804	58	115	68,77	0	0	0	0	0	0	0	326	4400356	3	1	2	52247	0	5	7	0	16,56	5	0	0	0	88,332	1,004	26	25676	71713	71713	NA	NA	25676	1835	1	1	NA	NA	1	3
SA-H-Abyss	92	132	89	244957	3034102	3040616	3031704	64963	38351	13	29	32,92	0	0	0	0	0	0	0	87	2938858	5	2	5	84095	9	0	0	460,36	0	0	0	0	0	34,703	1,188	10	4185	244957	244957	NA	NA	NA	NA	1	1	NA	NA	NA	NA
SA-H-Cabog	56	56	56	285328	2796508	2796508	2796508	111165	56580	7	16	32,73	0	0	0	0	0	0	0	52	2525733	4	2	4	266551	6	0	0	759,49	0	0	0	0	0	12,322	1,268	5	1247	285328	285328	NA	NA	NA	NA	1	1	NA	NA	NA	NA
SA-H-Mira	110	256	68	379101	2853942	2890706	2825994	132448	50006	7	16	32,75	0	0	0	0	0	0	0	93	2691069	11	3	1	152341	126	32	32	1752,68	445,12	32	0	46	1,61	28,723	1,356	2	2060	379101	379101	NA	NA	NA	NA	1	1	NA	NA	NA	NA
SA-H-Msrca	39	52	35	449789	2892444	2896852	2889489	221821	123428	5	9	32,85	0	0	0	0	0	0	0	35	2502008	3	1	2	387807	6	0	0	759,49	0	0	0	0	0	2,921	3,328	1	751	449789	449789	NA	NA	NA	NA	1	1	NA	NA	NA	NA
SA-H-Sga	150	1921	130	173010	2787797	3024925	2774031	39954	28545	22	43	32,63	1	1	0	0	1	1721	0	142	2731145	6	3	1	46530	21	1	1	953,25	45,39	1	0	0	0	32,081	1,167	8	4185	173010	173010	NA	NA	NA	NA	1	1	NA	NA	NA	NA
SA-H-Soap	52	278	48	364183	2822930	2856225	2820329	146332	92436	7	13	32,69	0	0	0	0	0	0	0	47	2414742	4	2	1	398816	6	0	0	759,49	0	0	0	0	0	32,432	1,069	9	4185	364183	364183	NA	NA	NA	NA	1	1	NA	NA	NA	NA
SA-H-Spades	44	72	40	350174	2854235	2861974	2851518	187080	105739	6	11	32,78	0	0	0	0	0	0	0	40	2361939	4	2	3	482293	6	0	0	759,49	0	0	0	57	2	34,999	1,057	10	4185	350174	350174	NA	NA	NA	NA	1	1	NA	NA	NA	NA
SA-H-Velvet	60	82	57	336190	2824718	2829571	2822704	122507	52580	7	15	32,73	1	0	0	1	1	1703	0	54	2499950	4	2	1	314904	12	0	0	582,81	0	0	0	0	0	32,662	1,117	9	4185	336190	336190	NA	NA	NA	NA	1	1	NA	NA	NA	NA
SA-H-Abyss	92	132	89	244957	3034102	3040616	3031704	64963	38351	13	29	32,92	61	61	0	0	36	2016985	68	9	92626	17	5	12	101872	22194	1594	2821	850,67	61,1	1531	63	0	0	91,574	1,081	2457	187397	73887	39976	42776	22162	50757	29333	12	26	19	42	17	37
SA-H-Cabog	56	56	56	285328	2796508	2796508	2796508	111165	56580	7	16	32,73	78	78	0	0	27	2395546	63	6	19806	13	4	9	44537	22101	1877	3734	852,32	72,39	1780	97	0	0	90,746	1,049	2450	172651	111165	53749	45901	26603	45901	24159	7	17	17	35	17	37
SA-H-Mira	110	256	68	379101	2853942	2890706	2825994	132448	50006	7	16	32,75	77	76	0	1	29	2299960	77	62	75708	8	3	4	34560	22620	1556	3132	865,27	59,52	1480	76	46	1,61	91,177	1,049	2468	187515	132448	50006	52166	31712	52166	31712	7	16	16	34	16	34
SA-H-Msrca	39	52	35	449789	2892444	2896852	2889489	221821	123428	5	9	32,85	75	74	0	1	21	2708175	78	3	11408	8	3	4	98951	23308	1553	3083	889,85	59,29	1473	80	0	0	91,342	1,062	2473	187458	221821	174868	70865	37339	70865	37339	5	8	13	27	13	27
SA-H-Sga	150	1921	130	173010	2787797	3024925	2774031	39954	28545	22	43	32,63	32	32	0	0	27	1100475	44	33	98794	27	6	14	68748	20948	1004	2303	817,45	39,18	950	54	0	0	89,826	1,016	2367	137514	38102	26536	32628	17410	32320	16567	23	45	28	54	29	58
SA-H-Soap	52	278	48	364183	2822930	2856225	2820329	146332	92436	7	13	32,69	61	60	0	1	25	2429427	79	10	73720	9	3	4	28478	22361	1408	2952	859,46	54,12	1332	76	0	0	90,73	1,045	2440	187397	146332	92436	79978	33715	79978	33070	7	13	13	27	13	28
SA-H-Spades	44	72	40	350174	2854235	2861974	2851518	187080	105739	6	11	32,78	67	66	0	1	19	2666808	83	8	46693	7	3	4	42898	22487	1364	3031	862,97	52,35	1281	83	57	2	91,314	1,056	2469	187456	187080	105739	70865	37339	70865	37339	6	11	13	27	13	27
SA-H-Velvet	60	82	57	336190	2824718	2829571	2822704	122507	52580	7	15	32,73	64	64	0	0	28	2358994	78	13	75889	8	3	5	28198	22655	1548	2901	867,67	59,29	1478	70	0	0	91,052	1,041	2455	187397	122507	50954	64058	33895	57767	33070	7	16	14	30	15	31
SA-H-Abyss	92	132	89	244957	3034102	3040616	3031704	64963	38351	13	29	32,92	NA	NA	NA	NA	NA	NA	NA	92	3034102	NA	NA	NA	NA	NA	NA	NA	NA	NA	NA	NA	0	0	NA	NA	NA	NA	244957	244957	NA	NA	NA	NA	1	1	NA	NA	NA	NA
SA-H-Cabog	56	56	56	285328	2796508	2796508	2796508	111165	56580	7	16	32,73	NA	NA	NA	NA	NA	NA	NA	56	2796508	NA	NA	NA	NA	NA	NA	NA	NA	NA	NA	NA	0	0	NA	NA	NA	NA	285328	285328	NA	NA	NA	NA	1	1	NA	NA	NA	NA
SA-H-Mira	110	256	68	379101	2853942	2890706	2825994	132448	50006	7	16	32,75	0	0	0	0	0	0	0	107	2851085	3	1	0	2145	5	1	1	2074,69	414,94	1	0	46	1,61	11,424	1,994	0	242	379101	379101	NA	NA	NA	NA	1	1	NA	NA	NA	NA
SA-H-Msrca	39	52	35	449789	2892444	2896852	2889489	221821	123428	5	9	32,85	NA	NA	NA	NA	NA	NA	NA	39	2892444	NA	NA	NA	NA	NA	NA	NA	NA	NA	NA	NA	0	0	NA	NA	NA	NA	449789	449789	NA	NA	NA	NA	1	1	NA	NA	NA	NA
SA-H-Sga	150	1921	130	173010	2787797	3024925	2774031	39954	28545	22	43	32,63	0	0	0	0	0	0	0	148	2764539	2	1	0	22781	4	0	0	2580,65	0	0	0	0	0	9,376	1,628	0	155	173010	173010	NA	NA	NA	NA	1	1	NA	NA	NA	NA
SA-H-Soap	52	278	48	364183	2822930	2856225	2820329	146332	92436	7	13	32,69	NA	NA	NA	NA	NA	NA	NA	52	2822930	NA	NA	NA	NA	NA	NA	NA	NA	NA	NA	NA	0	0	NA	NA	NA	NA	364183	364183	NA	NA	NA	NA	1	1	NA	NA	NA	NA
SA-H-Spades	44	72	40	350174	2854235	2861974	2851518	187080	105739	6	11	32,78	NA	NA	NA	NA	NA	NA	NA	44	2854235	NA	NA	NA	NA	NA	NA	NA	NA	NA	NA	NA	57	2	NA	NA	NA	NA	350174	350174	NA	NA	NA	NA	1	1	NA	NA	NA	NA
SA-H-Velvet	60	82	57	336190	2824718	2829571	2822704	122507	52580	7	15	32,73	0	0	0	0	0	0	0	58	2797339	2	1	0	26929	4	0	0	2739,73	0	0	0	0	0	9,376	1,536	0	146	336190	336190	NA	NA	NA	NA	1	1	NA	NA	NA	NA
VC-H-Abyss	153	338	121	280277	4086478	4115424	4065299	94508	58395	13	27	47,57	3	3	0	0	3	87755	11	71	405031	8	3	3	614664	135	127	462	4,62	4,35	102	25	4125	100,94	98,735	1,07	2602	246076	119666	91944	66449	NA	94256	62048	8	15	16	NA	9	19
VC-M-Abyss	196	564	149	178118	3904784	3959969	3872255	60973	27970	21	44	47,56	1	1	0	0	1	62005	0	93	1005322	0	0	0	0	93	56	70	3,21	1,93	54	2	0	0	97,857	1,001	2533	178118	79406	52137	42398	NA	67178	25717	14	25	24	NA	15	32
VC-H-Cabog	127	128	127	256726	3855600	3855763	3855600	61249	29636	19	43	47,53	5	5	0	0	5	285045	9	22	400609	15	3	3	548333	339	194	212	11,82	6,76	192	2	0	0	97,067	1,019	2528	256726	75899	44946	33021	NA	45456	23721	12	25	29	NA	17	39
VC-M-Cabog	241	241	241	140691	3953298	3953298	3953298	33710	17245	34	74	47,52	3	3	0	0	3	54449	6	74	575592	23	3	5	441445	189	90	130	6,51	3,1	85	5	0	0	98,075	1,018	2546	140691	45141	30319	25841	NA	35443	22474	21	42	40	NA	24	50
VC-H-Mira	152	2673	115	316666	3957629	4337203	3932194	92000	56477	14	27	47,5	9	9	0	0	7	494457	7	63	229410	17	3	2	788832	163	91	106	5,59	3,12	89	2	198	5	98,577	1,024	2605	171619	129237	83846	62673	NA	87069	55736	9	17	19	NA	12	23
VC-M-Mira	154	501	96	450326	4011692	4112140	3971344	112926	59711	9	20	47,48	8	8	0	0	8	1005746	4	57	210195	20	8	6	842699	167	83	114	5,71	2,84	79	4	70	1,74	98,761	1,019	2627	414642	167208	108689	80510	NA	108689	50611	5	10	13	NA	8	17
VC-H-Msrca	91	105	80	555664	3989162	3994617	3980159	241604	85155	6	13	47,5	4	4	0	0	4	330156	4	42	253869	14	5	9	790848	1975	189	226	67,67	6,48	186	3	0	0	98,556	1,016	2638	555664	324982	236373	127189	NA	246505	89771	4	7	7	NA	4	10
VC-M-Msrca	163	173	142	255146	4030761	4034988	4014349	76131	45736	16	33	47,47	8	8	0	0	8	185725	1	60	497891	25	5	7	564374	133	71	93	4,59	2,45	68	3	0	0	97,944	1,024	2610	255146	105536	65695	54754	NA	98129	46649	10	18	18	NA	10	22
VC-H-Sga	351	2596	285	108154	3890290	4171725	3844703	23808	12382	49	103	47,54	1	1	0	0	1	2379	0	135	854343	12	0	0	137947	91	59	70	3,15	2,04	58	1	0	0	97,696	1,002	2467	108154	31046	19385	18003	NA	25145	14950	31	61	57	NA	36	74
VC-M-Sga	326	1901	247	105420	3931012	4357240	3875237	27573	15449	45	94	47,53	1	1	0	0	1	9459	0	123	848968	18	1	0	163608	125	60	71	4,32	2,07	58	2	0	0	97,784	1,008	2499	105420	33473	23364	19876	NA	30064	15823	29	55	50	NA	30	64
VC-H-Soap	100	344	81	425556	3932751	3969747	3919085	135118	65780	10	21	47,52	7	7	0	0	7	586916	33	51	514780	5	2	1	505039	311	148	176	10,7	5,09	145	3	0	0	98,136	1,011	2586	425699	163193	112992	102918	NA	125939	75798	7	12	12	NA	8	15
VC-M-Soap	186	312	147	246179	3924635	3954533	3895651	71357	37218	15	34	47,56	4	4	0	0	4	368149	25	76	661561	10	0	0	357144	265	75	112	9,14	2,59	70	5	0	0	97,895	1,004	2556	246179	113831	64014	58898	NA	97635	46699	10	18	16	NA	10	21
VC-H-Spades	162	207	121	214711	3939988	3955126	3912505	83518	46841	16	32	47,51	1	1	0	0	1	62063	1	73	411898	18	5	0	612415	153	61	85	5,26	2,1	58	3	0	0	98,18	1,01	2587	214707	93941	72282	66784	NA	92866	47758	11	19	17	NA	11	22
VC-M-Spades	146	1486	73	741022	4035776	4451154	3990044	262160	136216	5	11	47,37	3	3	0	0	3	370072	2	100	198492	15	6	6	886549	118	75	88	4,02	2,56	73	2	209	5,18	99,108	1,006	2653	741022	311625	246623	152627	NA	262160	152115	4	6	6	NA	4	7
VC-H-Velvet	213	325	183	157783	3914915	3939751	3894214	40877	22754	30	62	47,5	1	1	0	0	1	40085	4	89	793500	5	1	1	217738	112	67	94	3,86	2,31	64	3	0	0	97,978	1,015	2522	157783	54768	33727	30832	NA	41334	23656	19	37	36	NA	22	45
VC-M-Velvet	156	209	124	246346	3944260	3960394	3921645	92036	43442	15	31	47,52	6	6	0	0	6	476321	1	64	475730	19	5	3	597804	102	58	86	3,56	2,02	54	4	0	0	98,338	0,995	2595	246346	108108	75901	53390	NA	84801	44197	10	18	18	NA	11	23
VC-H-Abyss	153	338	121	280277	4086478	4115424	4065299	94508	58395	13	27	47,57	1	1	0	0	1	8770	6	60	2055249	12	1	1	936969	140	98	241	13,7	9,59	87	11	4125	100,94	95,314	1,071	901	213447	226093	203645	NA	NA	80568	23393	3	4	NA	NA	5	10
VC-M-Abyss	196	564	149	178118	3904784	3959969	3872255	60973	27970	21	44	47,56	1	1	0	0	1	8436	0	99	2895073	0	0	0	0	119	47	51	11,82	4,67	47	0	0	0	93,926	1,003	885	110288	111096	105316	NA	NA	45047	18876	4	7	NA	NA	8	17
VC-H-Cabog	127	128	127	256726	3855600	3855763	3855600	61249	29636	19	43	47,53	12	12	0	0	7	42198	2	75	1932711	17	1	3	935406	359	87	112	37,52	9,09	86	1	0	0	91,994	1,004	848	171869	148549	119655	NA	NA	61249	26490	3	5	NA	NA	6	13
VC-M-Cabog	241	241	241	140691	3953298	3953298	3953298	33710	17245	34	74	47,52	8	8	0	0	8	22901	1	121	2111435	30	1	5	814161	243	54	72	24,06	5,35	52	2	0	0	94,203	1,021	857	110049	78380	71059	NA	NA	20733	8063	6	9	NA	NA	14	34
VC-H-Mira	152	2673	115	316666	3957629	4337203	3932194	92000	56477	14	27	47,5	14	14	0	0	12	26402	2	49	1389455	23	4	4	1520126	349	61	82	33,73	5,9	59	2	198	5	96,487	1,016	916	211909	176605	150873	NA	NA	89505	36232	3	4	NA	NA	4	8
VC-M-Mira	154	501	96	450326	4011692	4112140	3971344	112926	59711	9	20	47,48	34	34	0	0	24	64057	3	68	1152344	28	6	5	1793338	187	79	158	18,06	7,63	74	5	70	1,74	97,279	1,031	937	450326	420631	420631	NA	NA	90763	65564	2	2	NA	NA	2	6
VC-H-Msrca	91	105	80	555664	3989162	3994617	3980159	241604	85155	6	13	47,5	2	2	0	0	2	15284	1	19	534574	18	6	8	2383810	748	86	129	71,8	8,25	82	4	0	0	97,172	1,028	938	357911	555664	363321	NA	NA	79323	30172	1	2	NA	NA	3	7
VC-M-Msrca	163	173	142	255146	4030761	4034988	4014349	76131	45736	16	33	47,47	6	6	0	0	6	19317	2	58	1433311	27	3	5	1516357	205	55	75	19,7	5,29	53	2	0	0	97,03	1,041	927	105536	177955	155187	NA	NA	63983	34879	3	4	NA	NA	7	12
VC-H-Sga	351	2596	285	108154	3890290	4171725	3844703	23808	12382	49	103	47,54	1	1	0	0	1	7351	0	193	2790373	9	0	0	102308	100	46	50	10,05	4,62	46	0	0	0	92,762	1,003	832	79022	56989	47328	NA	NA	16566	6502	8	13	NA	NA	18	45
VC-M-Sga	326	1901	247	105420	3931012	4357240	3875237	27573	15449	45	94	47,53	1	1	0	0	1	8582	0	166	2719046	16	1	0	195476	43	48	51	4,29	4,79	48	0	0	0	93,507	1,014	861	44101	63334	52416	NA	NA	20682	10156	7	12	NA	NA	19	37
VC-H-Soap	100	344	81	425556	3932751	3969747	3919085	135118	65780	10	21	47,52	6	6	0	0	4	29565	17	33	1272459	11	4	1	1632619	241	72	160	23,62	7,06	63	9	0	0	95,144	1,009	894	224346	246183	224349	NA	NA	65779	55239	2	3	NA	NA	4	9
VC-M-Soap	186	312	147	246179	3924635	3954533	3895651	71357	37218	15	34	47,56	7	7	0	0	7	31040	19	90	1868996	12	3	1	1035465	135	99	126	13,32	9,77	97	2	0	0	94,501	1,008	889	113831	205557	174268	NA	NA	38014	16710	3	4	NA	NA	9	19
VC-H-Spades	162	207	121	214711	3939988	3955126	3912505	83518	46841	16	32	47,51	3	3	0	0	3	13682	1	42	1347944	23	2	0	1557501	142	54	71	13,84	5,26	52	2	0	0	95,687	1,009	902	128456	166979	145856	NA	NA	52911	24417	3	5	NA	NA	7	14
VC-M-Spades	146	1486	73	741022	4035776	4451154	3990044	262160	136216	5	11	47,37	2	2	0	0	2	16575	2	75	367337	14	6	5	2605794	84	55	94	8,04	5,26	52	3	209	5,18	97,468	1,018	946	355966	741022	355979	NA	NA	196520	65752	1	2	NA	NA	2	6
VC-H-Velvet	213	325	183	157783	3914915	3939751	3894214	40877	22754	30	62	47,5	3	3	0	0	3	15104	4	102	2299924	16	1	2	596697	70	123	168	6,89	12,11	117	6	0	0	94,684	1,004	866	137030	85006	71547	NA	NA	34439	14746	5	8	NA	NA	10	23
VC-M-Velvet	156	209	124	246346	3944260	3960394	3921645	92036	43442	15	31	47,52	6	6	0	0	6	82242	1	58	1433869	21	5	5	1476067	61	52	82	6,04	5,15	50	2	0	0	95,677	1,009	900	140621	187929	180000	NA	NA	47047	18945	3	4	NA	NA	8	16
XA-H-Abyss	154	2372	134	196813	4913650	5086459	4899971	89864	47805	21	40	65,09	2	2	0	0	1	60758	14	88	811285	57	31	51	2950892	15970	707	1032	4032,85	178,54	692	15	50	1,02	20,453	1,133	811	46289	89864	45155	NA	NA	NA	NA	21	41	NA	NA	NA	NA
XA-H-Cabog	89	189	89	312406	4836665	4848222	4836665	107676	55276	16	32	65,19	1	1	0	0	1	18508	6	38	622667	46	32	44	3160024	9845	415	649	4068,2	171,49	407	8	0	0	19,597	1,083	774	46286	105803	52143	NA	NA	NA	NA	17	34	NA	NA	NA	NA
XA-H-Mira	1158	2969	472	352831	6022342	6588629	5551355	91268	21435	21	53	64,17	0	0	0	0	0	0	7	1092	1736491	50	31	44	3202669	10503	388	607	4055,15	149,8	379	9	859	14,26	19,86	1,098	780	46289	105619	58443	NA	NA	NA	NA	16	31	NA	NA	NA	NA
XA-H-Msrca	138	155	99	322669	4928115	4935414	4901466	117883	61875	15	30	65,08	0	0	0	0	0	0	7	91	712073	42	30	41	3139397	10183	474	609	4176,56	194,41	468	6	0	0	20,064	1,08	795	46289	117883	61875	NA	NA	NA	NA	15	30	NA	NA	NA	NA
XA-H-Sga	230	85148	199	132038	4798962	13567484	4776687	49072	23614	35	70	65,2	6	6	0	0	5	256146	22	119	1393651	82	25	63	2178453	30389	1105	1575	4097,65	149	1079	26	0	0	21,403	1,154	836	48600	47829	21743	NA	NA	NA	NA	37	76	NA	NA	NA	NA
XA-H-Soap	163	2056	146	196882	4900579	5187613	4888668	79834	41329	21	44	65,12	0	0	0	0	0	0	6	87	932542	62	35	56	2899883	13115	468	709	4010,62	143,12	455	13	0	0	20,286	1,06	803	40364	74197	41138	NA	NA	NA	NA	22	45	NA	NA	NA	NA
XA-H-Spades	156	453	117	312376	4971240	5014024	4942328	117467	63036	16	30	65,04	0	0	0	0	0	0	8	109	740305	41	30	39	3147412	9276	323	498	4049,19	141	315	8	236	4,75	20,181	1,081	801	46289	117467	63036	NA	NA	NA	NA	16	30	NA	NA	NA	NA
XA-H-Velvet	156	258	134	307295	4889453	4913541	4874782	83025	42656	20	40	65,12	0	0	0	0	0	0	12	90	908932	55	35	52	2893059	12158	551	762	3994,56	181,03	542	9	0	0	19,899	1,1	784	46289	83025	41763	NA	NA	NA	NA	20	42	NA	NA	NA	NA
