#Component	1	2	3	4	5	6	7	8	9	10	11	12	13	14	15	16	17	18	19	20	21	22	23	24	25	26	27	28	29	30	31	32	33	34	35
#Std. deviation	2.151e+06	1.493e+06	9.134e+05	4.242e+05	2.374e+05	1.524e+05	3.567e+04	2.618e+04	1.645e+04	1.356e+04	1.09e+04	5102	2203	861.5	434.4	169.3	152.1	96.8	14.02	6.808	5.087	4.964	4.43	3.388	3.194	1.965	1.607	1.307	1.045	0.8158	0.6585	0.3176	0.004769	0	0
#Proportion of variance explained	0.5818	0.2803	0.1049	0.02263	0.00709	0.002921	0.00016	8.622e-05	3.402e-05	2.312e-05	1.496e-05	3.274e-06	6.106e-07	9.335e-08	2.373e-08	3.606e-09	2.909e-09	1.178e-09	2.472e-11	5.829e-12	3.255e-12	3.099e-12	2.468e-12	1.443e-12	1.283e-12	4.859e-13	3.25e-13	2.147e-13	1.374e-13	8.37e-14	5.454e-14	1.269e-14	2.861e-18	0	0
#Loadings	1	2	3	4	5	6	7	8	9	10	11	12	13	14	15	16	17	18	19	20	21	22	23	24	25	26	27	28	29	30	31	32	33	34	35
c2	5.218e-06	-4.879e-05	-5.833e-05	-0.0003176	-8.667e-06	4.599e-05	0.0005289	0.0007148	0.004257	0.0001709	-0.0009997	0.001111	0.003306	-0.03245	0.009676	0.05899	-0.09119	-0.6591	-0.006946	0.1461	-0.1033	-0.08516	-0.03663	0.08881	0.05596	-0.04784	0.0178	-0.1553	0.4319	0.5072	-0.174	0.01121	-0.0001177	0	0
c3	0.002477	-0.001082	0.004082	-0.001376	0.0002063	-0.0001737	0.0008826	0.001189	0.002645	-0.005646	-0.004614	0.0009896	0.03308	-0.9975	-0.02361	0.01222	0.03278	0.04564	-0.004955	0.0007905	0.0009094	-0.0003539	0.0002269	-0.000938	-8.789e-05	0.0006194	4.728e-05	-9.324e-05	0.0001657	0.0001624	0.0002536	0.0001285	-8.21e-08	-9.098e-10	-3.333e-09
c4	4.889e-06	-4.164e-05	-5.09e-05	-0.0002739	-3.717e-05	6.646e-05	0.000327	0.0004643	0.002327	0.0004838	-0.0011	0.001051	0.003473	-0.03264	0.01094	0.05893	-0.0911	-0.6621	0.004209	0.1591	-0.1204	-0.08627	-0.01203	-0.1695	0.0648	0.01042	-0.07353	0.117	-0.428	-0.4858	0.1729	-0.0008865	0.0001134	7.485e-08	-1.904e-07
c5	0.007606	0.04565	0.01444	0.2965	0.1305	-0.5269	0.1617	0.724	-0.1368	-0.1845	-0.09338	0.05694	-0.00755	0.001711	-0.002233	-0.0002594	0.0001549	-0.0001656	1.972e-05	6.568e-06	-1.213e-05	-9.953e-06	1.635e-05	-7.495e-07	-1.312e-05	-1.963e-05	-8.911e-06	1.248e-05	-1.774e-06	1.865e-06	9.33e-06	-1.133e-06	-8.233e-10	-1.209e-10	-2.022e-10
c6	0.2943	0.1282	-0.6275	0.0424	-0.02983	0.02147	0.06636	0.09669	0.6876	-0.111	0.02483	-0.02224	-0.003074	0.0004501	0.001132	0.0003855	-0.001333	0.003638	-0.001655	3.352e-05	2.587e-05	5.4e-05	2.851e-05	-0.0001409	-5.032e-05	7.486e-05	-0.0001175	0.0002274	-0.0006202	-0.0006961	0.0002646	3.428e-05	1.492e-07	3.34e-10	-4.191e-10
c7	0.9089	-0.106	0.3981	-0.05339	0.03383	-0.01103	-0.003763	-0.002503	-0.0002331	-0.0005656	-0.0007012	-0.0001097	-0.000245	0.004058	0.0001201	-5.805e-05	-0.000143	-0.000187	1.858e-05	-2.911e-06	-5.05e-06	1.359e-06	-5.29e-07	4.165e-06	6.487e-08	-2.643e-06	-2.64e-07	4.932e-08	-9.098e-07	-5.862e-07	-1.212e-06	-5.817e-07	3.596e-10	4.284e-12	1.491e-11
c8	0.2941	0.1335	-0.6221	0.07475	-0.04953	0.03686	-0.07127	-0.08199	-0.6868	0.1207	-0.02488	0.0233	0.005753	-0.004531	-0.001113	-0.0002341	0.0005616	-0.003238	0.001633	-2.104e-05	-1.729e-05	-3.728e-05	-2.589e-05	0.000131	5.381e-05	-6.634e-05	0.0001189	-0.000224	0.0006251	0.0006955	-0.0002635	-3.29e-05	-1.497e-07	-3.19e-10	4.392e-10
c9	0.0002487	0.01627	0.007707	0.1166	0.0327	-0.2131	-0.5348	0.05401	0.08906	0.3138	0.6148	0.3844	-0.1356	-0.009048	0.0006834	0.001906	-0.001436	4.968e-05	-0.0002056	0.000212	0.0001101	-4.967e-05	0.0001634	-6.96e-05	1.08e-05	-9.433e-05	-5.538e-05	-4.678e-06	-3.796e-05	-2.847e-05	1.377e-05	3.618e-05	-1.75e-09	3.48e-10	-2.899e-10
c11	1.003e-06	-8.777e-06	-9.528e-06	-5.602e-05	-1.511e-05	1.34e-05	2.953e-05	8.985e-05	0.0003587	0.0001348	-0.0002268	0.0002099	0.000752	-0.007039	0.002341	0.01125	-0.01806	-0.1538	-0.1353	-0.2411	0.222	0.1613	0.1252	0.2207	-0.1125	0.06656	-0.06181	0.6742	0.1612	-0.05809	-0.1246	0.4893	-0.0001448	6.355e-06	9.906e-08
c14	5.928e-07	2.659e-05	6.111e-06	-6.889e-06	-4.554e-06	8.29e-07	-2.806e-06	-1.789e-05	-2.452e-05	-3.482e-05	-7.306e-05	0.000278	0.0005244	0.0003025	0.003476	0.001633	-0.007316	0.005561	0.004917	0.04847	0.3881	-0.4977	-0.2784	0.2327	0.05538	0.05655	0.1197	0.08566	-0.2048	0.1821	0.1759	0.01703	0.1337	0.05747	0.5587
c15	3.351e-07	2.535e-05	6.538e-06	-6.215e-06	-5.784e-06	8.515e-07	-1.965e-07	-1.59e-05	-1.944e-05	-5.076e-05	-6.598e-05	0.0003106	0.0006203	0.0003222	0.003159	0.00158	-0.005315	0.004289	0.008571	0.04589	0.3766	-0.4276	-0.2303	0.1969	-0.01764	0.208	-0.2589	-0.1628	0.1582	-0.2571	-0.1402	0.007196	-0.1337	-0.05747	-0.5587
c16	0	0	0	0	0	8.272e-25	-2.819e-18	1.249e-16	-3.754e-15	4.735e-13	1.104e-13	-1.467e-12	6.171e-12	8.127e-12	4.507e-11	5.464e-10	-1.051e-09	-1.09e-08	4.223e-08	7.298e-07	-9.536e-07	-6.076e-07	4.489e-08	-3.816e-06	4.489e-07	3.733e-06	-2.577e-05	-3.539e-05	-1.923e-05	-0.0002278	-4.353e-05	-0.0002722	-0.9728	0.02075	0.2307
c17	2.577e-07	1.238e-06	-4.275e-07	-6.737e-07	1.23e-06	-2.248e-08	-2.61e-06	-1.989e-06	-5.082e-06	1.594e-05	-7.08e-06	-3.26e-05	-9.587e-05	-1.977e-05	0.0003172	5.356e-05	-0.002001	0.001272	-0.003655	0.002574	0.0115	-0.07006	-0.04808	0.03585	0.07303	-0.1514	0.3786	0.2484	-0.3631	0.4391	0.3161	0.009711	-0.1339	-0.05748	-0.5587
c18	2.428e-07	1.006e-05	2.29e-06	-7.328e-07	-1.698e-06	8.524e-06	5.492e-05	-7.895e-05	-1.843e-05	-0.0001192	-0.0001083	0.0002436	0.0008435	-0.000126	0.001074	0.004477	-0.004945	0.003338	-0.01872	0.07234	0.1973	-0.1743	0.1704	0.03942	-0.08996	-0.8596	0.2133	-0.04448	0.1212	-0.2495	-0.1512	0.01419	5.186e-05	2.077e-06	2.258e-06
c19	0.01753	0.9656	0.1895	-0.1459	0.08458	-0.02726	0.007636	-0.04368	0.0027	-0.009456	0.0001712	-0.002079	-0.00832	-0.0002643	5.971e-05	-0.0001866	0.0004728	-0.00016	-4.683e-06	-4.4e-06	-2.398e-05	1.202e-05	1.219e-05	-8.786e-07	-2.338e-06	-2.645e-06	-2.221e-06	-1.029e-06	-3.285e-06	2.346e-06	-1.818e-06	-4.75e-07	-1.715e-10	-2.349e-12	-1.73e-11
c20	-2.585e-06	1.357e-05	1.283e-05	3.199e-06	-2.911e-05	-1.993e-05	-1.142e-05	2.464e-06	-4.362e-05	-0.0001188	0.0001305	-0.0001215	0.001177	0.0006483	0.004594	-0.006893	0.003362	-0.008557	0.01002	0.6676	0.4906	0.3826	0.08058	-0.1338	-0.3233	0.1301	0.08868	-0.05612	-0.01519	0.05475	0.0691	0.04585	-2.842e-05	-2.64e-07	-1.405e-06
c21	-1.73e-06	-1.89e-05	-1.923e-05	-0.0001378	7.25e-05	-6.435e-05	0.0002307	0.0003246	0.00261	-0.0004921	0.0001152	0.0002832	0.000464	-0.01074	0.007374	0.003864	-0.03108	-0.1055	0.9382	-0.2307	0.1631	0.1314	0.009128	0.04886	-0.04852	0.002211	0.06621	-0.005602	-0.00199	-0.01657	-0.008992	-0.02945	1.049e-05	-2.029e-07	2.604e-07
c22	-0.01547	-0.1385	-0.1558	-0.7927	0.4452	-0.358	-0.008718	-0.009724	-0.03088	-0.01379	0.0138	-0.0004738	0.002062	0.0007343	0.0005128	-0.0001604	0.0015	-9.956e-05	-4.991e-05	1.209e-05	-8.197e-06	-2.224e-05	5.256e-06	1.492e-05	-5.713e-06	-5.445e-06	-2.885e-07	-5.484e-06	-2.152e-06	-4.396e-07	2.649e-06	-1.235e-06	5.166e-10	-3.605e-11	-3.608e-11
c23	1.23e-07	2.504e-06	-7.01e-07	5.377e-07	1.143e-05	2.546e-05	5.516e-05	-5.241e-05	0.0001052	-0.0001249	-7.324e-06	0.000442	0.001083	-0.0002013	-0.0008265	0.0004512	-0.00596	-0.006683	0.02739	-0.01604	-0.1527	-0.4399	0.6043	-0.003866	-0.4453	0.3204	0.3237	0.006096	0.02882	-0.03557	-0.05024	-0.08121	2.569e-05	-3.016e-07	1.196e-06
c24	8.632e-08	9.11e-07	5.16e-07	1.918e-06	3.195e-06	3.089e-06	1.422e-05	-2.186e-05	1.281e-05	-1.559e-05	-2.077e-05	2.898e-05	6.847e-05	4.34e-05	0.0001029	0.0007429	-0.0009397	-0.002436	0.01071	-0.04979	-0.01032	-0.03356	0.1217	0.026	-0.008289	-0.05308	-0.1181	-0.1066	0.4356	-0.1063	0.854	0.1491	-5.929e-05	-4.909e-06	-9.389e-06
c25	3.73e-07	2.644e-06	-4.311e-07	1.417e-06	2.507e-06	5.591e-06	3.26e-05	-4.731e-05	6.003e-06	-3.605e-05	-3.642e-05	0.0002227	0.001106	-9.194e-05	0.0004165	-0.003206	-0.002756	0.002224	0.03313	-0.06508	0.08463	-0.1058	0.3503	-0.0461	-0.1815	-0.2018	-0.708	-0.115	-0.3534	0.3504	0.01994	0.1233	-8.904e-05	-2.633e-07	-3.343e-06
c26	-0.005082	-0.01449	-0.01268	0.3163	0.8637	0.3887	-0.02112	-0.001604	-0.004973	-0.03255	0.03029	-0.001614	0.0039	-0.0002242	0.0009238	-7.84e-05	0.001656	-0.0004307	1.868e-06	1.258e-05	1.387e-05	-5.691e-06	-1.662e-05	1.234e-05	1.212e-05	-5.481e-06	-2.464e-06	-4.403e-07	-3.452e-06	4.209e-07	-7.2e-07	3.859e-07	-8.928e-11	5.525e-12	-1.077e-11
c27	-0.0003559	0.007084	0.003144	-0.002074	-0.005407	0.0008128	0.0008211	-0.01872	0.01138	-0.04024	0.02813	0.3222	0.9383	0.03431	-0.1077	0.004784	0.00159	0.002292	0.000982	-0.0001114	-0.0002325	0.0005736	-0.0006132	-0.0006302	0.001977	0.0004063	0.0001639	0.0007912	0.000434	-1.538e-05	1.793e-07	-0.000124	1.367e-09	-1.279e-09	3.457e-10
c28	-3.489e-05	0.0003849	0.0002261	-3.663e-05	-0.0005315	-9.267e-05	0.0011	-0.0003792	-0.0009661	-0.002731	8.034e-05	0.01381	0.03746	0.001885	0.3929	0.5695	0.01573	0.05493	0.008534	-0.0344	-0.09128	-0.03178	-0.2285	-0.1136	-0.3075	-0.05148	-0.04025	0.07647	0.03439	0.02158	0.01904	-0.02823	0.001668	-0.5744	0.05868
c29	-5.958e-05	0.0007085	0.0004465	3.983e-05	-0.001439	-0.0002747	0.002179	0.0007291	-0.0007364	-0.003703	0.007587	0.02603	0.08998	-0.02623	0.8314	-0.5416	-0.05471	-0.0251	-0.009329	0.001136	0.001399	0.002534	0.02412	0.01554	0.03442	0.003445	0.005398	-0.009676	-0.003003	-0.00338	-0.00266	0.00275	3.861e-07	7.389e-08	3.597e-08
c32	-3.402e-05	0.0003647	0.0002162	-3.601e-05	-0.000499	-8.939e-05	0.00106	-0.0004222	-0.000988	-0.002698	-0.0003133	0.01304	0.03471	0.003076	0.3746	0.6093	0.02017	0.05585	-0.0064	0.0298	0.08416	0.03623	0.2109	0.09739	0.276	0.05151	0.03458	-0.06748	-0.03169	-0.01607	-0.01717	0.02534	-0.001669	0.5744	-0.05868
c33	-8.714e-07	2.016e-05	9.988e-06	-6.187e-07	-3.249e-05	-3.283e-06	3.948e-05	4.301e-05	2.195e-05	-3.289e-05	0.0003936	0.0007603	0.002748	-0.00119	0.01821	-0.0399	-0.004447	-0.0009228	0.01493	-0.0642	-0.1754	-0.06801	-0.4394	-0.211	-0.5835	-0.103	-0.07482	0.1439	0.06608	0.03766	0.03623	-0.05359	-0.001668	0.5744	-0.05868
c38	0.0003033	-3.335e-05	-0.000368	0.000982	-0.002303	-0.0005503	-0.001526	0.001047	0.001804	0.0001776	0.004167	-0.00427	0.003379	0.02469	0.03543	-0.04012	0.988	-0.1412	0.01628	-0.005214	0.004919	-0.0118	-0.0005909	0.0003738	-0.002217	-0.003442	0.001594	-0.001406	-0.0008709	0.0006166	0.0003262	-0.0006976	4.061e-08	-1.554e-08	-2.335e-08
c39	0.009908	-0.00518	-0.006569	0.3036	0.1327	-0.5083	0.5083	-0.5378	0.05164	0.2374	0.1511	-0.04557	0.01145	-0.002041	-0.0005197	0.0006625	0.000147	-8.929e-05	-3.542e-06	-1.1e-05	3.152e-05	-7.143e-06	-2.554e-05	6.621e-06	2.06e-05	3e-05	8.698e-06	8.077e-06	1.154e-06	-8.256e-06	-8.083e-06	-2.995e-06	2.712e-09	8.145e-11	2.563e-10
c40	-0.0001883	0.01382	0.004375	0.1397	0.07667	-0.2481	-0.5065	-0.02374	0.1202	0.4032	-0.409	-0.5183	0.2069	0.005626	0.001547	0.0009657	-0.002336	0.001352	0.0002013	-0.0001893	-9.972e-05	-4.326e-05	-3.558e-05	6.9e-05	2.866e-06	4.26e-05	8.758e-05	-1.845e-05	8.111e-05	-3.183e-06	-3.147e-05	-3.79e-05	9.584e-09	-6.735e-11	8.709e-10
c42	0.00362	-0.002221	-0.003664	0.09882	-0.009838	-0.1661	-0.2658	-0.2088	-0.09071	-0.695	0.3823	-0.446	0.109	0.004383	-0.002362	0.002314	-0.004161	-0.001423	-0.0001394	-8.383e-05	-0.0002424	-0.0001338	-0.0001054	0.0002278	8.363e-05	-5.001e-06	-4.977e-05	-1.365e-05	1.847e-06	6.839e-06	-1.408e-05	-2.33e-05	6.824e-09	-1.334e-10	4.481e-10
c44	0.00262	-0.006843	-0.006894	0.1306	0.04867	-0.2183	-0.3036	-0.3479	0.04854	-0.3682	-0.5233	0.5229	-0.1855	-0.001893	0.004851	-0.005153	0.004405	-0.0006964	-0.0001099	0.0001079	5.732e-05	0.000176	-6.335e-06	-0.0001332	-0.0001067	1.245e-05	-1.42e-05	-1.999e-05	-6.221e-05	2.971e-05	2.584e-05	3.079e-05	-1.42e-08	-3.894e-11	-1e-09
c46	1.165e-06	-4.639e-06	-6.113e-06	-3.145e-05	-2.066e-05	2.303e-05	3.263e-05	5.057e-05	0.000212	0.0001551	-0.000175	0.0003986	0.0008747	-0.004731	-0.0002112	0.009996	-0.009394	-0.09402	-0.1032	-0.02501	-0.0006504	0.2352	0.05837	0.6325	-0.1803	-0.04837	-0.1314	0.1391	-0.03312	-0.0464	0.102	-0.6601	0.0001876	-8.023e-06	2.73e-06
c48	1.569e-06	-5.582e-06	-1.217e-05	-7.334e-05	-9.72e-06	1.187e-05	4.076e-05	0.0001244	0.0004387	0.0001145	-0.0002169	0.0002754	0.001157	-0.008491	0.003156	0.01389	-0.02868	-0.2054	-0.2621	-0.5588	0.4979	0.1185	0.06098	-0.4194	-0.02479	0.0557	0.1116	-0.1352	0.01917	0.04808	0.03685	-0.3093	7.615e-05	-3.786e-06	6.288e-07
c50	1.632e-06	-2.354e-07	-6.97e-06	-3.903e-05	-1.828e-05	2.503e-05	4.432e-05	7.331e-05	0.0002257	0.0001504	-0.0001195	0.0005912	0.001483	-0.005229	-0.0007895	0.01281	-0.01328	-0.1114	-0.1374	-0.2461	-0.04591	0.2181	-0.1191	0.3908	-0.2821	0.02163	0.2232	-0.5599	-0.259	-0.06088	0.01076	0.4207	-8.675e-05	4.843e-06	-2.621e-06
#Scores	1	2	3	4	5	6	7	8	9	10	11	12	13	14	15	16	17	18	19	20	21	22	23	24	25	26	27	28	29	30	31	32	33	34	35
1	1.265e+06	-6.552e+05	-1.105e+06	6.657e+05	-3.992e+05	-4.182e+04	5.637e+04	2.713e+04	-1.059e+04	3740	1.662e+04	233.3	1109	-495.7	1603	-783.8	-87.64	30.82	-0.8049	-2.516	-1.236	2.125	3.729	-0.5086	0.8869	0.4334	1.016	-0.5912	-0.1385	-0.1841	-0.2723	0.2049	-2.862e-06	5.516e-06	6.644e-07
2	1.28e+06	-3.778e+05	-1.112e+06	4.958e+05	-4.356e+05	8.272e+04	-9.529e+04	-2.948e+04	5722	-1.169e+04	5764	-1480	-2879	-143.7	-13.01	114.1	119.9	37.21	18.67	-10.95	1.874	1.98	7.585	-3.828	-1.939	-2.295	-1.724	-1.502	-1.171	1.524	-0.1126	0.1447	-0.0002782	-4.086e-06	-1.676e-05
3	1.275e+06	-2.349e+05	-1.059e+06	4.684e+05	-4.42e+05	4.569e+04	1.393e+04	3464	1.257e+04	1.431e+04	8730	-1545	-2726	-122	-402.6	162.6	259.4	99.63	-6.188	-0.02257	7.272	-2.41	6.741	-7.997	-1.737	-0.1398	1.916	1.405	1.454	-0.2874	-0.9301	0.1574	-3.948e-05	1.044e-05	1.245e-05
4	1.313e+06	-3.815e+05	-1.103e+06	9.954e+05	-2.351e+05	-4.824e+05	2.196e+04	-1.417e+04	2055	-1.93e+04	-4.007e+04	-2839	1852	-57.8	-264.2	2.095	129.2	-73.67	3.362	-8.209	-0.588	-3.836	-4.844	-0.3464	-3.387	1.639	1.262	0.5433	0.6627	-0.3435	0.6257	0.04833	-2.495e-05	-3.488e-06	-4.148e-06
5	1.923e+06	-7.918e+05	-7.924e+05	3.17e+05	-4.987e+05	3.299e+05	7012	2.261e+04	1.389e+04	2.136e+04	-1.033e+04	1652	-140.5	284.5	-190.4	124	98.14	-51.93	-26.13	7.016	-3.05	0.6602	-3.933	5.192	-0.3512	1.427	-0.4877	1.362	0.6486	0.1514	0.2806	0.1983	-0.0001604	-4.959e-07	2.192e-06
6	1.171e+06	-6.92e+05	-1.109e+06	6.903e+05	-3.902e+05	-4.173e+05	-1.043e+04	-1071	-9739	-2.474e+04	3.224e+04	-4210	1004	-134.7	-515.6	281.1	-306.4	-29.96	2.802	7.085	-3.323	-5.321	-3.025	1.436	3.559	-0.1614	-1.103	0.09365	0.005352	-0.3911	0.04993	-0.3527	0.0002233	-2.201e-06	6.52e-06
7	1.259e+07	-1.995e+06	3.844e+06	1.956e+04	2.35e+04	-1.747e+04	-5223	-3517	-4922	-287.6	932.2	-585.2	12.05	745.3	51.16	-10.2	-2.881	-6.243	2.674	-0.4896	0.4244	0.1313	0.03378	-0.6886	0.07868	-0.0986	0.03866	-0.07655	-0.08885	-0.08681	0.0335	-0.01352	2.768e-05	-1.479e-07	-5.423e-07
8	1.116e+06	-6.589e+05	-1.065e+06	2.661e+05	-5.532e+05	3.013e+05	3212	1.729e+04	5170	2.272e+04	-1.181e+04	2185	-707.1	-65.61	-88.49	95.02	64.08	-82.98	3.729	12.98	-1.43	7.016	-5.337	5.97	3.824	-1.045	-1.171	-1.398	-1.095	-0.3585	0.4281	-0.4926	0.000288	-7.179e-06	4.192e-07
9	3.789e+06	4.859e+06	-1.536e+06	-2.646e+05	2.604e+05	4.234e+04	4666	-2.665e+04	-9699	-8836	-2.279e+04	-8352	-4030	-124.4	334.2	-89.37	-360.5	19.71	-5.355	10.01	9.817	-1.792	8.945	2.575	5.083	0.1884	-2.297	0.5028	0.4929	0.03084	0.1197	-0.1397	5.512e-05	-5.436e-07	1.495e-05
10	1.025e+06	2.712e+06	-3.459e+05	-1.279e+05	1.114e+04	2.339e+04	3.769e+04	6690	-1.755e+04	-5116	686	5565	1162	100	1746	741.2	-2.492	67.2	-3.642	-4.621	-9.161	3.606	1.298	-0.4183	-0.3498	-1.444	2.831	-0.2183	-0.2762	0.2749	0.1045	-0.0249	-0.0001314	-5.085e-06	-2.729e-05
11	1.298e+06	3.344e+06	-2.675e+05	-1.81e+05	1.131e+05	-2029	1479	-1.515e+04	1.917e+04	-1283	6916	374.8	-1884	29.71	-293.7	-146.5	203.7	0.5571	-1.723	-3.893	-0.4367	-5.289	-3.095	4.4	-2.491	1.34	4.904	-0.4487	1.951	1.066	0.08662	-0.4988	-0.0002826	-1.068e-05	-1.378e-05
12	1.306e+06	3.326e+06	-3.704e+05	-1.254e+05	5.743e+04	-6801	-2.464e+04	-1808	-876.2	2.149e+04	7975	-804.1	1025	-119.9	-455.4	-198.5	-55.66	-2.084	-3.885	0.326	-1.166	-10.06	-10.19	-1.809	-0.2605	-6.686	2.944	2.57	-3.088	0.4059	-0.02645	0.1317	-0.0002676	-1.027e-05	-6.143e-05
13	1.252e+06	1.28e+06	-4.872e+05	-2.349e+04	1.69e+04	2.336e+05	2.787e+04	-2.957e+04	8589	-1.218e+04	4991	8214	9109	-357.9	-503.9	-13.02	-144.8	32.87	-9.883	5.959	2.259	-3.227	6.987	2.015	-10.54	-1.364	-1.386	-2.318	0.7314	0.3765	0.01806	0.1436	-3.292e-05	1.791e-06	1.542e-05
14	1.143e+06	2.923e+06	-3.095e+05	-1.051e+05	8.181e+04	2.434e+04	1.135e+04	7922	546.9	-6120	8518	7343	-1179	-6.46	-588.1	-142.5	128.1	-34.31	5.118	-3.97	-7.022	7.492	-3.007	-3.938	-1.246	-1.026	-3.15	-0.4519	1.605	-2.884	-1.538	-0.3882	0.0009487	2.382e-05	7.183e-05
15	1.198e+06	3.15e+06	-3.329e+05	-8.515e+04	9.23e+04	-8.675e+04	-1828	1.083e+05	-1.432e+04	-8140	-4361	6994	383.7	229.9	-641.5	-11.52	25	33.13	4.853	-7.867	-2.035	4.594	0.8825	-2.336	-0.3969	4.46	-1.157	-0.004473	-1.966	0.2769	0.5962	0.3674	-0.0001077	-1.142e-06	-9.168e-06
16	1.12e+06	2.883e+06	-3.305e+05	-1.384e+05	3.798e+04	6.092e+04	-8774	-6.115e+04	1.035e+04	1.76e+04	1.26e+04	-2920	1763	-65.63	-282.2	-11.67	29.31	2.773	20.02	-7.818	-2.61	6.773	-7.608	-1.337	4.04	4.77	-0.5951	-1.169	0.1859	0.22	0.52	0.5641	-0.000159	4.822e-06	2.32e-06
17	9212	-1.004e+06	-5.432e+05	-6.03e+05	3.682e+04	-3.62e+04	-1509	3890	-9728	2350	708.1	55.48	765.4	0.8306	-13.06	13.93	91.01	-102.8	-3.594	-9.147	9.094	3.331	2.931	-0.01027	0.3432	-0.005135	-1.846	2.232	0.05983	0.8665	0.2795	-0.1016	-0.0002383	-7.575e-06	-4.548e-06
18	-7.099e+04	-1.017e+06	-5.425e+05	-7.119e+05	-9072	-1.279e+05	-9218	-704.5	-1.918e+04	5886	-1640	1699	-55.24	624.9	-0.2032	-51.24	164	42.57	-5.538	-4.553	2.882	3.217	-0.2881	2.045	0.09861	-1.916	0.7903	-1.387	1.708	0.6858	0.08599	0.007814	-0.0001959	-2.285e-06	-2.22e-06
19	-5.48e+05	-1.007e+06	-2.863e+05	-4.547e+05	-1.061e+05	4.731e+04	-1.201e+04	-4743	-2.721e+04	6082	-4196	1004	-489.4	323.2	-157.6	-9.77	-184	-320.1	35.73	-4.624	-5.502	-1.263	4.399	8.47	-5.022	1.06	1.141	1.665	-0.3467	0.01047	-1.2	0.006573	-5.45e-05	8.254e-06	1.311e-05
20	-9.349e+05	-9.787e+05	-1.467e+04	-1.504e+05	-1.116e+05	6.131e+04	2928	-3385	-2.104e+04	8336	-3355	2391	-1981	408.8	-364.4	-22.65	-4.985	103.3	-7.861	-13.26	5.309	0.09957	0.9316	1.028	-3.189	-0.7296	-1.069	-0.4688	-1.444	-0.05352	1.173	0.1719	-4.365e-05	-9.048e-06	-1.816e-05
21	3.782e+04	-1.029e+06	-3.762e+05	-5.47e+05	3.384e+04	-7.525e+04	2.552e+04	1.606e+04	5.701e+04	-8584	2366	-1010	37.23	936.5	84.73	-9.126	27.14	95.64	16.98	5.281	-1.804	-3.189	1.934	0.589	1.917	-0.442	-1.778	0.2798	-1.436	0.8594	-0.8789	0.04137	-0.0001036	3.8e-06	9.177e-07
22	4.402e+04	-1.005e+06	-5.521e+05	-5.962e+05	8.323e+04	-2.525e+04	1308	1.233e+04	6.331e+04	-1.154e+04	4216	-1982	1338	1003	428.8	52.85	17.38	19.89	30.49	-3.668	3.924	3.438	1.603	1.55	-0.5856	0.3346	1.083	0.3752	-0.7818	-0.8883	0.7198	-0.4619	0.0002638	-8.926e-06	-6.357e-06
23	-1.364e+05	-8.99e+05	-4.389e+05	3.941e+05	3.623e+05	3753	-8.138e+04	-2.376e+04	-2734	-1.879e+04	4622	1.215e+04	140.4	73.87	227.1	-74.14	142.1	-25.94	-17.33	10.26	-2.155	0.05485	-2.376	0.7978	5.625	2.286	0.8344	0.5179	-0.6733	0.01831	-0.9082	-0.09612	5.501e-05	7.026e-06	8.525e-06
24	-4.903e+05	-9.01e+05	-2.247e+05	3.464e+05	1.781e+05	1.398e+05	-9.969e+04	-2.676e+04	-1238	-9588	4162	-6192	2397	135.5	186.3	28.36	-69.37	64.52	-14.98	-10.28	3.437	2.159	-2.878	5.584	1.23	0.3224	0.8904	0.06677	-0.01971	-1.104	-0.7046	0.3889	0.0001266	1.476e-05	1.916e-05
25	7.887e+05	-1.191e+06	3.148e+05	-6.429e+05	1.217e+04	-6.664e+04	6456	-21.05	-3955	729.4	-1289	62.66	-766.1	-4949	-277	66.43	119.3	53.18	2.791	2.676	-0.1483	-2.752	-0.5352	1.288	1.912	0.8862	0.1253	-1.592	-0.008895	0.5891	0.06703	-0.3626	1.755e-05	-5.24e-06	-4.103e-07
26	-770.5	-1.005e+06	-5.556e+05	-6.336e+05	4.015e+04	-1.213e+04	-7754	8625	1.469e+04	-3729	1616	-161.7	172.3	542.3	146.9	24.79	-165.3	-389.7	-46.05	-5.381	4.467	-1.981	-1.307	-9.062	0.8137	0.5299	0.9309	-2.495	-0.1531	0.1952	0.181	-0.2753	0.0001247	-3.45e-06	-3.873e-06
27	4.708e+05	-1.101e+06	-1.613e+05	-7.14e+05	-7872	-7.181e+04	-7888	1609	1.803e+04	-2234	-1262	-552.6	420.2	-2855	534.2	-0.3996	-44.22	-39.84	-2.291	-0.4082	-0.3015	3.703	-2.741	-2.235	-3.417	-0.08474	-0.7079	3.373	-0.1154	-1.296	0.4161	0.3765	8.286e-05	3.219e-06	8.963e-07
28	-6.969e+04	-9.977e+05	-5.588e+05	-5.739e+05	4.465e+04	-1.13e+05	-2015	2311	-1.154e+04	2402	564	939.5	432.2	820.4	27.07	-19.03	163.8	72.64	8.972	16.16	-7.4	-6.525	1.486	-2.682	1.812	-0.2012	0.04433	-1.301	0.7849	-0.4588	1.207	0.6154	-5.826e-05	-4.159e-07	-1.525e-05
29	1.086e+05	-8.531e+05	-5.793e+05	-4616	2.953e+05	-3.075e+04	2.66e+04	1.153e+04	-1.567e+04	9455	-3171	-6178	5296	528.7	29.05	-2.789	313.9	99.05	-7.598	1.528	4.14	-1.53	-0.7877	-0.6735	2.9	2.36	-1.507	1.69	-0.787	1.005	-1.216	-0.5531	-1.88e-05	8.341e-07	1.663e-05
30	4.263e+04	-9.231e+05	-5.693e+05	5.558e+04	3.058e+05	-2.508e+04	-2.887e+04	-4769	-2.28e+04	-6414	1.386e+04	4962	865.4	254.8	174.9	-24.12	253.3	42.71	-10.16	5.304	2.619	-2.499	1.448	2.578	-1.494	1.001	-1.683	1.032	-0.9133	0.2446	0.9487	-0.1267	-4.672e-05	-1.087e-05	-9.116e-06
31	-1.33e+05	-1.023e+06	-5.085e+05	-7.185e+05	-1.566e+04	-1.07e+05	-2943	2444	-3060	2549	-705.1	-109.6	344.2	733.2	-11.65	-12.49	-17.76	-131.9	-3.796	2.078	-1.584	-0.1806	-2.14	-1.309	4.506	-2.229	-0.7016	-1.432	0.3214	-0.1327	-0.1107	0.5907	-6.201e-05	8.768e-06	-1.675e-06
32	-1.037e+05	-9.469e+05	-5.236e+05	-7.06e+05	-6650	-1.268e+05	-1.587e+04	-7059	-2.567e+04	4927	-3070	-718.5	381.6	720.1	77.62	-114.1	195.4	41.29	13.96	0.6567	-0.06517	2.521	1.404	2.631	0.4798	-2.04	1.283	0.3108	1.935	-0.487	-0.1444	-0.0846	4.337e-05	2.082e-06	7.139e-06
33	-2.259e+06	8.926e+05	1.248e+06	3.904e+04	-2.029e+05	5.714e+04	5.007e+04	-4.861e+04	-3775	-1.321e+04	-9487	3132	433.6	246.8	156.4	110.6	139.1	-36.12	0.2642	6.138	6.618	1.428	-1.099	-3.399	1.925	-1.763	-1.769	2.378	0.1966	0.02594	-0.4824	0.3966	-0.0001327	7.154e-06	5.304e-06
34	-2.611e+06	1.236e+06	1.531e+06	2.653e+04	-2.35e+05	7190	1.281e+04	-2.762e+04	-214.5	2401	-1140	-220.2	-1428	39.98	1003	-18.44	106	-24.08	-1.991	-9.732	0.2461	-12.69	-8.175	2.297	-3.243	2.228	-4.099	-1.489	-0.9066	-0.01196	-0.5609	-0.3721	0.0003194	4.175e-06	3.584e-05
35	-2.502e+06	1.142e+06	1.489e+06	3.183e+04	-2.1e+05	-8.199e+04	1.015e+04	3.598e+04	9210	-5200	-3063	1804	330.3	286.2	108	-0.6558	32.13	24.82	7.28	3.625	16.02	-5.955	-4.677	5.052	2.739	-0.162	1.357	-2.117	0.6269	-0.7914	-0.02091	0.4073	7.632e-05	1.008e-05	1.596e-05
36	-2.458e+06	1.563e+06	1.516e+06	9.778e+04	-1.329e+05	-1.276e+05	-8.183e+04	6.066e+04	3089	2.424e+04	6615	-4779	2335	-34.45	105.4	127.7	-89.52	13.95	-5.804	4.898	-0.01065	-5.666	6.635	0.3974	-0.8111	0.01641	-0.894	0.762	1.548	-0.6658	0.3392	-0.2424	0.0001828	-1.621e-06	1.47e-05
37	-2.438e+06	-6.092e+04	1.381e+06	8.075e+04	-3.071e+05	1.356e+05	4.86e+04	-2.844e+04	2088	-1.426e+04	-6099	6133	4297	-334.6	-661.6	-158.7	-126.9	25.25	-1.285	-8.277	-3.136	2.412	8.028	0.02036	9.652	-1.2	2.152	0.7995	-0.5878	-0.0201	0.6863	-0.3839	-6.294e-06	-1.26e-05	-3.438e-05
38	-2.541e+06	1.266e+06	1.523e+06	1.817e+04	-2.045e+05	-9.684e+04	-2.3e+04	2110	-4012	-2.03e+04	-3554	1450	-2000	95.74	-28.46	-149.7	61.74	-67.93	-5.899	5.965	-5.398	7.91	3.428	-0.8298	-1.057	-1.151	0.514	1.127	-0.4572	0.9815	0.2928	-0.189	-0.0002382	-1.103e-05	-2.533e-05
39	-2.514e+06	1.507e+06	1.535e+06	1.709e+04	-1.84e+05	-9.422e+04	-6.091e+04	-1.144e+04	8326	1.915e+04	7543	-5941	-70.72	-71.45	107.7	-143.1	-8.302	-28.27	-5.114	6.194	-2.698	5.48	5.23	-1.026	-2.149	2.563	0.07125	-0.1834	0.2237	0.9579	0.4622	-0.05873	-0.0002131	-7.021e-06	-7.52e-06
40	-2.566e+06	1.2e+06	1.495e+06	9435	-2.18e+05	-6.216e+04	7751	-4733	-5450	-1.224e+04	-285.8	-1205	-222.2	211.2	-55.5	77.27	103	-48.77	3.359	4.878	1.388	4.669	-1.202	-1.281	0.406	-0.9027	-0.3088	0.3359	0.04856	-0.01198	-0.457	0.2521	-4.935e-05	6.421e-06	4.649e-06
41	-7.082e+05	-8.603e+05	-4.836e+04	3.458e+05	1.885e+05	1.665e+05	-9056	2.099e+04	-1618	-5043	356.2	-1328	951.3	68.3	285.5	-87.64	-290.9	61.33	12.21	3.022	1.883	5.162	-13.3	-4.998	-3.815	-2.725	-1.896	1.491	2.51	1.409	0.7301	-0.2346	-0.0003491	-1.448e-05	-1.015e-05
42	-9.68e+05	-9.971e+05	3.207e+04	-4.009e+05	-9.518e+04	-1.805e+05	2655	-7922	-5982	6528	-9499	792.9	-1966	581.2	-256.4	-30.59	-216	253.5	-16.6	-6.219	-7.086	1.032	-1.804	0.6437	0.08062	-2.119	-1.241	-1.566	-0.08034	0.02083	-0.053	-0.5396	0.000228	-5.228e-06	2.78e-06
43	-1.07e+06	-7.001e+05	1.621e+05	2.645e+05	1.463e+05	1.683e+05	5.975e+04	8451	-1.908e+04	1.576e+04	1.201e+04	-3824	-59.79	-18.66	-194.9	168	-75.27	-0.2475	4.619	-4.475	7.689	0.1267	0.7321	-4.657	2.12	2.065	1.9	-0.2757	-0.3245	-0.6671	-0.2838	-0.3499	0.0002515	1.97e-06	8.24e-06
44	-9.324e+05	-9.358e+05	8098	5.271e+04	7.372e+04	2.12e+05	1.538e+04	808.1	-2.062e+04	1392	2506	-1212	-116.8	169.8	-114.9	40.49	-127.2	-79.73	38.18	6.869	-3.317	-9.625	0.4445	-5.624	0.2849	2.212	0.4423	-0.136	0.5269	1.028	-0.2349	-0.08443	-0.000177	-1.719e-06	-3.867e-06
45	-5.752e+05	-5.014e+05	3.069e+05	4.414e+05	3.083e+05	2.949e+05	-4.028e+04	7.187e+04	-1091	-3.009e+04	-1.457e+04	-5164	-355.4	-792.9	-19.44	-12.81	50.45	0.009477	6.716	-2.687	1.236	0.2057	-0.3625	0.7542	0.6787	-2.869	1.29	-1.592	0.1757	0.1882	-0.973	0.07754	-1.786e-05	7.796e-06	3.102e-06
46	-7.398e+05	3.575e+04	2.586e+05	5.42e+05	4.326e+05	9.836e+04	6.772e+04	7263	1.108e+04	-2985	4512	-1.832e+04	332.4	-58.7	-196.3	4.415	245.1	-111.7	-15.35	-6.815	-14.13	-1.374	3.688	3.163	1.82	-2.07	-1.974	-0.06928	0.6089	0.336	0.6531	0.2871	-0.0001583	-4.024e-06	-1.435e-05
47	-8.602e+05	-6.038e+05	8.753e+04	7.293e+05	4.013e+05	-1.494e+05	-5.266e+04	-2.027e+04	1.241e+04	4.291e+04	-2.542e+04	2956	3225	-346.4	259.1	48.45	-139.7	2.573	12.19	-1.711	-2.158	2.061	4.214	-3.79	1.968	-0.7205	0.2825	-0.7269	-0.2341	-0.9367	-0.2041	-0.0004638	0.000267	5.598e-06	5.231e-06
48	-8.123e+05	-7.849e+05	-9601	2.306e+05	1.927e+05	1.26e+05	1.164e+04	-7762	-5453	-3502	-8231	4211	-2144	141.2	2.579	-57.13	9.52	7.814	8.907	2.892	0.3249	-11.62	2.599	-2.399	-2.196	0.4168	-0.3331	0.06876	-0.9217	-1.579	0.9991	0.03054	0.0003598	-2.485e-06	-2.227e-06
49	-7.887e+05	-1.068e+06	1.524e+05	-3.039e+05	-6.448e+04	3.072e+04	1.754e+04	2088	3755	400.7	-1691	-689.5	-1443	-546.4	-268.1	47.13	-235.4	120.8	-9.797	-1.827	-4.529	-3.09	-0.8729	0.6843	1.275	1.52	0.5309	-0.6292	0.08934	0.6239	-1.393	0.9545	-0.0003337	2.1e-05	1.035e-05
50	-5.991e+05	-1.071e+06	1.835e+05	-2.985e+05	-4.075e+04	4.242e+04	9864	292.5	1.173e+04	-2461	-1554	947.3	-2126	751.7	-164.7	16.22	-244	131.5	-28.41	-2.184	-5.334	-3.654	3.196	2.024	-3.217	2.969	0.7713	2.59	0.3137	-0.5273	-0.5654	-0.00786	3.92e-05	6.084e-06	1.446e-05
51	-9.181e+05	-4.09e+05	1.61e+05	2.578e+05	2.405e+05	-1.363e+05	4.861e+04	-1.312e+04	-1.188e+04	909.4	1.667e+04	-8725	-1039	-86.47	-248.1	105.2	-40.45	-15.53	-3.383	9.865	8.194	11.82	-0.09905	4.071	-5.57	-0.4912	1.405	-0.9829	-1.874	-1.157	0.1632	0.1482	0.0002301	3.301e-06	2.451e-06
52	-9.5e+05	-6.497e+05	1.104e+05	-4798	1.064e+05	-1.62e+04	9099	-2.014e+04	518.6	-4573	-1.684e+04	-4607	-1468	398.1	-70.42	-103.1	-2.361	66.9	-4.593	16.01	-3.711	7.007	-2.981	-4.604	-6.202	2.271	2.17	-1.486	-1.527	0.4443	-0.5414	-0.1961	3.51e-05	4.29e-07	-3.165e-06
53	-9.433e+05	-9.116e+05	6.797e+04	3.003e+05	1.789e+05	2.163e+05	-1.48e+04	-9362	5538	-1.581e+04	6653	4364	-2646	107.3	22.68	3.686	-111.8	28.5	2.048	-1.918	0.3665	1.27	-3.347	0.6265	1.955	2.575	1.013	1.09	1.363	-0.04704	1.52	0.08687	-0.0001732	-1.083e-05	-1.576e-05
54	-4.242e+05	-5.927e+05	2.502e+05	8.923e+05	5.252e+05	-2.978e+05	5.524e+04	6147	2.179e+04	2.344e+04	7593	1.506e+04	-3723	-270.6	-116	62.16	-92.04	-88.53	0.1484	-1.051	3.493	2.694	2.035	4.561	0.2013	-1.705	-1.129	-0.0651	0.7273	1.711	-0.3733	0.1963	-0.0004509	-1.243e-06	-4.112e-06
55	-9.756e+05	-9.87e+05	2.989e+04	-1.803e+05	-1.439e+04	2.084e+04	1.944e+04	1094	-1.192e+04	4343	-461.1	-2658	-176.2	490.1	-242.7	26.77	-192.2	112	7.977	-7.016	1.192	3.445	-4.169	-0.1395	1.16	0.02761	-0.03461	0.009132	0.2212	0.1606	-0.1368	-0.1887	9.763e-06	-1.275e-06	2.307e-06
56	-9.277e+05	-5.173e+05	1.309e+05	2.048e+05	2.387e+05	1.428e+05	3200	-1.679e+04	2008	2840	7406	1645	-4093	-24.79	-1.045	-35.71	146.8	-15.24	0.9715	-2.087	-3.647	-4.098	3.62	-0.516	-0.7046	-2.116	0.1064	-0.5014	-0.3091	-1.317	0.5354	-0.1764	0.0003528	-2.448e-06	-2.921e-06
