#Component	1	2	3	4	5	6	7	8	9	10	11	12	13	14	15	16	17	18	19	20	21	22	23	24	25	26	27
#Std. deviation	2.877	2.231	1.904	1.502	1.388	1.202	0.9228	0.829	0.8113	0.7185	0.6309	0.5628	0.511	0.4442	0.3366	0.3299	0.2977	0.2796	0.2484	0.2297	0.1958	0.1487	0.1443	0.08909	0.07984	0.07368	0.04325
#Proportion of variance explained	0.3066	0.1844	0.1342	0.08352	0.07132	0.05351	0.03154	0.02545	0.02438	0.01912	0.01474	0.01173	0.009669	0.007307	0.004195	0.00403	0.003281	0.002896	0.002285	0.001954	0.00142	0.0008194	0.0007711	0.0002939	0.0002361	0.0002011	6.927e-05
#Loadings	1	2	3	4	5	6	7	8	9	10	11	12	13	14	15	16	17	18	19	20	21	22	23	24	25	26	27
c2	0.2035	0.2481	0.1828	0.1068	-0.06892	-0.1255	0.2514	-0.3224	0.1617	0.07574	0.158	-0.03994	0.04249	0.001046	0.09663	-0.2769	0.111	-0.1378	0.05345	-0.04419	-0.1323	-0.005638	0.03551	0.2073	-0.2722	0.5764	-0.1184
c3	-0.2165	-0.281	-0.1034	-0.01736	-0.00632	-0.2345	0.2164	-0.1289	0.09469	0.07347	0.03473	-0.01885	-0.005809	-0.1616	0.1602	-0.04623	0.1884	-0.02744	0.189	0.6136	0.2679	-0.1237	0.3672	0.02716	0.009874	-0.05654	0.02206
c4	-0.07129	0.05206	0.1388	0.2488	-0.1923	-0.4408	0.4186	0.5023	-0.1303	-0.2334	-0.1495	0.0739	-0.122	0.136	-0.03404	0.09026	0.06148	-0.0912	-0.08527	-0.0602	-0.04631	-0.04212	0.000158	-0.02685	-0.00969	0.08332	0.2749
c5	-0.1726	-0.2899	-0.09748	-0.05031	0.04873	-0.2901	0.1736	-0.2593	-0.1611	0.2381	-0.09157	0.119	-0.05868	0.1364	-0.1447	-0.03826	-0.01986	0.5318	0.3069	-0.2709	-0.2919	0.00644	-0.04665	0.02266	-0.04142	-0.005147	-0.0008394
c6	0.2199	0.263	0.1377	0.06544	-0.01627	-0.07446	0.1943	-0.2868	0.01024	0.1549	0.01785	0.03005	0.07829	0.04572	-0.3563	0.5871	-0.1169	0.2359	-0.207	0.2158	0.2519	-0.05061	-0.05413	-0.004887	0.006855	-0.01647	0.01593
c7	0.1836	0.09549	0.09613	0.03313	-0.0136	-0.3172	-0.315	-0.283	-0.6594	-0.2198	-0.2591	-0.05589	0.03707	-0.2361	0.125	-0.07264	0.08507	-0.0394	0.03026	0.01317	0.1551	0.008562	-0.03142	-0.005509	0.003374	-0.0008048	-0.01526
c8	-0.2722	0.2215	0.02377	-0.1791	-0.03561	-0.08261	0.06706	0.05171	-0.03686	0.0006739	0.03719	0.1204	0.3691	-0.04565	0.1107	-0.0158	-0.09187	-0.00856	-0.01177	0.04487	-0.00359	0.1693	-0.1809	0.6694	-0.1812	-0.3217	0.06565
c9	-0.2779	0.2115	0.01092	-0.1456	-0.006535	-0.0601	0.02407	0.0479	0.02923	-0.0392	0.1572	0.04099	0.3947	-0.12	-0.04309	0.09685	0.1107	-0.007519	0.2047	-0.5031	0.3833	-0.1684	0.3046	-0.2314	0.03135	0.09076	-0.04292
c10	-0.2702	0.2245	0.01769	-0.1717	-0.03208	-0.08156	0.08467	0.0447	-0.05343	-0.01319	-0.03244	0.1571	0.3111	-0.03744	0.1406	-0.1265	-0.2127	0.1107	-0.1013	0.3495	-0.224	0.08433	-0.2877	-0.4753	0.169	0.1997	-0.2071
c11	-0.2813	0.2017	-0.003011	-0.08781	-0.03531	0.02911	-0.08633	-0.1156	0.09666	0.1053	-0.1192	-0.04655	-0.2788	0.1498	0.4551	0.1767	0.5355	0.2094	-0.3066	-0.08595	0.05635	-0.08898	-0.1664	-0.02261	-0.03051	0.01561	0.04177
c12	0.2186	0.1946	0.1937	-0.04943	-0.1469	-0.2107	0.177	-0.308	0.2974	-0.04386	0.03966	0.05281	-0.07885	0.007963	0.09911	-0.2851	-0.0132	-0.08899	0.03063	-0.1354	-0.04625	0.02006	-0.001112	-0.2085	0.2755	-0.5735	0.109
c13	0.2481	0.03522	0.07367	-0.3103	-0.2147	-0.1376	0.09286	0.3391	0.06096	0.04924	-0.05378	-0.1464	-0.2174	-0.2646	0.08298	0.1474	0.02873	0.1552	0.1357	-0.04201	-0.00668	0.05008	0.02512	0.1044	0.01879	-0.06716	-0.6376
c14	-0.1559	-0.1011	0.3356	0.2384	-0.02982	-0.04669	-0.1677	0.07477	0.08662	-0.2597	0.4606	-0.2463	-0.001433	-0.2018	-0.2505	-0.1718	0.225	0.3626	0.009702	0.08531	0.081	0.06192	-0.2766	0.01103	0.03621	-0.02543	0.003284
c15	-0.1207	-0.2859	0.2349	0.188	-0.001348	-0.2165	-0.179	-0.1328	-0.0289	-0.05411	0.2433	0.1155	0.1629	0.349	0.09827	0.3263	0.08062	-0.3256	-0.0953	-0.04046	-0.2297	0.0677	0.1092	0.001156	0.05582	-0.1079	-0.4107
c16	-0.2799	0.1701	0.1734	-0.08322	-0.04557	-0.03805	-0.1261	-0.03155	-0.0962	0.01268	0.0594	-0.1005	-0.2413	-0.07843	-0.1209	-0.1586	-0.3086	0.1538	-0.4439	-0.003652	-0.2072	-0.08311	0.5759	0.05506	-0.07806	-0.03385	-0.02038
c17	-0.2883	0.1905	0.1063	-0.08002	-0.05218	-0.008588	-0.09661	-0.06478	-0.03024	0.06518	-0.01843	-0.1244	-0.2639	-0.006134	-0.2276	0.08194	-0.08824	-0.3359	0.3438	0.08987	-0.1363	-0.5638	-0.2808	-0.0215	-0.1587	-0.09044	-0.03648
c18	-0.2887	0.1993	0.05723	-0.05117	-0.1173	0.02436	-0.06634	-0.08748	-0.01732	0.1074	-0.07148	-0.06474	-0.2914	0.0434	-0.2205	0.08862	0.06135	-0.2117	0.2783	0.03214	0.06569	0.673	0.07066	0.01761	0.255	0.145	0.06734
c19	-0.1177	-0.2123	0.3908	0.1037	-0.03565	0.04002	-0.02707	-0.03133	0.07505	0.05953	-0.05379	0.1514	-0.2123	0.06313	0.3664	-0.02011	-0.5329	0.07496	0.07989	-0.1003	0.457	0.005464	-0.1516	0.02801	-0.03892	0.1183	-0.01085
c20	-0.09211	-0.193	0.341	0.006778	-0.05934	0.1313	0.07746	-0.06082	0.1749	0.0009185	-0.5875	-0.5383	0.3545	0.04668	-0.06383	-0.002896	0.03652	-0.002843	-0.02562	-0.02453	-0.07544	0.008049	0.03886	-0.00745	-0.003722	-0.008347	0.0005531
c21	-0.03488	-0.04633	-0.1722	0.1826	-0.6289	0.1271	-0.04122	-0.06481	-0.03819	0.04885	0.01175	0.03276	0.05	-0.01651	-0.01777	-0.007348	-0.00318	0.01387	0.001831	0.008196	0.04637	0.1886	0.005054	-0.281	-0.5968	-0.184	-0.03023
c22	-0.032	-0.04745	-0.1772	0.179	-0.6233	0.137	-0.06684	-0.08228	-0.04623	0.04668	0.01666	0.03061	0.09798	-0.03379	0.02998	-0.00204	-0.05082	0.05713	-0.02583	-0.03004	-0.04994	-0.267	-0.003979	0.2739	0.5611	0.1628	0.0107
c23	0.05095	0.2262	-0.3445	0.1182	0.0406	-0.2213	-0.08118	0.0541	-0.01762	-0.02321	0.1912	-0.5975	0.03898	0.4359	0.2175	-0.004415	-0.265	0.1209	0.1481	0.04682	0.09103	0.0244	0.02321	-0.009631	0.01633	-0.03568	-0.01288
c24	-0.0315	-0.1101	0.05557	-0.338	-0.07239	0.3928	0.4508	-0.2073	-0.3168	-0.5014	0.203	-0.1187	-0.1032	0.1729	0.07813	0.08759	-0.00708	0.009952	0.0408	-0.00202	-0.01725	0.00625	0.01657	-0.001052	0.006362	-0.007621	-0.004385
c25	-0.1826	0.1318	-0.205	0.3662	0.1635	0.1205	0.2183	-0.06356	-0.04798	-0.1213	-0.2436	0.1128	-0.08865	0.1689	-0.2402	-0.3184	0.06586	-0.00115	-0.1245	-0.03024	0.2852	-0.03412	-0.05082	0.08288	0.04745	-0.1309	-0.5135
c26	-0.1637	-0.01693	-0.312	0.2295	0.1175	-0.1101	0.0544	-0.2308	0.3084	-0.4156	-0.09559	-0.06517	-0.09179	-0.4721	0.1286	0.3135	-0.2091	-0.03261	-0.02109	-0.1464	-0.1843	0.07849	-0.05534	0.01633	-0.02952	0.04725	-0.01557
c27	-0.09036	-0.3038	-0.1861	-0.223	-0.02814	-0.2284	0.1932	-0.08003	-0.1082	0.2943	0.1733	-0.2759	-0.03394	-0.1638	-0.1338	-0.09878	-0.05612	-0.3141	-0.4391	-0.1889	0.1898	0.05465	-0.2902	-0.03838	0.04086	0.04105	0.001291
c28	-0.04289	0.1169	0.1289	0.4246	0.1666	0.2762	0.2959	0.0779	-0.3347	0.4097	0.1576	-0.1565	0.02498	-0.3037	0.2648	0.09224	0.01171	-0.0369	0.09228	-0.05596	-0.1706	0.03491	0.04634	-0.07103	0.07761	-0.1803	-0.006735
#Scores	1	2	3	4	5	6	7	8	9	10	11	12	13	14	15	16	17	18	19	20	21	22	23	24	25	26	27
1	-2.08	-4.534	1.992	1.177	0.3386	-1.377	-0.4634	-0.4516	-0.5255	-0.008754	0.08753	0.9531	0.6379	0.5659	0.1028	0.3347	0.5506	-0.303	0.115	0.6962	0.03196	-0.04028	0.3563	-0.03741	0.06881	-0.0979	0.001564
2	-2.747	-4.687	2.56	0.8418	0.28	-1.646	-0.1904	-0.7739	-0.4735	0.2758	-0.2339	0.7247	0.2329	0.5464	0.2296	0.1551	-0.04809	-0.2152	0.2702	0.5159	0.3486	-0.136	0.5442	0.038	-0.0264	0.04884	-0.008217
3	-1.911	-3.952	2.809	1.336	-0.0004806	-0.857	-0.7706	-0.47	-0.4671	0.05413	-0.3076	0.6488	0.6048	0.8376	0.02391	0.2839	-0.08389	-0.106	-0.2388	-0.7321	-0.2427	0.176	-0.4867	-0.0817	0.006606	0.07677	-0.0604
4	-4.346	-8.653	0.4611	-0.4377	0.6526	-4.862	1.974	-2.946	-1.659	3.196	-0.3802	0.7358	0.1882	0.6827	-0.5913	-0.3036	0.08906	1.448	0.8204	-0.5396	-0.1011	-0.147	0.0171	0.03905	-0.07031	-0.006353	0.03453
5	-3.047	-1.451	4.794	1.523	-0.1097	0.4633	-1.576	0.1856	-0.3743	-0.5192	0.2501	-0.5775	-0.904	-0.3015	-0.4905	0.2115	-0.5095	0.01243	-0.2469	-0.01805	-0.03941	0.03658	0.004452	0.006956	0.006119	0.04713	-0.04381
6	-2.08	-4.418	2.567	1.164	0.4846	-1.049	-0.753	-0.4442	-0.5317	0.2439	-0.4472	0.9602	0.4695	0.8508	0.277	0.4284	-0.3689	-0.3449	-0.04976	-0.1208	0.08669	0.06809	0.00664	-0.04321	0.006534	0.05877	-0.04239
7	-2.556	-5.335	1.922	0.7412	0.3984	-1.94	-0.1031	-1.03	-0.8212	0.8001	-0.3622	0.9597	0.4738	0.8923	0.003814	0.2384	-0.1473	0.02785	0.1296	-0.3054	-0.05344	0.02229	0.001246	-0.02751	-0.0147	0.04413	-0.01976
8	-1.997	-4.144	2.719	1.44	0.4606	-0.9278	-0.9764	-0.2004	-0.3156	-0.2273	0.09467	0.9262	0.4922	0.5558	0.2507	0.3395	0.0574	-0.3099	-0.008946	0.4849	0.3096	0.04571	0.1013	-0.02124	0.055	-0.0009287	-0.03248
9	-0.4092	-1.675	4.376	1.036	-0.6159	0.6949	1.619	1.756	1.229	-0.139	-0.31	-0.1721	0.2663	-0.4846	0.3724	0.3168	0.2446	0.184	0.217	-0.2778	-0.01263	0.04588	-0.1322	0.03766	0.06131	-0.04215	-0.008992
10	-4.147	-0.01059	-5.153	4.712	-8.075	2.022	0.2408	-0.9924	0.4105	0.05572	-1.216	0.4291	-1.28	0.2424	-0.8008	0.3331	0.3905	-0.2842	0.6026	0.08253	0.3758	1.281	-0.05075	-0.1241	-0.008693	0.07663	0.08778
11	-1.129	-3.395	4.099	0.4835	-0.1835	1.587	0.7116	0.9524	1.333	-0.2276	-1.128	-0.8659	0.8921	-0.03527	0.1833	0.2025	0.1195	0.3057	0.3308	0.3765	0.01605	0.05334	0.02652	0.01157	0.03811	-0.02785	-0.01556
12	-1.837	-0.08956	-2.487	2.019	1.471	0.1604	1.348	1.012	0.3544	-0.5977	-0.893	0.5641	-0.457	1.008	-0.8235	-0.6176	-0.07248	0.1523	-0.2357	-0.3328	0.1431	-0.144	-0.2645	-0.06355	0.0937	-0.0717	-0.1097
13	-0.5944	-1.928	4.557	1.69	-1.156	-0.315	1.226	1.024	1.93	-0.4785	1.535	0.1829	-0.2694	-0.9114	0.1648	-0.8748	0.8451	0.4857	0.4771	0.8419	0.2858	-0.02995	-0.05851	0.1299	0.01887	0.04422	-0.02575
14	-2.144	0.2982	-2.538	2.198	1.146	0.2719	1.363	0.8799	0.6467	-0.888	-0.8092	0.5592	-0.2901	0.7019	-0.3696	-0.4585	0.1855	0.1649	-0.2983	-0.1737	0.3093	-0.226	-0.1684	-0.06971	0.006214	0.03598	-0.149
15	-1.331	-3.185	3.804	0.7487	-0.4244	0.2094	0.8881	1.486	1.112	-0.6491	0.07788	-0.08464	0.56	0.1127	-0.1431	0.2828	0.6841	0.1471	0.0914	0.1591	-0.08796	0.06585	-0.09706	0.06771	0.05641	0.02138	-0.02071
16	-3.815	-1.491	-4.421	2.148	1.818	-1.679	2.389	-0.6735	1.694	-1.579	-1.138	0.1311	-0.8552	-1.149	-0.1305	0.3666	-0.2339	-0.04079	-0.01328	-0.009002	0.35	-0.2349	0.2081	0.1146	-0.06108	0.05096	-0.09405
17	1.083	-0.07127	4.268	1.716	-0.3277	1.207	2.241	1.481	0.9991	1.548	0.004894	0.4933	-0.4978	-1.361	1.121	0.2489	-0.6359	0.1458	0.3218	-0.6539	-0.1814	0.1236	-0.2604	-0.1451	0.189	-0.2997	0.009814
18	-0.4086	1.574	-0.8607	3.654	1.704	1.751	2.023	1.332	-0.5225	0.7048	0.01243	0.1446	-0.09459	0.6797	-0.5413	-0.1498	0.0265	-0.2646	-0.1917	-0.04108	-0.002136	-0.07403	0.01072	0.0859	0.04088	-0.06328	-0.1154
19	-0.222	-1.904	3.603	0.921	-0.3886	0.5128	1.023	1.906	1.192	0.3674	-0.3783	0.6825	-0.216	-0.4073	0.6217	0.3057	-0.2739	0.1172	0.2132	-0.1802	0.1631	0.02425	-0.112	0.01588	0.02753	0.06762	0.006462
20	-2.968	-1.101	-4.002	2.016	1.699	-0.974	1.94	-0.4158	1.394	-0.9934	-1.574	0.3152	-1.495	-0.1621	0.06365	0.1833	0.176	0.2869	-0.1698	-0.05825	-0.001085	-0.1871	0.06308	0.1972	-0.08558	0.0231	0.03392
21	-1.555	-3.262	3.374	1.323	-1.923	0.2324	0.8088	1.194	0.9801	-0.8508	0.7081	0.1659	0.8825	0.1393	-0.2621	0.2692	1.016	0.08121	0.1603	0.322	-0.2123	-0.03386	0.1418	-0.02	-0.0828	-0.09406	-0.05128
22	-2.092	0.1867	-2.65	2.461	1.143	0.378	1.273	0.6954	0.7195	-0.8114	-0.9835	0.4634	-0.7534	0.6811	-0.3992	-0.1234	0.1923	-0.1986	-0.1886	-0.07105	0.2965	-0.03576	0.1324	0.1657	0.02804	-0.07266	-0.01216
23	0.03373	-1.567	3.171	0.8979	-0.03574	1.192	0.8107	1.502	1.03	0.817	-0.1521	0.7232	-0.1761	-0.7518	0.6947	0.2342	-0.3091	0.09312	0.3189	0.02095	0.02394	0.0315	0.02867	-0.03173	0.07153	-0.1031	5.901e-05
24	-0.5796	1.973	-0.9046	3.393	1.654	1.885	2.061	1.189	-0.5698	1.1	-0.27	0.1942	-0.2822	0.8156	-0.1595	0.04499	0.2084	-0.4039	-0.2379	-0.1816	-0.04601	-0.0952	0.04406	0.01125	0.06087	-0.05613	-0.07693
25	-0.5628	-2.51	-4.024	1.425	-9.277	0.772	0.4692	0.9034	-0.2605	1.211	0.7385	-0.2183	0.3781	-0.05	-0.02498	0.1494	-0.3023	0.2437	-0.4536	0.01727	0.01974	-0.3309	0.04047	-0.2871	-0.6529	-0.2344	-0.09003
26	0.2406	-1.348	-1.205	-0.8206	0.01008	-0.8468	0.7992	2.166	0.3403	0.1567	0.2795	-0.1994	-0.5334	0.7407	-0.1535	0.4346	-0.1461	0.2148	0.1182	-0.2619	-0.6119	0.04603	0.07073	0.01891	0.007487	0.04432	0.02813
27	0.1825	-1.322	-1.195	-0.6547	-0.3739	-0.9712	0.7629	2.03	0.569	0.2897	0.4994	-0.3669	-0.5079	0.5625	-0.01682	0.2997	0.07752	-0.0813	-0.2087	-0.07355	-0.3508	0.01073	0.005388	-0.007644	0.01054	0.05048	0.02954
28	-1.072	-3.626	-2.188	-1.695	-0.06825	-2.614	2.208	1.242	0.1361	1.682	0.6347	-1.324	-0.6707	-0.1284	-0.2919	-0.08988	0.1973	-0.6144	-0.5814	0.4509	0.4161	-0.1176	0.002202	-0.03328	0.1353	0.02115	0.08982
29	1.718	0.7155	-0.2046	-0.4817	-0.3629	-0.4769	0.8245	1.901	1.277	-0.01001	0.2745	-0.08691	-0.4691	0.6418	-0.2718	0.4714	-0.2236	0.1018	-0.05692	-0.06721	-0.3293	0.04278	0.05076	0.03656	0.01738	0.08632	0.03576
30	-0.3503	-2.656	-2.249	-1.765	-0.06618	-2.124	1.806	1.756	0.1944	1.784	0.2051	-0.7644	-0.8519	-0.0647	-0.2168	-0.2199	0.01227	-0.004468	-0.1597	0.1435	0.2054	-0.07788	0.08562	0.03455	0.05087	0.09761	0.09055
31	0.1091	-1.4	-1.384	-0.8269	-0.4443	-0.8709	0.996	1.936	0.5298	0.1784	0.4659	-0.5206	-0.5944	0.3682	-0.03123	0.4348	-0.04149	-0.2533	-0.2509	0.0327	-0.2019	0.09321	0.04112	-0.008555	0.05272	0.06971	0.04146
32	1.824	0.911	-0.2481	-0.6298	-0.3497	-0.3678	0.831	1.869	1.241	0.2582	0.05624	0.1276	-0.4007	0.771	-0.08446	0.509	-0.2083	0.01418	-0.0719	-0.1732	-0.337	-0.06313	0.1886	0.02434	-0.02348	0.07342	0.03928
33	-11.52	6.257	1.259	-2.658	-1.468	-1.75	2.428	1.48	-1.228	-1.531	0.4161	0.7783	2.173	0.003061	0.3611	0.2449	-0.173	-0.0675	-0.08469	-0.2249	0.4003	-0.1504	-0.3261	-0.1144	-0.1079	0.09908	0.197
34	-10.76	6.051	1.398	-1.956	-0.6213	-0.4037	-0.198	0.05037	-0.3857	0.4472	-0.3196	-0.5456	-0.6687	-0.2527	-1.337	0.4811	-0.2003	-1.583	1.825	0.1239	-0.06749	-0.7071	-0.3944	-0.1022	-0.02755	-0.01391	-0.01093
35	-9.434	4.988	0.6623	-1.831	-0.5713	-0.997	0.4517	0.2822	-0.2632	-0.1043	0.07807	0.4726	0.7906	-0.1674	0.1007	-0.4476	-0.2126	0.3217	-0.2971	0.1514	-0.1313	0.2652	-0.1214	0.1054	0.02614	-0.0397	-0.08647
36	-9.633	4.866	0.3183	-2.245	-0.2991	-1.062	0.6485	0.3815	-0.5411	0.05175	-0.212	0.6624	0.8988	-0.009305	0.18	-0.2115	-0.3624	0.2716	-0.3322	-0.1036	0.002484	0.3652	0.2274	0.197	0.0158	0.01391	-0.01177
37	-7.143	4.679	1.89	0.449	0.128	0.287	0.004681	0.7659	-0.3361	-0.03746	1.449	-0.5222	0.2269	-0.7219	-0.7292	-0.1212	0.5399	0.5544	-0.1178	-0.9722	0.4761	-0.1146	0.7016	-0.2623	0.104	0.07916	0.06419
38	-8.538	4.459	0.4835	-1.477	-0.1414	-0.7173	0.3936	0.321	-0.3084	0.02618	-0.1349	0.4362	0.3279	-0.06476	0.08167	-0.3255	-0.2791	0.2208	-0.3583	0.2507	-0.2086	0.1477	0.3	-0.1959	0.1127	0.09784	-0.06532
39	-9.168	4.089	0.03614	-1.683	-1.003	-0.9702	0.5345	0.01716	-0.3991	0.266	-0.4411	0.4692	0.06582	0.03066	0.2249	-0.4147	-0.2918	0.194	-0.3513	1.084	-0.3706	0.1065	0.0272	0.1888	-0.04747	-0.1418	0.007595
40	-8.425	4.621	0.4826	-1.58	-0.1741	-0.5814	0.2972	0.3359	-0.3918	0.05909	-0.3367	0.4383	0.1601	0.1091	-0.01319	-0.2944	-0.5128	0.04941	-0.4716	0.1258	-0.517	0.2121	-0.09566	0.06974	0.01669	-0.02246	-0.02116
41	2.803	1.542	0.3303	-0.6	-0.2896	-0.6654	-0.02548	-0.1462	0.065	-0.2208	-0.01321	-0.0911	-0.04723	0.3279	-0.02799	0.286	-0.1782	0.05112	-0.02223	0.07455	0.09565	0.004969	0.02936	-0.02738	0.034	-0.05312	-0.0001831
42	2.449	1.143	-0.169	-0.7028	-0.1003	-0.5408	-0.4843	0.4511	-0.1143	-0.08502	-0.3667	-0.05173	-0.09406	0.2055	0.167	0.1357	-0.2271	-0.01027	0.1183	-0.028	0.001629	0.01712	0.1025	-0.01954	0.011	-0.03721	-0.006874
43	2.991	1.785	0.3324	-0.5722	-0.1419	-0.4339	-0.2669	-0.4571	0.1706	0.03265	-0.02926	0.02103	0.06628	0.2708	-0.1233	0.3642	-0.2593	0.199	-0.01057	0.1219	0.1399	-0.001429	0.02107	-0.02854	0.02164	-0.07638	-0.004885
44	1.459	-0.7761	0.167	-1.884	-0.346	1.452	-0.3239	0.1751	-1.172	-0.7017	-0.3707	1.264	-0.2197	-0.8359	-0.2432	0.09368	0.5633	-0.225	-0.1395	-0.02757	-0.1883	-0.03773	0.02729	0.01226	0.01391	0.01297	-0.004056
45	2.788	1.373	0.1919	-0.6205	-0.7976	-0.8097	0.02137	-0.2902	0.247	0.07616	-0.02083	-0.05565	-0.06072	0.106	0.2795	-0.4941	-0.01535	-0.2917	0.07897	-0.08218	-0.04034	-0.02198	0.1084	0.004455	-0.002464	0.0397	-0.01879
46	3.032	1.745	0.6758	-0.5885	-0.713	-0.7556	0.3931	-0.5047	0.2317	-0.3821	0.3168	-0.1941	-0.1112	0.3185	0.1233	-0.2813	0.01367	-0.01023	0.1132	-0.05683	-0.0609	0.01264	-0.0005523	0.05017	-0.05377	0.1515	-0.02728
47	0.5136	-1.586	-1.312	-1.046	0.2986	-1.473	-0.4305	0.5035	-0.9657	0.509	-0.01931	-0.4987	-0.185	-0.08586	0.1589	-0.2207	0.01468	0.03146	0.1322	-0.01341	0.03655	0.06734	-0.02163	-0.02716	0.04607	-0.04349	-0.01079
48	0.4877	-2.31	0.582	-2.161	-0.008325	0.9834	0.3435	0.07065	-1.499	-0.6737	-0.9863	0.4467	0.03749	-0.5066	-0.2834	0.09543	0.6292	-0.09451	-0.05228	-0.2134	-0.3384	0.02636	0.01193	-0.008839	-0.01632	0.02857	-0.001743
49	2.907	1.608	0.3276	-0.6279	-0.1908	-0.6071	-0.2374	-0.5014	0.3218	0.07712	0.03749	0.01061	0.02627	0.1308	-0.02098	-0.0134	-0.1372	-0.001621	-0.01559	0.0769	0.11	0.01114	0.0196	-0.02839	0.03147	-0.06645	-0.006696
50	3.696	2.61	1.125	-0.2777	-0.5789	-1.21	0.6256	-1.177	0.7635	0.04451	0.2654	-0.03205	0.01036	0.3094	-0.2799	0.2623	-0.1596	0.2018	-0.1204	0.1111	0.1663	-0.02842	-0.0464	-0.0336	0.05397	-0.09255	0.01161
51	3.218	2.106	1.05	-0.5306	-0.4879	-0.7483	0.3097	-0.8809	0.6876	0.176	-0.6617	-0.3921	0.2292	0.3248	-0.1216	0.182	-0.1476	-0.0865	0.02467	-0.00214	-0.04341	-0.06991	0.07781	-0.03318	-0.0006017	-0.04756	0.005037
52	2.118	0.6891	-0.3214	-0.7723	-0.07244	-0.6274	-0.5228	0.6234	-0.2105	-0.1406	-0.2432	-0.139	-0.1719	0.02232	0.272	-0.1698	-0.08749	-0.09071	0.16	-0.06679	-0.04089	0.04908	0.06368	-0.006071	0.008938	-0.0006751	-0.01132
53	1.033	-0.7795	-1.498	-0.6985	-1.135	-0.7526	-0.3888	0.6857	-0.7385	-0.02592	-0.12	-0.5283	-0.1642	-0.4274	0.358	-0.06678	-0.1287	-0.223	-0.04944	0.08095	0.1827	-0.01881	0.01972	-0.01597	0.03369	-0.01423	-0.01987
54	0.7673	-1.129	-1.316	-0.7469	-0.6384	-0.8539	-0.5602	0.7485	-0.9816	0.04159	0.01157	-0.4837	-0.1189	-0.1314	0.1828	-0.05771	-0.009857	0.0522	0.07766	0.03318	0.0573	0.02202	-0.0423	-0.0153	0.03979	-0.03223	-0.02128
55	3.024	1.785	0.3194	-0.6002	-0.2968	-0.7885	-0.03329	-0.2889	0.2982	0.038	-0.1896	0.02727	-0.04601	0.2604	0.06087	0.1046	-0.2242	-0.04387	0.02441	-0.009091	0.04051	-0.01	0.09609	-0.02642	0.01942	-0.04968	-0.00135
56	2.281	0.976	-0.33	-0.7055	-0.02553	-0.4578	-0.6195	0.5994	-0.1815	-0.1695	-0.421	-0.07047	-0.1109	0.1368	0.2185	0.1633	-0.2518	-0.00363	0.153	-0.05966	-0.04602	0.03602	0.09908	-0.01232	-0.0009631	-0.01922	-0.01217
57	2.779	1.464	0.4397	-0.7715	-0.3418	-0.4495	0.1868	-0.2062	-0.04999	-0.4411	0.03904	-0.08074	-0.1423	0.27	-0.02628	0.2933	-0.174	0.1098	-0.0109	0.06592	0.1306	0.004856	0.0005207	-0.01315	0.02514	-0.03121	-0.00676
58	2.446	1.104	-0.1173	-0.7312	-0.1059	-0.4985	-0.4821	0.4718	-0.1469	-0.06377	-0.3659	0.05338	-0.111	0.1669	0.1431	0.1349	-0.1961	-0.01382	0.0967	-0.02442	0.01362	0.011	0.1017	-0.007641	-0.002635	-0.006854	-0.01568
59	2.934	1.306	1.119	-0.8796	-0.268	0.01142	-0.07967	-0.573	0.2989	0.2127	-0.7171	1.167	0.07825	-0.623	-0.5393	0.3855	0.2593	-0.1274	-0.3094	-0.007552	-0.09302	-0.06375	0.03843	-0.02644	-0.001831	-0.0405	0.01949
60	2.675	1.194	0.5531	-0.582	-0.8439	-0.6997	0.01411	-0.2976	0.2736	-0.08333	0.1373	0.07555	-0.1136	-0.1547	0.1161	-0.566	0.1425	-0.154	0.02818	-0.07277	0.002578	-0.0003367	-0.04014	0.01849	0.003839	0.05322	-0.02128
61	3.003	1.764	0.7471	-0.6265	-0.7528	-0.7329	0.4967	-0.6257	0.3197	-0.4487	0.1931	-0.2484	-0.1742	0.3071	0.2281	-0.2816	-0.04668	-0.02607	0.1089	-0.1234	-0.04306	0.01417	-0.008646	0.01897	-0.01518	0.06433	-0.02462
62	0.5691	-1.626	-1.093	-1.321	0.1858	-1.212	-0.2442	0.6322	-1.007	0.4846	-0.1894	-0.457	-0.2902	-0.4197	-0.00273	-0.3425	0.1566	0.2093	0.1634	0.006679	0.1168	0.03835	-0.1005	0.01253	0.01418	0.02043	-0.001203
63	0.8355	-1.246	-0.897	-1.376	0.2982	-0.3475	-0.6765	0.7217	-1.031	0.2334	-0.5227	0.1554	-0.2227	-0.4163	-0.008413	-0.08255	0.09981	0.1992	0.2082	-0.1145	-0.09546	0.03833	-0.01212	0.01205	-0.02349	0.01657	-0.01133
64	2.931	1.448	0.5462	-0.8317	-0.2336	-0.3975	-0.1249	-0.5275	0.2973	0.2049	-0.2588	0.5876	-0.01293	-0.1906	-0.145	0.0253	0.03979	-0.1858	-0.1348	0.02359	0.02304	-0.03147	0.07758	-0.0171	0.002401	-0.01851	-0.004452
65	3.648	2.556	1.226	-0.3099	-0.6047	-1.123	0.6918	-1.2	0.7325	-0.07709	0.3035	-0.1195	-0.005628	0.2958	-0.3028	0.2538	-0.1498	0.2608	-0.107	0.118	0.1907	-0.02243	-0.08719	-0.02481	0.05139	-0.0822	0.001653
66	3.38	2.062	0.9704	-0.5813	-0.4461	-0.7408	0.3141	-0.8231	0.5427	0.1479	-0.1626	0.5613	-0.05287	-0.04133	-0.1771	0.1281	-0.03118	-0.06678	-0.1171	-0.02421	0.00217	-0.04266	0.06327	-0.01832	0.009196	-0.03194	0.0006621
67	2.074	0.5817	-0.1409	-0.8191	-0.09855	-0.5203	-0.499	0.6248	-0.2571	-0.1482	-0.2628	-0.02509	-0.171	-0.03201	0.203	-0.1799	-0.01233	-0.09677	0.1261	-0.05936	-0.02949	0.03947	0.04459	0.007543	-0.005718	0.03489	-0.02146
68	1.092	-0.7298	-1.361	-0.9289	-1.215	-0.6251	-0.3258	0.8443	-0.9214	0.1217	-0.07958	-0.4817	-0.1325	-0.3146	0.2946	-0.2142	-0.03368	-0.1396	0.0005869	0.1027	0.3485	-0.07128	0.05284	0.002065	0.02095	0.004977	-0.02283
69	0.8525	-1.075	-1.248	-0.9164	-0.7098	-0.7457	-0.4825	0.8939	-1.044	0.1074	-0.03819	-0.5434	-0.1876	-0.2046	0.1148	-0.1916	0.03908	0.2044	0.1312	0.07411	0.1679	-0.003582	-0.07817	0.008392	0.02606	-0.005313	-0.02092
70	3.02	1.744	0.3683	-0.6274	-0.3017	-0.7451	-0.01615	-0.2891	0.2849	0.03656	-0.1996	0.1553	-0.06655	0.1814	0.02736	0.1107	-0.1778	-0.05875	-0.00425	-0.01568	0.03107	-0.01309	0.0926	-0.01923	0.01236	-0.03373	-0.009757
71	2.281	0.891	-0.1532	-0.7751	-0.05793	-0.3603	-0.6113	0.6386	-0.2488	-0.1192	-0.405	0.1311	-0.1225	0.07088	0.1206	0.1121	-0.1242	-0.002752	0.1087	-0.0402	-0.02693	0.02041	0.08322	-0.002129	-0.007835	0.002765	-0.01816
72	1.474	2.009	-0.0006534	2.546	1.277	1.027	0.8333	-0.1514	-1.515	0.8354	0.08381	-0.1809	0.3443	-0.1967	0.1729	0.2205	-0.05769	-0.07851	-0.07806	0.1149	-0.004708	-0.03849	0.07366	0.003088	-0.03691	-0.02433	-0.00736
73	1.235	1.56	-0.6233	1.828	1.216	0.8983	0.2934	0.1494	-1.327	0.4364	-0.4751	0.06704	0.1828	0.1249	0.2115	-0.0661	-0.115	-0.2165	-0.03862	-0.009577	0.06441	-0.04023	0.1353	0.004915	-0.02774	-0.03214	0.008832
74	1.354	2.215	0.4445	2.982	1.511	1.582	0.7725	-0.343	-1.839	1.326	0.6354	-0.5332	0.4119	-0.5585	0.1462	0.342	0.1292	0.2566	-0.04459	0.1881	-0.03234	0.06853	-0.128	-0.03518	0.02541	-0.1139	0.003004
75	0.3548	0.5027	-1.435	1.311	1.032	1.089	-0.898	0.01016	-1.068	-0.2585	-0.475	0.1889	0.3963	0.06622	0.04407	-0.3418	-0.1219	-0.02329	0.03639	-0.0008918	0.2526	-0.06975	0.06695	0.004662	0.02635	-0.1508	0.005207
76	1.282	1.826	-0.07683	2.369	0.5602	0.5128	0.4924	-0.624	-0.6962	0.09187	0.2481	-0.2083	0.1625	-0.1952	0.1451	-0.6816	0.1773	-0.1186	0.07107	0.03028	-0.02232	0.05799	-0.03864	0.06634	-0.01788	0.06164	-0.004334
77	1.396	2.38	0.5863	2.637	0.7022	0.5641	0.8798	-0.7026	-0.9364	0.5643	0.4719	-0.4101	0.04929	-0.1931	-0.01714	-0.5016	0.1964	-0.215	0.1536	0.006852	-0.1429	0.05499	-0.1276	0.03064	0.009533	0.02191	0.002192
78	-1.007	-1.002	-2.115	1.362	1.386	-0.8679	-0.3914	-0.6044	-0.5028	-1.062	-0.5001	-0.09224	-0.3149	-0.3701	-0.1189	-0.2816	-0.1355	0.2623	-0.04305	-0.06477	-0.07661	0.08811	0.007551	0.08013	-0.0266	-0.05651	0.03077
79	-0.4567	-0.6935	-2.039	1.075	1.442	-0.1942	-0.7083	-0.2688	-0.8293	-0.7265	-0.5899	0.1229	0.08939	0.123	-0.1914	-0.3768	-0.1613	0.09888	-0.02144	-0.1967	0.09595	0.02955	-0.1274	-0.002604	0.01653	-0.1511	0.02762
80	1.589	2.05	0.0607	2.524	1.386	1.245	0.7724	-0.5075	-1.388	1.061	0.2218	-0.1785	0.4244	-0.4725	0.3349	0.08341	-0.02756	-0.1037	0.01477	0.109	-0.108	-0.007366	0.1058	-0.003285	-0.04135	-0.04571	-0.0267
81	2.019	2.961	0.9599	3.531	1.362	1.215	1.833	-0.7533	-1.824	1.813	0.8197	-0.5598	0.5324	-0.6489	0.2066	0.6398	0.07647	0.08138	-0.05965	0.2234	-0.15	0.03258	-0.002422	0.07352	-0.1365	0.2467	-0.05048
82	1.358	2.984	0.685	2.802	1.135	1.164	1.206	-0.8138	-1.522	1.603	0.2553	-0.551	-0.07341	-0.3453	0.1262	0.3786	0.1564	-0.361	0.2631	0.1194	-0.1565	0.1791	-0.06002	0.002724	0.04415	0.09448	0.0315
83	0.7483	1.128	-0.7686	1.57	1.083	0.4934	-0.139	0.09321	-0.8622	-0.2626	-0.4097	-0.002581	-0.03294	0.1843	0.2174	-0.4044	0.2426	-0.03591	-0.09645	-0.01773	0.1292	-0.06236	-0.09192	0.0451	-0.06319	0.04192	0.03534
84	-0.3358	-0.2332	-2.104	1.789	0.008027	-0.04713	-0.4239	-0.1865	-0.5849	-1.082	-0.5591	0.1151	0.1301	-0.2588	0.151	-0.2054	-0.1019	-0.1271	-0.07475	0.1344	0.1626	-0.1021	0.05862	0.02022	-0.02977	-0.03129	0.006341
85	-0.4978	-0.5323	-2.07	1.665	0.4591	-0.2326	-0.5276	-0.1647	-0.6608	-1.001	-0.5737	0.06829	-0.05916	-0.1658	-0.006632	-0.2342	-0.01399	0.168	-0.0003632	0.01976	0.06926	-0.006353	-0.06097	0.04378	0.008543	-0.1071	0.03345
86	1.596	2.211	-0.007501	2.404	1.246	1.03	0.8837	-0.3032	-1.43	1.033	-0.02939	-0.1463	0.2786	-0.1721	0.3254	0.1513	-0.02085	-0.1517	-0.07275	0.04517	-0.0495	-0.03051	0.1272	0.0337	-0.08938	0.09544	-0.005449
87	0.8943	1.538	-0.7171	1.561	1.144	0.8276	0.02468	0.1934	-1.212	0.3008	-0.5824	0.09082	0.07008	0.2524	0.2781	-0.1117	0.08508	-0.1503	-0.1152	-0.07707	0.1557	0.009269	0.04286	-0.04302	0.02161	-0.02743	0.02585
88	2.292	1.625	0.3953	0.2655	0.08667	-0.3131	-0.08928	-0.09044	-0.1791	-0.2033	0.1656	-0.07106	0.1172	0.1602	-0.1473	0.2527	0.02879	0.2551	-0.02451	0.1316	0.151	-0.01287	-0.05453	0.03649	-0.04321	0.07477	0.006635
89	2.086	1.23	-0.3578	-0.07908	0.2401	-0.2064	-0.3669	0.3201	-0.2919	-0.1445	-0.4707	0.07428	-0.06146	0.1263	0.1735	0.1729	-0.1976	-0.02518	0.05344	-0.02828	-0.01005	-0.009466	0.1059	0.01935	-0.0504	0.04894	0.003339
90	2.366	1.854	0.5041	0.3103	0.2171	-0.03042	-0.2437	-0.4372	-0.1438	0.1315	0.1846	-0.1202	0.1696	0.003976	-0.2664	0.3562	-0.0693	0.322	0.00182	0.147	0.1719	0.02713	-0.1057	0.01951	-0.01884	0.02255	0.003725
91	1.07	0.1751	-1.039	-0.2786	0.2325	0.3734	-1.25	0.3872	-0.6132	-0.3224	-0.2213	-0.02892	0.2301	-0.1401	0.171	-0.03049	-0.1375	0.1417	0.143	0.007493	0.107	0.01427	0.001223	-0.02624	0.0252	-0.03455	-0.02642
92	2.16	1.525	0.3657	0.3477	-0.4635	-0.5348	-0.1454	-0.3817	0.1744	-0.2826	0.2963	-0.1966	0.05054	0.0598	0.1017	-0.5528	0.1633	0.02156	0.2035	0.01639	-0.01152	-0.02947	-0.01811	0.05366	-0.03736	0.06449	-0.01402
93	2.422	2.06	0.7683	0.3854	-0.376	-0.7325	0.2302	-0.5694	0.3369	-0.3248	0.4461	-0.2017	0.1244	0.01698	-0.01121	-0.4363	0.1399	0.1353	0.1601	-0.1653	0.04032	-0.01718	-0.09426	0.01675	-0.01434	0.01952	-0.01399
94	-0.07526	-1.497	-1.604	-0.2576	0.6468	-1.411	-0.465	0.1326	-0.6846	-0.1938	0.006668	-0.4709	-0.1873	-0.4611	0.06114	-0.108	-0.03361	0.1753	0.032	-0.1259	-0.01087	0.1041	-0.1234	0.02792	-0.007703	0.01064	-0.006488
95	0.179	-1.031	-1.654	-0.2291	0.7897	-0.7566	-0.9338	0.1909	-0.6605	-0.3864	-0.2467	-0.265	-0.06872	-0.2385	0.1687	0.1576	-0.1657	0.135	0.07614	-0.2734	-0.1647	0.1289	-0.1291	-0.007226	-0.007705	-0.04221	-0.01211
96	2.443	1.639	0.454	0.2258	0.161	-0.1896	-0.2547	-0.4868	0.06806	-0.02246	0.2397	-0.02284	0.1252	-0.01939	-0.1253	-0.02599	0.08407	0.2363	0.00425	0.1867	0.09678	0.01228	-0.089	0.03046	-0.0319	0.04009	-0.001807
97	3.151	2.597	1.112	0.6799	-0.1266	-0.7316	0.6767	-1.096	0.3397	0.1135	0.5135	-0.1591	0.1205	0.0579	-0.3375	0.3383	0.01515	0.3779	-0.1701	0.1955	0.1579	-0.01377	-0.1831	0.05179	-0.05588	0.126	0.000812
98	2.795	2.453	0.623	0.2508	-0.05148	-0.466	0.3884	-0.8579	0.1549	0.3207	-0.006232	0.002755	0.0003772	0.207	0.01303	0.2325	-0.05102	-0.01453	0.00824	-0.007905	0.0874	0.1205	0.07481	0.005221	0.02799	0.06818	0.02862
99	1.69	0.8034	-0.3298	-0.04546	0.2255	-0.3465	-0.5662	0.5124	-0.2761	-0.3794	-0.1739	-0.1456	-0.1355	0.01599	0.1839	-0.2437	0.09295	0.1269	0.1477	0.008432	0.005065	0.03748	-0.04269	0.03342	-0.02612	0.04416	0.008167
100	0.5337	-0.5938	-1.643	0.1926	-0.7891	-0.6002	-0.6046	0.4086	-0.4593	-0.6254	-0.2288	-0.3338	-0.1684	-0.5544	0.3201	0.04985	-0.05773	0.002364	0.01977	0.1299	0.07686	0.009732	0.001299	0.04563	-0.02357	0.05201	-0.005113
101	0.2355	-0.9049	-1.422	0.09718	-0.2991	-0.7783	-0.7866	0.4712	-0.7527	-0.4198	-0.08819	-0.1789	0.07139	-0.1168	0.1459	-0.004261	0.006883	0.156	0.1292	0.0905	-0.05135	0.03527	-0.02332	-0.05441	0.03276	0.001723	-0.03822
102	2.567	1.915	0.1976	0.08637	0.08612	-0.3441	0.08811	-0.2921	-0.05898	0.1441	-0.1915	0.08265	0.06669	0.1795	0.1271	0.1927	-0.1007	0.002809	-0.008423	-0.01664	0.06452	-0.05624	0.1204	0.03393	-0.07816	0.0955	0.002871
103	1.9	1.06	-0.3749	-0.1037	0.2794	-0.1099	-0.559	0.5191	-0.4303	-0.136	-0.4288	0.0326	-0.07218	0.1982	0.1928	0.1004	-0.11	0.04314	0.04957	-0.01797	0.008657	-0.01096	0.07977	0.01987	-0.05021	0.04671	0.004176
104	2.569	1.337	0.7378	-0.5489	-0.3498	-0.5096	-0.006742	-0.2226	0.1421	-0.4161	-0.1406	-0.4092	0.06722	0.219	-0.2162	0.302	-0.05731	0.108	0.0009155	0.09479	0.05319	0.04675	-0.08801	-0.01355	0.0339	-0.0148	7.606e-05
105	2.375	1.052	-0.02279	-0.6424	-0.1023	-0.5131	-0.5504	0.4824	-0.1248	-0.1427	-0.2406	-0.03192	-0.08566	0.1274	0.07547	0.1199	-0.1376	0.06843	0.09389	0.002072	0.01708	0.03023	0.02904	-0.001195	-0.003035	0.008384	-0.008031
106	2.871	1.161	1.388	-0.9165	-0.309	0.1467	-0.04293	-0.5846	0.2334	0.06726	-0.4922	1.415	-0.02321	-0.8127	-0.6573	0.3338	0.4032	-0.03864	-0.3523	0.005815	-0.04613	-0.05348	-0.07528	-0.01506	0.001721	-0.02103	0.02585
107	1.273	-1.222	0.8985	-2.045	-0.5072	1.904	0.05203	-0.04155	-0.9118	-0.8507	-1.671	0.06254	0.5152	-0.6613	-0.3254	0.1343	0.6122	-0.2681	-0.1771	-0.09562	-0.3678	-0.02806	0.154	-0.005831	0.003805	-0.007414	-0.003569
108	2.385	1.034	0.9383	-0.7276	-0.926	-0.4349	0.1418	-0.3833	0.3206	-0.1855	-0.3101	-0.2964	0.1384	-0.1901	0.04388	-0.455	0.318	-0.1674	0.01565	-0.1223	-0.04948	-0.03517	-0.07134	0.06471	-0.05778	0.1234	-0.01471
109	2.83	1.831	0.886	-0.6057	-0.783	-0.7677	0.4342	-0.6261	0.3727	-0.5464	0.4159	-0.2763	-0.154	0.219	0.2321	-0.3189	0.1982	0.1609	0.04909	-0.1532	0.0185	0.02041	-0.1558	0.06104	-0.01135	-0.004403	0.002296
110	0.3533	-2.24	-0.03121	-1.518	0.02979	-0.6955	-0.09538	0.4943	-1.033	0.3939	-0.4246	0.2971	-0.2173	-0.9868	-0.4549	-0.3968	0.7133	0.08923	-0.07977	-0.02677	0.01574	0.04834	-0.2201	0.0192	0.02159	0.06861	0.02467
111	0.5499	-1.893	0.1292	-2.019	0.07845	0.5598	0.009354	0.3552	-1.438	-0.351	-0.5363	0.8824	-0.2039	-0.6945	-0.1787	0.01902	0.4503	0.02874	0.06941	-0.2859	-0.05148	-0.006211	-0.02383	0.02384	-0.0427	0.06894	-0.003074
112	2.823	1.332	0.7421	-0.735	-0.2365	-0.3668	-0.2161	-0.4875	0.296	0.1075	-0.08526	0.5535	0.01261	-0.2907	-0.2802	-0.003484	0.1684	-0.06322	-0.1581	0.06904	0.03992	-0.01045	-0.03356	0.005403	-0.01205	0.03455	-0.003691
113	3.5	2.439	1.515	-0.1833	-0.6319	-1.113	0.5779	-1.181	0.827	-0.1222	0.2793	-0.3676	0.1203	0.2259	-0.4819	0.2101	-0.01433	0.3487	-0.09673	0.1625	0.17	-0.008355	-0.2004	-0.0184	0.05161	-0.06694	0.01068
114	3.32	1.962	1.104	-0.573	-0.4486	-0.6757	0.2605	-0.7658	0.5103	0.1616	-0.1446	0.6333	-0.04183	-0.1269	-0.2564	0.1357	0.03841	-0.02564	-0.1445	0.00268	0.02127	-0.0457	0.02245	0.01287	-0.03046	0.05965	0.002316
115	1.936	0.5295	0.07902	-0.7676	-0.1344	-0.4876	-0.5706	0.6253	-0.216	-0.2	-0.2178	-0.2235	-0.1487	-0.02233	0.162	-0.2066	0.1551	0.03793	0.09434	-0.03154	-0.00287	0.03773	-0.07094	0.008067	-0.006432	0.04426	-0.002388
116	0.9341	-0.8848	-1.195	-0.8345	-1.204	-0.5644	-0.3239	0.7159	-0.9497	-0.1149	0.08669	-0.5834	-0.06443	-0.2569	0.249	-0.1431	0.02549	-0.1482	-0.02701	0.1129	0.2865	-0.04183	-0.003993	-0.003639	0.02806	0.007626	-0.02024
117	0.6301	-1.305	-0.9589	-0.6363	-0.6645	-0.8	-0.6813	0.774	-1.077	-0.05377	0.3279	-0.5748	-0.0265	-0.007598	0.01659	-0.148	0.1816	0.172	0.0489	0.1218	0.1041	0.0402	-0.1605	-0.009831	0.05174	-0.02015	-0.02335
118	2.957	1.702	0.4613	-0.5443	-0.3021	-0.7623	-0.08423	-0.2712	0.2953	-0.03414	-0.06223	0.04434	-0.04082	0.1777	-0.03084	0.08311	-0.1298	0.03217	0.001494	0.01632	0.04904	0.00455	0.02197	-0.01417	0.01433	-0.02304	-0.001484
119	2.232	0.8492	-0.07513	-0.713	-0.05613	-0.3774	-0.6675	0.6364	-0.2248	-0.139	-0.3633	0.07651	-0.08411	0.06899	0.08302	0.1088	-0.09339	0.02033	0.1035	-0.02676	-0.03418	0.02898	0.04996	-0.002751	-0.007063	0.008363	-0.008371
120	2.713	1.353	0.6496	-0.7039	-0.3683	-0.4575	0.1302	-0.2408	0.001052	-0.5174	0.1019	-0.1951	-0.0283	0.2549	-0.1235	0.293	-0.03643	0.1324	-0.03254	0.08421	0.05767	0.03208	-0.05015	-0.03003	0.05271	-0.07142	-0.004089
121	2.427	1.055	-0.005147	-0.7324	-0.1383	-0.4985	-0.4752	0.4406	-0.06551	-0.0965	-0.4609	-0.07755	-0.03689	0.1149	0.1151	0.1516	-0.1573	-0.01338	0.1016	-0.0366	-0.04671	0.0252	0.09148	-0.02212	0.01399	-0.04023	-0.007358
122	2.679	0.6483	2.112	-1.314	-0.5083	0.8	0.5617	-0.9328	0.2258	-0.4111	-1.383	0.5525	0.4234	-0.5474	-0.6286	0.4276	0.3659	-0.09333	-0.3685	-0.07261	-0.1138	-0.04784	0.009245	-0.02255	-0.01308	-0.008425	0.02094
123	1.476	-0.7339	0.1527	-1.747	-0.3184	1.286	-0.5075	0.2613	-1.032	-0.46	-0.4951	1.331	-0.2023	-0.8859	-0.2142	0.06043	0.4846	-0.2372	-0.1425	-0.04276	-0.1305	-0.04404	0.02189	0.01485	0.005342	0.02859	-0.00331
124	2.713	1.179	0.582	-0.6387	-0.8665	-0.6976	0.07216	-0.3741	0.2705	-0.0855	0.1176	0.1461	-0.1159	-0.09166	0.1892	-0.5391	0.1092	-0.2432	0.02627	-0.1061	-0.02557	-0.0001741	0.0003613	-0.01133	0.03394	-0.01027	-0.01531
125	3.062	1.865	0.7614	-0.5364	-0.7635	-0.9613	0.361	-0.5778	0.4415	-0.3413	0.3493	-0.1772	-0.06409	0.2521	0.1673	-0.3813	-0.00384	-0.023	0.144	-0.1586	-0.04185	0.03133	-0.005487	-0.03504	0.05884	-0.07605	-0.01873
126	0.4546	-1.764	-0.9512	-1.27	0.2094	-1.242	-0.2954	0.4625	-1.064	0.4915	-0.1344	-0.3222	-0.03882	-0.1459	0.02291	-0.2077	0.2467	-0.06274	0.0901	-0.05699	-0.005042	0.04426	0.02672	-0.02931	0.04677	-0.04675	-0.007704
127	0.7644	-1.237	-0.9235	-1.11	0.3467	-0.5896	-0.9051	0.6913	-0.9593	0.2756	-0.4074	-0.2778	0.01389	-0.02206	0.05597	-0.0465	0.04548	0.1681	0.236	-0.07371	-0.1483	0.07836	0.009359	-0.02187	0.01448	-0.0474	-0.0209
128	2.882	1.347	0.7588	-0.8161	-0.2666	-0.3584	-0.1515	-0.5312	0.3014	0.1347	-0.1346	0.6496	-0.01298	-0.2905	-0.2414	-0.008923	0.1601	-0.1286	-0.1607	0.03925	0.01796	-0.01782	0.004917	-0.01973	0.01617	-0.02967	0.001584
129	3.663	2.521	1.267	-0.3525	-0.6431	-1.173	0.6811	-1.221	0.7989	-0.1206	0.2956	-0.2135	0.03499	0.2882	-0.3298	0.2479	-0.12	0.269	-0.1211	0.1097	0.1667	-0.005531	-0.1082	-0.03807	0.07033	-0.1105	0.01054
130	3.426	2.054	0.9471	-0.7092	-0.4841	-0.7353	0.3549	-0.8332	0.5061	0.1304	-0.154	0.54	-0.05298	0.03318	-0.1764	0.129	-0.02188	-0.09565	-0.121	-0.0209	-0.001121	-0.04796	0.07992	-0.02412	0.01316	-0.03596	0.008162
131	2.105	0.5861	-0.1179	-0.8408	-0.12	-0.5513	-0.496	0.6003	-0.2435	-0.1513	-0.2265	-0.03034	-0.1597	-0.008192	0.2193	-0.1755	0.006387	-0.1193	0.1335	-0.06564	-0.06364	0.05167	0.05545	-0.0143	0.0225	-0.01625	-0.01209
132	0.991	-0.9612	-1.094	-0.8034	-1.225	-0.5904	-0.367	0.6853	-0.9604	-0.06053	0.08465	-0.6568	-0.02217	-0.08018	0.2597	-0.1568	0.05897	-0.2014	-0.05699	0.1717	0.2119	-0.02475	0.008111	-0.03256	0.06347	-0.04771	-0.02449
133	0.7046	-1.495	-0.9746	-1.931	-0.9452	0.4653	0.902	0.1774	-2.009	-1.516	0.6088	-1.035	-0.4107	0.4188	0.3648	0.1328	0.03996	0.1934	0.251	0.06604	0.04594	0.04092	-0.01869	-0.01463	0.06573	-0.05764	-0.02366
134	2.986	1.702	0.4785	-0.5909	-0.3303	-0.7718	-0.03001	-0.3227	0.3664	-0.02495	-0.2307	-0.05416	0.0106	0.183	0.01845	0.1188	-0.1674	-0.02718	0.01516	-0.01982	-0.007701	0.008995	0.06645	-0.03568	0.03457	-0.07449	-0.002603
135	2.255	0.8377	-0.03495	-0.7583	-0.08685	-0.3724	-0.6172	0.6003	-0.1612	-0.1465	-0.5007	-0.01335	-0.03574	0.04188	0.09997	0.1304	-0.09475	-0.009578	0.1115	-0.05319	-0.08725	0.03584	0.07583	-0.0192	0.01085	-0.0346	-0.009261
136	0.5325	-1.572	-0.8092	-1.99	0.6196	1.953	-0.4754	0.3656	0.8301	0.855	0.6037	0.7223	-0.0891	-0.2234	-0.2541	-0.2584	-0.06954	-0.1511	-0.1372	0.1841	-0.05171	0.02091	0.02385	-0.01044	0.003594	-0.03968	0.01175
137	0.1543	-2.288	-0.7199	-2.282	0.7273	2.206	-0.3473	-0.08043	0.5961	0.9806	0.6071	1.117	-0.1242	-0.3352	-0.3063	-0.2899	-0.03863	-0.1185	-0.1256	0.08902	-0.08092	0.01438	-0.009626	-0.007233	-0.01649	-0.02241	0.007641
138	-0.7474	-3.964	1.678	-2.289	0.08013	2.712	0.6141	-0.7694	1.707	0.9966	-2.738	-2.898	1.857	-0.02519	-0.4496	-0.5912	-0.1855	0.029	-0.1926	0.006885	0.03324	0.04959	-0.02314	-0.01018	-0.01994	0.0275	0.007891
139	-0.7396	-4.459	-0.526	-5.917	0.02437	5.203	4.718	-2.547	-2.802	-3.235	2.62	-0.03556	-1.254	1.14	0.2363	0.4337	0.04716	0.1346	0.2476	0.04401	-0.2054	0.02677	0.1144	-0.01249	0.04816	-0.09279	-0.01182
140	0.6988	-1.263	-0.1662	-1.823	0.6095	2.404	-0.717	0.07634	1.246	0.7903	0.2417	0.5888	0.2342	-0.1483	-0.184	-0.2651	-0.2877	-0.06159	-0.0599	0.0424	0.0319	0.03745	-0.003858	-0.0001136	-0.0308	-0.01725	-0.005764
141	-0.04761	-2.508	-1.142	-1.988	0.8335	1.333	-0.5664	-0.06939	0.7887	1.702	0.6261	0.7946	-0.01976	-0.2986	-0.313	-0.4121	-0.1367	-0.09112	-0.1503	0.1686	0.06496	0.006996	-0.02246	-0.01868	0.001601	-0.04216	0.01135
142	-0.1408	-2.617	-1.218	-1.887	0.7365	1.209	-0.5864	-0.1426	0.697	1.789	0.5761	0.8636	-0.002821	-0.1509	-0.3566	-0.3931	-0.1721	0.1666	0.01012	0.01241	-0.1229	-0.002468	-0.03434	0.002274	0.01073	-0.04359	0.006055
143	0.05438	-2.248	-1.109	-2.07	0.7955	1.562	-0.5397	0.008839	0.7747	1.449	0.6661	0.7617	0.04265	-0.3008	-0.3024	-0.3808	-0.07164	-0.1468	-0.1369	0.1427	0.04736	0.001449	0.03369	-0.01583	0.001281	-0.05562	0.00811
144	-8.331	4.01	-0.4655	-2.639	0.2102	1.247	-1.576	-1.76	1.245	1.721	-0.5888	-0.5369	-1.17	0.5631	0.9136	0.3783	0.8418	0.06771	0.1804	0.005418	0.09311	0.09379	-0.166	0.3381	-0.02817	-0.1542	-0.03339
145	-5.35	3.124	0.22	-0.701	0.8481	2.329	-1.906	-0.8014	1.039	1.134	0.6952	-0.8001	-0.7997	0.04022	-0.1888	0.06505	0.3148	0.3256	0.1544	-0.5069	0.3072	0.1383	0.6659	-0.2342	0.1468	0.06465	-0.04315
146	-8.087	3.86	-0.5074	-2.543	0.4281	1.446	-1.794	-1.569	1.204	1.646	-0.6668	-0.5718	-1.306	0.6164	0.9217	0.4852	0.831	0.1921	-0.02702	-0.02013	0.02108	-0.1588	-0.2129	-0.07366	-0.02693	-0.006308	-0.1068
147	-0.6721	-4.293	1.755	-3.531	-0.1461	3.995	2.128	-1.4	0.6813	-0.3438	-2.263	-2.561	1.307	0.3198	-0.03009	-0.2968	-0.3517	-0.08795	-0.12	-0.09794	0.08757	0.03346	0.1097	-0.007536	-0.02327	0.04609	0.004483
148	0.61	-1.793	0.3806	-2.57	0.4159	3.394	0.2834	-0.431	0.5231	-0.1226	0.732	1.327	-0.5914	0.06967	0.4366	-0.07706	-0.9168	-0.1076	0.03811	-0.08005	0.53	0.02848	-0.1544	0.03386	-0.0745	0.1462	-0.01717
149	-0.0947	-2.913	-0.1799	-2.768	0.5246	2.612	0.4477	-0.4112	0.2891	0.6491	0.6934	1.154	-0.6965	-0.2273	0.3637	-0.3036	-0.8835	-0.007545	0.01565	-0.02171	0.7618	-0.003574	-0.2222	0.04489	-0.07218	0.1739	0.0005934
150	-1.446	-0.7497	-4.062	2.947	-6.663	2.24	-1.026	-1.189	-0.06988	0.1365	0.02053	0.4881	0.7466	0.1855	0.2325	-0.06656	-0.1905	0.2681	-0.02644	-0.1606	-0.1394	-0.5608	0.06156	0.2077	0.4175	0.06177	0.1005
151	0.1936	0.2344	-1.825	0.6666	1.315	1.061	-0.31	0.1865	0.336	0.007321	-0.3624	0.252	0.1068	0.3155	0.004684	-0.3472	-0.4485	-0.2012	0.1714	-0.009814	-0.1454	-0.05079	0.1966	-0.00593	-0.0509	-0.03586	0.1049
152	-1.059	0.0858	-1.643	0.9005	1.39	0.8905	-0.7204	-0.07116	0.5582	-0.5286	0.08648	0.02969	0.1961	0.1078	0.06377	0.0691	0.06092	-0.007362	0.1574	0.1775	-0.03181	-0.133	-0.08245	-0.1181	-0.02537	-0.02293	0.06356
153	-0.2064	0.5174	-0.8629	1.345	1.294	1.242	-0.5889	0.2252	0.2855	-0.2346	0.569	-0.1079	0.2549	0.3336	-0.1861	-0.2344	0.2253	0.2076	0.0215	0.07281	0.006505	-0.01069	-0.2039	0.004064	-0.02061	-0.04071	0.09894
154	-1.184	-0.2661	-1.632	0.7699	0.8923	0.5233	-0.5127	-0.09769	0.3423	-0.2755	0.3966	0.2005	0.6552	0.4496	0.0104	-0.4125	0.1804	0.1017	0.07224	0.2322	0.1437	-0.1402	-0.02828	-0.1683	0.07478	-0.06583	0.008612
155	-1.888	-0.6263	-2.256	0.9357	1.3	-0.2176	-0.1843	-0.5506	0.9803	-1.108	0.3355	0.1127	0.6942	-0.563	0.1926	-0.1114	-0.2474	0.09911	0.1451	0.4814	-0.1059	0.03234	-0.09857	-0.4447	0.1204	0.196	-0.147
156	-2.369	-1.803	-3.102	0.8221	1.615	-0.9974	0.272	-1.343	0.9739	-0.7142	-0.03126	-0.2635	-0.2293	-1.01	-0.09063	0.1916	-0.5468	0.1768	0.2082	0.0002867	-0.3855	0.003099	-0.02471	-0.0862	-0.03995	0.0117	0.0331
157	-0.9298	-0.1812	-1.471	1.063	1.324	0.5221	-0.5194	0.1059	0.5972	-0.854	0.581	-0.03015	0.5454	-0.08661	-0.3245	-0.3062	-0.01059	0.2001	0.2338	-0.08396	0.1468	0.003668	-0.0704	-0.01777	-0.004744	-0.05065	0.05943
158	0.6066	0.9339	-0.81	1.448	1.331	1.491	-0.1072	0.1144	0.1158	0.3745	0.3824	-0.0163	0.3119	0.236	-0.1073	-0.2615	-0.1733	-0.03209	0.1288	0.09321	-0.1573	-0.01664	0.04182	0.02606	-0.05345	-0.02726	0.08755
159	0.4724	0.8011	-0.717	1.485	1.303	1.44	-0.2254	0.2274	0.1246	0.1845	0.5321	-0.09283	0.2919	0.2279	-0.2407	-0.361	-0.07868	0.1238	0.1266	0.1031	-0.1255	0.008967	-0.08688	0.02493	-0.03237	-0.04256	0.08962
160	-2.228	-0.135	-2.674	0.445	1.429	0.02968	-0.2624	-0.845	1.074	-0.4619	-0.5752	0.08498	-0.3148	-0.1967	1.269	0.5682	0.6939	0.37	-0.3156	-0.03529	-0.05681	-0.2692	-0.1832	-0.3053	-0.04576	0.04625	0.07193
161	-1.069	0.328	-1.833	0.5968	1.268	0.6985	-0.5649	-0.2194	0.7371	-0.2404	-0.2039	0.07105	-0.159	0.3277	0.7929	-0.01719	0.6445	0.2556	-0.4319	-0.07073	0.004203	-0.1494	-0.2816	-0.1822	-0.05066	0.09514	0.08942
162	-0.4178	-0.3227	-1.524	1.116	1.374	0.7384	-0.6295	0.01358	0.4589	-0.5084	0.2772	0.06132	0.1744	0.3076	-0.2667	-0.371	-0.1234	0.09631	0.1175	0.0752	-0.1981	0.04933	-0.09212	-0.01323	0.01	-0.09832	0.09071
163	-2.513	-2.28	-3.773	1.432	1.396	-1.503	0.7215	-1.958	1.59	-1.251	-0.03601	-0.1908	-0.1268	-1.782	0.3504	0.4111	-0.5993	0.2777	0.4573	0.3721	-0.5208	0.04682	0.1999	-0.05853	-0.01239	0.01526	0.0132
164	0.1326	0.4568	-1.459	0.9542	1.329	1.261	-0.3703	0.1606	0.2614	0.02497	-0.1052	0.1607	0.1145	0.4216	0.08229	-0.155	-0.1789	-0.1438	0.04392	0.06158	-0.1248	-0.05452	0.1092	-0.01944	-0.03126	-0.07249	0.116
165	-0.871	-0.1853	-1.637	0.9437	1.369	0.4893	-0.5427	0.0212	0.5407	-0.5842	0.3379	0.1438	0.5809	0.04946	-0.1971	-0.3517	-0.1972	0.1909	0.186	0.03052	-0.09229	0.05248	-0.1229	-0.2048	0.0609	0.001759	-0.0396
166	-0.7782	-1.541	-3.663	2.087	-7.117	1.703	-1.206	-0.7689	-0.02039	0.369	0.5367	0.06659	0.7796	-0.2024	0.2129	0.2297	-0.3324	0.1985	-0.1808	-0.1611	-0.3871	-0.5494	-0.07487	0.2556	0.3422	0.1608	-0.05898
167	0.7982	-0.06411	-1.413	-0.5392	0.71	0.6342	-0.6067	0.6747	0.5028	0.2195	-0.1934	0.07134	-0.01254	0.1849	0.08731	-0.06778	-0.3618	-0.06454	0.2916	0.01074	-0.2267	-0.0189	0.2402	0.07062	-0.1174	0.1108	0.00371
168	-0.3526	-0.5063	-1.089	-0.1687	0.8248	0.263	-0.9773	0.3744	0.6737	-0.2725	0.6191	-0.07383	0.5546	-0.01004	-0.05396	0.2127	-0.01357	-0.1171	0.199	-0.01855	-0.001398	0.04975	0.1095	0.1557	-0.05309	-0.15	0.01506
169	0.1675	0.1067	-0.3069	0.2203	0.6802	0.5163	-1.028	0.5749	0.6882	-0.502	1.147	-0.2156	0.6263	0.1126	-0.3658	0.03356	0.2012	0.3056	0.2295	-0.1418	0.05001	0.07013	-0.09834	0.07325	-0.04756	0.01535	-0.017
170	-0.9594	-0.8914	-1.217	0.2312	0.538	-0.1021	-0.9331	0.09997	0.6458	-0.4696	1.093	-0.09938	0.9368	0.009462	-0.03549	0.304	0.1423	-0.08626	0.2736	-0.2662	0.05844	-0.008614	0.2561	0.1474	-0.06046	-0.05006	-0.04209
171	-2.402	-1.334	-1.933	-0.05141	0.8844	-1.232	-0.273	-0.5342	1.113	-0.8744	1.641	-0.6024	1.482	-1.285	0.06332	0.7126	0.02242	-0.6679	-0.05846	-1.059	0.5956	0.1828	0.02797	0.373	-0.1122	-0.1376	-0.04539
172	-1.846	-3.272	-2.313	0.06139	1.191	-1.67	-0.06916	-1.147	0.4139	0.251	1.15	-0.6398	0.1716	-0.239	-0.2331	0.4114	-0.1819	-0.6538	-0.4747	-0.1168	-0.3771	0.2227	-0.2026	-0.04645	0.04936	0.007167	-0.02243
173	-0.4332	-0.9181	-0.6998	0.1568	0.7898	0.06581	-0.9967	0.3984	0.4039	-0.3469	1.207	-0.229	0.5798	0.5166	-0.2544	-0.004031	0.3116	-0.05919	0.04958	0.01596	-0.03647	0.06846	-0.02628	0.02528	-0.001418	-0.01767	-0.01509
174	1.277	0.6322	-0.6154	-0.1141	0.592	0.7797	-0.5449	0.4043	0.7043	0.1616	0.2804	0.01084	0.1404	0.2301	-0.1208	-0.00936	-0.2126	0.06573	0.1813	0.09746	-0.1951	0.008694	0.07713	0.08813	-0.1269	0.1708	-0.01012
175	1.141	0.4611	-0.427	-0.07403	0.5602	0.7741	-0.6816	0.5769	0.5881	0.076	0.5236	-0.09051	0.169	0.3475	-0.2895	-0.155	-0.04302	0.2202	0.1759	0.148	-0.1274	0.02369	-0.06027	0.08985	-0.1051	0.1625	-0.01152
176	-1.221	-1.383	-1.676	-0.1445	0.9642	-0.4056	-0.7562	-0.3189	0.6277	0.1119	0.431	-0.103	0.05453	0.3694	0.6159	0.5664	0.5972	-0.1513	-0.1771	0.1187	-0.1746	-0.01072	0.1486	0.03404	-0.04368	-0.05569	0.05315
177	-0.5632	-0.3443	-1.111	-0.4402	0.7063	0.1712	-0.9008	0.1839	0.6043	0.2398	0.4503	-0.1831	0.1385	0.5302	0.5237	0.2165	0.7376	-0.1457	-0.2941	-0.2938	0.0792	-0.1258	-0.08594	-0.008574	-0.08368	0.04428	0.03591
178	-0.2434	-0.9738	-0.8474	0.26	0.8912	0.1521	-1.15	0.3015	0.437	-0.2576	0.9839	-0.1242	0.4704	0.5442	-0.2536	0.0808	0.1203	-0.112	0.0116	-0.004685	-0.3178	0.1277	-0.08394	0.02449	-0.02857	0.04742	-0.0391
179	-2.111	-3.995	-2.819	-0.09272	0.7402	-2.342	0.5325	-1.66	0.393	0.8669	1.382	-0.8218	0.2345	-0.4202	-0.08314	0.1921	-0.003001	-1.166	-0.8455	0.1055	-0.02905	0.1388	-0.155	-0.07696	0.1373	-0.008496	-0.01054
180	0.2928	0.0611	-0.804	-0.002984	0.7147	0.5992	-0.9676	0.4681	0.7079	-0.2028	0.3966	-0.1762	0.15	0.2109	-0.09455	0.2036	0.02911	0.02347	0.2181	0.03	-0.2054	0.03385	-0.05454	0.05031	-0.07267	0.07525	0.003577
181	-0.4221	-0.9421	-0.9834	0.08639	0.8752	0.006988	-0.9912	0.26	0.46	-0.1971	0.9607	-0.09947	0.6153	0.4005	-0.1933	0.08309	0.1005	-0.14	0.08685	-0.1126	-0.1844	0.1041	0.003848	-0.01367	-0.004004	0.008032	-0.04419
182	-3.061	-1.618	4.605	1.469	-0.1857	0.377	-1.488	-0.1902	-0.5821	-0.6123	-0.05746	-0.6697	-0.9764	0.1283	-0.2935	0.1658	-0.2681	-0.05981	-0.3523	-0.1162	-0.1147	-0.04893	-0.1774	0.02116	-0.0331	0.01578	0.04996
183	-2.434	-2.572	3.857	1.433	0.1714	0.1128	-1.31	-0.08424	-0.5298	-0.4808	-0.3226	-0.1018	-0.2377	0.2478	0.01867	0.2437	-0.3498	-0.2158	-0.1145	0.117	0.2238	0.0322	0.01592	-0.002578	0.01684	0.0218	0.03221
184	-0.5267	-0.5511	5.477	2.361	-2.662	-2.03	1.298	-2.003	1.358	-0.7417	0.6629	0.1356	-0.7804	0.2572	0.9126	-2.05	0.2543	-1.144	0.02118	-0.5837	-0.529	0.004109	0.2322	-0.06789	-0.1109	-0.02281	0.03201
185	-2.393	-2.601	3.97	1.338	0.05385	-0.05811	-1.109	-0.243	-0.3732	-0.4006	-0.6752	-0.2302	-0.3156	0.3806	0.09514	0.1386	-0.4113	-0.3438	-0.1273	0.06466	0.1277	-0.1191	0.03301	0.003576	-0.04644	0.02906	0.03603
186	-4.318	0.1633	5.827	1.636	-0.3408	0.8046	-1.837	-0.1323	-0.8301	-0.5409	1.065	-1.506	-2.133	-0.9489	-0.8317	-0.1579	-0.41	0.6819	-0.6771	-0.05039	-0.2723	-0.2488	0.142	0.04313	-0.09709	-0.06232	0.002035
187	-2.301	-1.875	4.428	1.857	0.07051	0.2354	-1.56	0.1667	-0.5088	-0.6944	0.4077	-0.2958	-0.653	-0.1165	-0.3275	-0.0662	-0.3316	0.1742	-0.3046	-0.01191	0.05004	0.09927	-0.2383	0.0396	0.01102	0.01935	0.01046
188	-2.095	-2.501	3.51	1.516	-0.281	-0.09285	-1.057	-0.2156	-0.5122	-0.3867	-0.2171	0.2761	-0.3662	0.3551	0.322	0.1285	-0.3116	-0.2035	-0.2818	-0.01694	0.1734	-0.01918	0.0386	-0.00937	-0.02249	0.02782	0.03957
189	-2.612	-2.056	4.348	1.547	-0.007115	0.2293	-1.302	-0.1246	-0.3628	-0.5946	-0.1705	-0.5398	-0.664	0.02396	-0.01035	0.1155	-0.04257	-0.03651	-0.2069	0.2677	0.162	-0.1008	-0.09544	0.0221	-0.01997	-0.002155	0.05967
