#Component	1	2
#Std. deviation	1.285	0.591
#Proportion of variance explained	0.8254	0.1746
#Loadings	1	2
c2	-0.7071	-0.7071
c5	0.7071	-0.7071
#Scores	1	2
1	2.359	-0.9442
2	2.467	-1.289
3	0.7131	0.3226
4	4.32	-2.751
5	0.2743	0.6073
6	1.604	-0.1122
7	2.132	-0.6754
8	1.85	-0.4294
9	-0.1762	-0.3045
10	1.366	-0.1467
11	0.9681	-0.1989
12	0.7071	0.5715
13	0.1932	-2.072
14	0.7575	0.1953
15	0.871	-0.3803
16	2.769	-1.437
17	-1.343	-0.2812
18	-0.7433	0.3395
19	0.1325	-0.08015
20	2.095	-0.8278
21	0.9929	-0.7509
22	0.9546	0.1107
23	0.1346	-0.0704
24	-0.8367	0.3619
25	-0.1762	-0.3045
26	1.366	-0.1467
27	0.9681	-0.1989
28	0.7071	0.5715
29	0.1932	-2.072
30	0.7575	0.1953
31	0.871	-0.3803
32	2.769	-1.437
33	-1.343	-0.2812
34	-0.7433	0.3395
35	0.1325	-0.08015
36	2.095	-0.8278
37	0.9929	-0.7509
38	0.9546	0.1107
39	0.1346	-0.0704
40	-0.8367	0.3619
41	1.137	-0.2853
42	0.954	-0.02494
43	0.9006	-0.1966
44	1.146	-0.05721
45	-0.1768	0.247
46	0.9967	-0.1447
47	1.714	-0.6311
48	0.6286	0.2649
49	2.059	-0.8932
50	0.4425	0.4096
51	0.4783	0.504
52	-2.472	-0.8637
53	1.012	0.237
54	-0.5572	-0.8595
55	1.216	0.1459
56	-0.6444	0.4539
57	-0.5947	0.5286
58	-1.833	-0.3777
59	1.589	-0.2747
60	0.7776	0.418
61	2.191	-0.8952
62	1.679	-0.377
63	0.2581	0.6591
64	0.2063	0.3258
65	2.059	-0.8932
66	0.4425	0.4096
67	0.4783	0.504
68	-2.472	-0.8637
69	1.012	0.237
70	-0.5572	-0.8595
71	1.216	0.1459
72	-0.6444	0.4539
73	-0.5947	0.5286
74	-1.833	-0.3777
75	1.589	-0.2747
76	0.7776	0.418
77	2.191	-0.8952
78	1.679	-0.377
79	0.2581	0.6591
80	0.2063	0.3258
81	-1.374	0.02841
82	-0.9445	0.4164
83	-1.516	0.08738
84	-0.02032	0.8901
85	-1.553	-0.5036
86	-1.995	-0.6007
87	1.023	0.08333
88	0.6947	0.6964
89	-1.507	-0.1761
90	-2.378	-0.8035
91	-2.05	-0.4803
92	-0.6876	0.3253
93	0.5839	0.1853
94	0.7352	0.3775
95	-1.599	-0.1377
96	-0.7959	0.564
97	-1.374	0.02841
98	-0.9445	0.4164
99	-1.516	0.08738
100	-0.02032	0.8901
101	-1.553	-0.5036
102	-1.995	-0.6007
103	1.023	0.08333
104	0.6947	0.6964
105	-1.507	-0.1761
106	-2.378	-0.8035
107	-2.05	-0.4803
108	-0.6876	0.3253
109	0.5839	0.1853
110	0.7352	0.3775
111	-1.599	-0.1377
112	-0.7959	0.564
113	-1.374	0.02841
114	-0.9445	0.4164
115	-1.516	0.08738
116	-0.02032	0.8901
117	-1.553	-0.5036
118	-1.995	-0.6007
119	1.023	0.08333
120	0.6947	0.6964
121	-1.507	-0.1761
122	-2.378	-0.8035
123	-2.05	-0.4803
124	-0.6876	0.3253
125	0.5839	0.1853
126	0.7352	0.3775
127	-1.599	-0.1377
128	-0.7959	0.564
129	-1.374	0.02841
130	-0.9445	0.4164
131	-1.516	0.08738
132	-0.02032	0.8901
133	-1.553	-0.5036
134	-1.995	-0.6007
135	1.023	0.08333
136	0.6947	0.6964
137	-1.507	-0.1761
138	-2.378	-0.8035
139	-2.05	-0.4803
140	-0.6876	0.3253
141	0.5839	0.1853
142	0.7352	0.3775
143	-1.599	-0.1377
144	-0.7959	0.564
145	-1.374	0.02841
146	-0.9445	0.4164
147	-1.516	0.08738
148	-0.02032	0.8901
149	-1.553	-0.5036
150	-1.995	-0.6007
151	1.023	0.08333
152	0.6947	0.6964
153	-1.507	-0.1761
154	-2.378	-0.8035
155	-2.05	-0.4803
156	-0.6876	0.3253
157	0.5839	0.1853
158	0.7352	0.3775
159	-1.599	-0.1377
160	-0.7959	0.564
161	-1.374	0.02841
162	-0.9445	0.4164
163	-1.516	0.08738
164	-0.02032	0.8901
165	-1.553	-0.5036
166	-1.995	-0.6007
167	1.023	0.08333
168	0.6947	0.6964
169	-1.507	-0.1761
170	-2.378	-0.8035
171	-2.05	-0.4803
172	-0.6876	0.3253
173	0.5839	0.1853
174	0.7352	0.3775
175	-1.599	-0.1377
176	-0.7959	0.564
177	-1.374	0.02841
178	-0.9445	0.4164
179	-1.516	0.08738
180	-0.02032	0.8901
181	-1.553	-0.5036
182	-1.995	-0.6007
183	1.023	0.08333
184	0.6947	0.6964
185	-1.507	-0.1761
186	-2.378	-0.8035
187	-2.05	-0.4803
188	-0.6876	0.3253
189	0.5839	0.1853
190	0.7352	0.3775
191	-1.599	-0.1377
192	-0.7959	0.564
193	0.6085	0.5812
194	0.8767	0.5262
195	1.092	-0.009144
196	1.585	-0.08186
197	0.1487	0.6975
198	1.204	0.2224
199	1.172	0.3021
200	1.068	0.3107
201	0.6085	0.5812
202	0.8767	0.5262
203	1.092	-0.009144
204	1.585	-0.08186
205	0.1487	0.6975
206	1.204	0.2224
207	1.172	0.3021
208	1.068	0.3107
209	0.6085	0.5812
210	0.8767	0.5262
211	1.092	-0.009144
212	1.585	-0.08186
213	0.1487	0.6975
214	1.204	0.2224
215	1.172	0.3021
216	1.068	0.3107
217	0.5692	0.2591
218	0.03287	0.5408
219	0.5519	0.4304
220	-0.2502	0.5573
221	0.7179	0.1164
222	1.247	-0.4246
223	1.855	-0.6597
224	0.439	0.3301
225	-0.7063	0.3618
226	-0.6432	0.4468
227	1.308	-0.1655
228	0.335	0.2979
229	0.2801	0.495
230	2.435	-1.565
231	-0.09889	0.5718
232	0.4245	0.3861
233	0.5692	0.2591
234	0.03287	0.5408
235	0.5519	0.4304
236	-0.2502	0.5573
237	0.7179	0.1164
238	1.247	-0.4246
239	1.855	-0.6597
240	0.439	0.3301
241	-0.7063	0.3618
242	-0.6432	0.4468
243	1.308	-0.1655
244	0.335	0.2979
245	0.2801	0.495
246	2.435	-1.565
247	-0.09889	0.5718
248	0.4245	0.3861
249	0.2321	0.5903
250	0.8874	0.3201
251	-2.117	-3.008
252	0.7834	0.1339
253	-0.2523	0.6246
254	0.2057	0.5634
255	0.6888	0.1217
256	0.6685	0.1421
