#Component	1	2	3	4	5	6	7	8	9	10
#Std. deviation	2.214	1.637	1.14	0.8521	0.4239	0.2745	0.2614	0.2459	0.08295	0.002441
#Proportion of variance explained	0.4904	0.268	0.1299	0.07261	0.01797	0.007536	0.006835	0.006046	0.0006881	5.96e-07
#Loadings	1	2	3	4	5	6	7	8	9	10
c2	-0.4085	-0.03	0.1232	-0.3791	0.3435	0.639	-0.188	0.07294	-0.2902	-0.1491
c3	-0.0783	-0.3169	-0.7159	-0.1292	0.01833	0.01372	0.3313	0.5031	-0.02857	0.0001776
c4	-0.4228	-0.009212	0.1119	-0.3717	0.05924	-0.1505	0.03175	0.01822	0.7939	0.1126
c5	0.3928	-0.144	0.1125	-0.2877	0.7386	-0.4087	-0.06882	0.08189	-0.07483	0.0003889
c6	-0.05565	-0.5408	0.3751	0.1438	-0.04453	0.09679	0.08209	0.16	-0.1058	0.6987
c7	-0.06107	-0.5284	-0.3905	-0.009501	0.006545	-0.02725	-0.4026	-0.6327	0.03692	-0.0002863
c8	-0.04267	-0.5418	0.3723	0.1622	-0.1121	-0.0719	0.1306	0.1481	0.07855	-0.6905
c9	0.3882	-0.08583	0.08135	-0.5108	-0.2019	0.247	0.5703	-0.3838	0.00302	0.0001697
c10	0.4058	-0.06995	0.03566	-0.3929	-0.4326	0.0752	-0.5808	0.3701	0.0878	-0.001312
c11	-0.4122	0.01988	0.08674	-0.3954	-0.3002	-0.5656	0.02563	-0.04879	-0.5026	0.008608
#Scores	1	2	3	4	5	6	7	8	9	10
1	3.549	-1.282	0.8074	-1.046	0.2653	-0.351	-0.1253	0.173	-0.04232	0.000848
2	3.859	-1.449	0.9596	-1.596	0.3439	-0.2395	-0.06941	0.1377	0.03911	0.0003014
3	2.765	-1.128	0.433	-0.8292	-1.365	0.6663	-0.2572	0.09132	0.05611	-0.002013
4	8.638	-2.355	1.717	-6.412	-0.4313	0.5128	2.024	-1.242	0.006089	-0.0002381
5	0.3787	-0.5751	0.08061	1.012	-0.2619	-0.02863	0.1048	0.0004139	-0.0548	0.001078
6	3.355	-1.009	0.6178	-0.9071	-0.76	0.1178	-0.2256	0.1854	0.01641	0.0008514
7	4.216	-1.344	0.8316	-1.852	-0.4147	0.2431	0.728	-0.4434	-0.01437	0.001226
8	2.716	-0.9137	0.5933	-0.2645	0.1721	-0.3061	-0.05557	0.1071	-0.07821	0.002145
9	-0.8769	-2.164	1.209	0.8077	0.3414	0.03715	0.07182	0.03323	0.1949	-0.004577
10	1.779	-1.68	0.8274	0.4872	0.08908	-0.2422	0.009419	0.0983	-0.05498	0.001994
11	0.8095	-0.4404	0.4159	0.6947	0.6676	-0.3015	0.1723	-0.04251	0.05426	-0.001752
12	1.597	-1.609	0.8368	0.5932	-0.7957	0.2042	0.1456	-0.0504	0.01419	0.001314
13	-0.8247	-2.025	1.396	-0.163	1.994	0.1066	-0.1609	0.1926	0.3483	-0.003115
14	1.145	-1.554	0.8254	0.8396	-0.1331	0.04251	0.174	-0.06038	-0.06939	0.002305
15	0.6997	-1.979	1.092	0.7744	0.5407	-0.1258	0.2281	-0.05792	0.06853	-0.0008785
16	4.248	-2.304	1.304	-1.6	0.1088	-0.4343	-0.8262	0.6538	0.02004	0.0004866
17	-2.68	-3.679	-2.477	-0.2759	0.1062	0.2867	0.4255	0.6108	0.1408	-0.002731
18	-1.528	-1.563	0.3906	0.7372	-0.3308	-0.0746	-0.01251	-0.1661	-0.05787	-0.0003418
19	-0.3627	-2.013	0.6784	0.9173	0.2803	-0.01566	0.2025	-0.01662	0.09878	-0.00155
20	2.9	-1.853	1.063	-0.5076	0.4891	-0.2262	0.583	-0.2777	-0.05686	0.0007976
21	0.7556	-2.315	1.081	0.6325	0.8301	-0.1423	0.09462	-0.01323	0.002538	0.0004012
22	0.248	-7.83	-6.946	-0.1475	0.08192	-0.2848	-1.063	-1.664	0.04013	0.0007487
23	-0.3146	-0.6228	0.5145	0.7593	0.4139	-0.1121	0.07159	-0.008825	0.08539	-0.001058
24	-1.615	-1.064	0.8356	0.7354	-0.3449	-0.04701	0.0952	-0.05243	0.03418	-0.001646
25	-0.8769	-2.164	1.209	0.8077	0.3414	0.03715	0.07182	0.03323	0.1949	-0.004577
26	1.779	-1.68	0.8274	0.4872	0.08908	-0.2422	0.009419	0.0983	-0.05498	0.001994
27	0.8095	-0.4404	0.4159	0.6947	0.6676	-0.3015	0.1723	-0.04251	0.05426	-0.001752
28	1.597	-1.609	0.8368	0.5932	-0.7957	0.2042	0.1456	-0.0504	0.01419	0.001314
29	-0.8247	-2.025	1.396	-0.163	1.994	0.1066	-0.1609	0.1926	0.3483	-0.003115
30	1.145	-1.554	0.8254	0.8396	-0.1331	0.04251	0.174	-0.06038	-0.06939	0.002305
31	0.6997	-1.979	1.092	0.7744	0.5407	-0.1258	0.2281	-0.05792	0.06853	-0.0008785
32	4.248	-2.304	1.304	-1.6	0.1088	-0.4343	-0.8262	0.6538	0.02004	0.0004866
33	-2.68	-3.679	-2.477	-0.2759	0.1062	0.2867	0.4255	0.6108	0.1408	-0.002731
34	-1.528	-1.563	0.3906	0.7372	-0.3308	-0.0746	-0.01251	-0.1661	-0.05787	-0.0003418
35	-0.3627	-2.013	0.6784	0.9173	0.2803	-0.01566	0.2025	-0.01662	0.09878	-0.00155
36	2.9	-1.853	1.063	-0.5076	0.4891	-0.2262	0.583	-0.2777	-0.05686	0.0007976
37	0.7556	-2.315	1.081	0.6325	0.8301	-0.1423	0.09462	-0.01323	0.002538	0.0004012
38	0.248	-7.83	-6.946	-0.1475	0.08192	-0.2848	-1.063	-1.664	0.04013	0.0007487
39	-0.3146	-0.6228	0.5145	0.7593	0.4139	-0.1121	0.07159	-0.008825	0.08539	-0.001058
40	-1.615	-1.064	0.8356	0.7354	-0.3449	-0.04701	0.0952	-0.05243	0.03418	-0.001646
41	0.9208	-4.607	2.201	1.201	-0.04603	-0.2619	0.06956	0.109	-0.02772	0.001362
42	0.9656	-1.21	0.725	0.7822	0.2693	-0.2377	0.1646	-0.03246	-0.003584	1.359e-05
43	1.633	-1.589	0.8174	0.1911	-0.1498	0.1312	-0.2473	0.1936	-0.0005148	-0.001821
44	1.808	-1.673	0.9212	0.2812	-0.1525	-0.003221	0.1179	-0.005766	0.03925	0.0006851
45	-0.5085	-1.157	0.4262	0.8807	-0.06476	0.02786	0.04814	0.01223	-0.006052	-0.001241
46	1.359	-1.389	0.7589	0.4693	0.1413	-0.06018	0.09918	-0.005678	-0.01607	0.0007873
47	2.297	-1.672	0.9434	-0.05733	0.3389	-0.2851	-0.1265	0.1698	-0.04814	0.001635
48	1.161	-1.298	0.7175	0.6321	-0.2844	0.1443	0.1271	-0.04203	0.04432	-0.0001463
49	2.115	-1.31	0.7971	0.1172	0.9214	-0.7173	-0.1495	0.2046	-0.1574	0.003112
50	0.4944	-0.9125	0.5315	1.045	-0.1319	-0.09008	0.07418	-0.01084	-0.07142	0.001589
51	0.6484	-0.9122	0.5539	1.029	-0.2453	-0.04872	0.1098	-0.02831	-0.01013	0.0007532
52	-4.889	-0.6901	1.371	-1.862	-0.3514	-0.6246	-0.07166	0.004875	0.09999	-0.00808
53	1.901	-2.765	-1.458	-0.1826	-0.6892	0.08044	-0.4259	0.3262	-0.008122	-0.0001337
54	0.1527	-1.64	0.5701	0.3718	0.4688	1.099	-0.3026	0.003622	-0.5622	-0.01563
55	2.787	-1.354	0.7892	-0.5103	-0.8432	0.2971	0.2044	-0.09711	0.03428	0.001077
56	-1.218	-1.285	0.8892	0.9173	-0.3772	0.04499	0.1295	-0.05697	0.1176	-0.002534
57	-1.146	-0.7581	0.5732	0.9194	-0.3567	-0.04744	0.09921	-0.05794	-0.03246	-0.0005709
58	-3.476	-0.9514	1.046	-0.6735	-0.3079	-0.2783	-0.03804	-0.04022	-0.03305	-0.0008932
59	2.272	-1.287	0.7329	0.09656	0.05626	-0.2755	-0.1679	0.1831	-0.06401	0.001901
60	1.469	-1.082	0.598	0.6025	-0.4604	0.06927	0.06826	-0.004436	-0.01413	0.001564
61	2.706	-1.411	0.8347	-0.2178	0.6281	-0.5852	-0.322	0.3109	-0.1252	0.001522
62	3.037	-1.588	0.718	-0.6734	-0.3671	-0.002633	-0.2297	0.1445	-0.007571	-0.0004761
63	0.2864	-0.8623	0.5197	1.196	-0.3629	-0.0823	0.07314	-0.01785	-0.08433	0.002158
64	-0.1182	-0.8892	0.5923	1.055	-0.004005	-0.1903	0.09262	-0.02695	-0.06263	0.0005815
65	2.115	-1.31	0.7971	0.1172	0.9214	-0.7173	-0.1495	0.2046	-0.1574	0.003112
66	0.4944	-0.9125	0.5315	1.045	-0.1319	-0.09008	0.07418	-0.01084	-0.07142	0.001589
67	0.6484	-0.9122	0.5539	1.029	-0.2453	-0.04872	0.1098	-0.02831	-0.01013	0.0007532
68	-4.889	-0.6901	1.371	-1.862	-0.3514	-0.6246	-0.07166	0.004875	0.09999	-0.00808
69	1.901	-2.765	-1.458	-0.1826	-0.6892	0.08044	-0.4259	0.3262	-0.008122	-0.0001337
70	0.1527	-1.64	0.5701	0.3718	0.4688	1.099	-0.3026	0.003622	-0.5622	-0.01563
71	2.787	-1.354	0.7892	-0.5103	-0.8432	0.2971	0.2044	-0.09711	0.03428	0.001077
72	-1.218	-1.285	0.8892	0.9173	-0.3772	0.04499	0.1295	-0.05697	0.1176	-0.002534
73	-1.146	-0.7581	0.5732	0.9194	-0.3567	-0.04744	0.09921	-0.05794	-0.03246	-0.0005709
74	-3.476	-0.9514	1.046	-0.6735	-0.3079	-0.2783	-0.03804	-0.04022	-0.03305	-0.0008932
75	2.272	-1.287	0.7329	0.09656	0.05626	-0.2755	-0.1679	0.1831	-0.06401	0.001901
76	1.469	-1.082	0.598	0.6025	-0.4604	0.06927	0.06826	-0.004436	-0.01413	0.001564
77	2.706	-1.411	0.8347	-0.2178	0.6281	-0.5852	-0.322	0.3109	-0.1252	0.001522
78	3.037	-1.588	0.718	-0.6734	-0.3671	-0.002633	-0.2297	0.1445	-0.007571	-0.0004761
79	0.2864	-0.8623	0.5197	1.196	-0.3629	-0.0823	0.07314	-0.01785	-0.08433	0.002158
80	-0.1182	-0.8892	0.5923	1.055	-0.004005	-0.1903	0.09262	-0.02695	-0.06263	0.0005815
81	-2.482	0.3149	0.2818	-0.2094	-0.1953	-0.1893	0.02626	-0.02375	-0.09637	0.001311
82	-1.57	0.4052	0.1378	0.4517	-0.231	-0.01812	0.08274	-0.08215	-0.03739	-0.001199
83	-2.787	0.98	0.2197	-0.5295	-0.2766	-0.3398	0.03262	-0.07841	0.01134	-0.003695
84	0.0486	1.372	-0.4382	1.022	-0.1748	-0.05375	0.1415	-0.1166	-0.05813	0.0007932
85	-2.221	0.3567	0.1807	-0.236	0.3777	0.4677	-0.1345	-0.02751	0.01881	0.003525
86	-2.887	0.2761	0.4825	-0.582	0.1902	0.4523	-0.1495	-0.006865	-0.0108	0.005333
87	2.301	-0.05004	0.2187	-0.3869	-0.4406	0.1799	-0.1844	0.1326	0.08966	-0.001313
88	2.066	0.513	-0.09818	0.03763	-0.9016	0.2198	-0.3485	0.2119	0.03287	0.0007764
89	-2.765	-0.005561	-1.266	-0.6881	0.07487	-0.08014	0.09303	0.1184	0.03578	-0.002234
90	-4.195	0.3387	0.7341	-1.587	-0.09303	-0.2449	-0.1291	-0.02039	-0.06942	0.001229
91	-3.525	0.05724	-0.321	-1.107	-0.03979	-0.04844	0.006316	0.09884	-0.03369	0.003351
92	-1.005	0.335	0.1585	0.6098	-0.0208	0.1986	0.06251	-0.06477	0.1249	-0.0006884
93	0.8046	-0.08271	0.1836	0.6805	0.1206	-0.07035	-0.07195	0.0671	-0.0104	0.001517
94	1.275	-0.05954	0.1577	0.5473	-0.1303	0.004321	0.1743	-0.09044	-0.006719	0.0005224
95	-2.704	0.488	0.3614	-0.4012	-0.09047	-0.03459	-0.0228	-0.05164	0.02098	-0.0005073
96	-1.278	0.4364	0.09294	0.632	-0.2834	0.007741	0.07796	-0.07691	0.01513	-0.0009138
97	-2.482	0.3149	0.2818	-0.2094	-0.1953	-0.1893	0.02626	-0.02375	-0.09637	0.001311
98	-1.57	0.4052	0.1378	0.4517	-0.231	-0.01812	0.08274	-0.08215	-0.03739	-0.001199
99	-2.787	0.98	0.2197	-0.5295	-0.2766	-0.3398	0.03262	-0.07841	0.01134	-0.003695
100	0.0486	1.372	-0.4382	1.022	-0.1748	-0.05375	0.1415	-0.1166	-0.05813	0.0007932
101	-2.221	0.3567	0.1807	-0.236	0.3777	0.4677	-0.1345	-0.02751	0.01881	0.003525
102	-2.887	0.2761	0.4825	-0.582	0.1902	0.4523	-0.1495	-0.006865	-0.0108	0.005333
103	2.301	-0.05004	0.2187	-0.3869	-0.4406	0.1799	-0.1844	0.1326	0.08966	-0.001313
104	2.066	0.513	-0.09818	0.03763	-0.9016	0.2198	-0.3485	0.2119	0.03287	0.0007764
105	-2.765	-0.005561	-1.266	-0.6881	0.07487	-0.08014	0.09303	0.1184	0.03578	-0.002234
106	-4.195	0.3387	0.7341	-1.587	-0.09303	-0.2449	-0.1291	-0.02039	-0.06942	0.001229
107	-3.525	0.05724	-0.321	-1.107	-0.03979	-0.04844	0.006316	0.09884	-0.03369	0.003351
108	-1.005	0.335	0.1585	0.6098	-0.0208	0.1986	0.06251	-0.06477	0.1249	-0.0006884
109	0.8046	-0.08271	0.1836	0.6805	0.1206	-0.07035	-0.07195	0.0671	-0.0104	0.001517
110	1.275	-0.05954	0.1577	0.5473	-0.1303	0.004321	0.1743	-0.09044	-0.006719	0.0005224
111	-2.704	0.488	0.3614	-0.4012	-0.09047	-0.03459	-0.0228	-0.05164	0.02098	-0.0005073
112	-1.278	0.4364	0.09294	0.632	-0.2834	0.007741	0.07796	-0.07691	0.01513	-0.0009138
113	-2.482	0.3149	0.2818	-0.2094	-0.1953	-0.1893	0.02626	-0.02375	-0.09637	0.001311
114	-1.57	0.4052	0.1378	0.4517	-0.231	-0.01812	0.08274	-0.08215	-0.03739	-0.001199
115	-2.787	0.98	0.2197	-0.5295	-0.2766	-0.3398	0.03262	-0.07841	0.01134	-0.003695
116	0.0486	1.372	-0.4382	1.022	-0.1748	-0.05375	0.1415	-0.1166	-0.05813	0.0007932
117	-2.221	0.3567	0.1807	-0.236	0.3777	0.4677	-0.1345	-0.02751	0.01881	0.003525
118	-2.887	0.2761	0.4825	-0.582	0.1902	0.4523	-0.1495	-0.006865	-0.0108	0.005333
119	2.301	-0.05004	0.2187	-0.3869	-0.4406	0.1799	-0.1844	0.1326	0.08966	-0.001313
120	2.066	0.513	-0.09818	0.03763	-0.9016	0.2198	-0.3485	0.2119	0.03287	0.0007764
121	-2.765	-0.005561	-1.266	-0.6881	0.07487	-0.08014	0.09303	0.1184	0.03578	-0.002234
122	-4.195	0.3387	0.7341	-1.587	-0.09303	-0.2449	-0.1291	-0.02039	-0.06942	0.001229
123	-3.525	0.05724	-0.321	-1.107	-0.03979	-0.04844	0.006316	0.09884	-0.03369	0.003351
124	-1.005	0.335	0.1585	0.6098	-0.0208	0.1986	0.06251	-0.06477	0.1249	-0.0006884
125	0.8046	-0.08271	0.1836	0.6805	0.1206	-0.07035	-0.07195	0.0671	-0.0104	0.001517
126	1.275	-0.05954	0.1577	0.5473	-0.1303	0.004321	0.1743	-0.09044	-0.006719	0.0005224
127	-2.704	0.488	0.3614	-0.4012	-0.09047	-0.03459	-0.0228	-0.05164	0.02098	-0.0005073
128	-1.278	0.4364	0.09294	0.632	-0.2834	0.007741	0.07796	-0.07691	0.01513	-0.0009138
129	-2.482	0.3149	0.2818	-0.2094	-0.1953	-0.1893	0.02626	-0.02375	-0.09637	0.001311
130	-1.57	0.4052	0.1378	0.4517	-0.231	-0.01812	0.08274	-0.08215	-0.03739	-0.001199
131	-2.787	0.98	0.2197	-0.5295	-0.2766	-0.3398	0.03262	-0.07841	0.01134	-0.003695
132	0.0486	1.372	-0.4382	1.022	-0.1748	-0.05375	0.1415	-0.1166	-0.05813	0.0007932
133	-2.221	0.3567	0.1807	-0.236	0.3777	0.4677	-0.1345	-0.02751	0.01881	0.003525
134	-2.887	0.2761	0.4825	-0.582	0.1902	0.4523	-0.1495	-0.006865	-0.0108	0.005333
135	2.301	-0.05004	0.2187	-0.3869	-0.4406	0.1799	-0.1844	0.1326	0.08966	-0.001313
136	2.066	0.513	-0.09818	0.03763	-0.9016	0.2198	-0.3485	0.2119	0.03287	0.0007764
137	-2.765	-0.005561	-1.266	-0.6881	0.07487	-0.08014	0.09303	0.1184	0.03578	-0.002234
138	-4.195	0.3387	0.7341	-1.587	-0.09303	-0.2449	-0.1291	-0.02039	-0.06942	0.001229
139	-3.525	0.05724	-0.321	-1.107	-0.03979	-0.04844	0.006316	0.09884	-0.03369	0.003351
140	-1.005	0.335	0.1585	0.6098	-0.0208	0.1986	0.06251	-0.06477	0.1249	-0.0006884
141	0.8046	-0.08271	0.1836	0.6805	0.1206	-0.07035	-0.07195	0.0671	-0.0104	0.001517
142	1.275	-0.05954	0.1577	0.5473	-0.1303	0.004321	0.1743	-0.09044	-0.006719	0.0005224
143	-2.704	0.488	0.3614	-0.4012	-0.09047	-0.03459	-0.0228	-0.05164	0.02098	-0.0005073
144	-1.278	0.4364	0.09294	0.632	-0.2834	0.007741	0.07796	-0.07691	0.01513	-0.0009138
145	-2.482	0.3149	0.2818	-0.2094	-0.1953	-0.1893	0.02626	-0.02375	-0.09637	0.001311
146	-1.57	0.4052	0.1378	0.4517	-0.231	-0.01812	0.08274	-0.08215	-0.03739	-0.001199
147	-2.787	0.98	0.2197	-0.5295	-0.2766	-0.3398	0.03262	-0.07841	0.01134	-0.003695
148	0.0486	1.372	-0.4382	1.022	-0.1748	-0.05375	0.1415	-0.1166	-0.05813	0.0007932
149	-2.221	0.3567	0.1807	-0.236	0.3777	0.4677	-0.1345	-0.02751	0.01881	0.003525
150	-2.887	0.2761	0.4825	-0.582	0.1902	0.4523	-0.1495	-0.006865	-0.0108	0.005333
151	2.301	-0.05004	0.2187	-0.3869	-0.4406	0.1799	-0.1844	0.1326	0.08966	-0.001313
152	2.066	0.513	-0.09818	0.03763	-0.9016	0.2198	-0.3485	0.2119	0.03287	0.0007764
153	-2.765	-0.005561	-1.266	-0.6881	0.07487	-0.08014	0.09303	0.1184	0.03578	-0.002234
154	-4.195	0.3387	0.7341	-1.587	-0.09303	-0.2449	-0.1291	-0.02039	-0.06942	0.001229
155	-3.525	0.05724	-0.321	-1.107	-0.03979	-0.04844	0.006316	0.09884	-0.03369	0.003351
156	-1.005	0.335	0.1585	0.6098	-0.0208	0.1986	0.06251	-0.06477	0.1249	-0.0006884
157	0.8046	-0.08271	0.1836	0.6805	0.1206	-0.07035	-0.07195	0.0671	-0.0104	0.001517
158	1.275	-0.05954	0.1577	0.5473	-0.1303	0.004321	0.1743	-0.09044	-0.006719	0.0005224
159	-2.704	0.488	0.3614	-0.4012	-0.09047	-0.03459	-0.0228	-0.05164	0.02098	-0.0005073
160	-1.278	0.4364	0.09294	0.632	-0.2834	0.007741	0.07796	-0.07691	0.01513	-0.0009138
161	-2.482	0.3149	0.2818	-0.2094	-0.1953	-0.1893	0.02626	-0.02375	-0.09637	0.001311
162	-1.57	0.4052	0.1378	0.4517	-0.231	-0.01812	0.08274	-0.08215	-0.03739	-0.001199
163	-2.787	0.98	0.2197	-0.5295	-0.2766	-0.3398	0.03262	-0.07841	0.01134	-0.003695
164	0.0486	1.372	-0.4382	1.022	-0.1748	-0.05375	0.1415	-0.1166	-0.05813	0.0007932
165	-2.221	0.3567	0.1807	-0.236	0.3777	0.4677	-0.1345	-0.02751	0.01881	0.003525
166	-2.887	0.2761	0.4825	-0.582	0.1902	0.4523	-0.1495	-0.006865	-0.0108	0.005333
167	2.301	-0.05004	0.2187	-0.3869	-0.4406	0.1799	-0.1844	0.1326	0.08966	-0.001313
168	2.066	0.513	-0.09818	0.03763	-0.9016	0.2198	-0.3485	0.2119	0.03287	0.0007764
169	-2.765	-0.005561	-1.266	-0.6881	0.07487	-0.08014	0.09303	0.1184	0.03578	-0.002234
170	-4.195	0.3387	0.7341	-1.587	-0.09303	-0.2449	-0.1291	-0.02039	-0.06942	0.001229
171	-3.525	0.05724	-0.321	-1.107	-0.03979	-0.04844	0.006316	0.09884	-0.03369	0.003351
172	-1.005	0.335	0.1585	0.6098	-0.0208	0.1986	0.06251	-0.06477	0.1249	-0.0006884
173	0.8046	-0.08271	0.1836	0.6805	0.1206	-0.07035	-0.07195	0.0671	-0.0104	0.001517
174	1.275	-0.05954	0.1577	0.5473	-0.1303	0.004321	0.1743	-0.09044	-0.006719	0.0005224
175	-2.704	0.488	0.3614	-0.4012	-0.09047	-0.03459	-0.0228	-0.05164	0.02098	-0.0005073
176	-1.278	0.4364	0.09294	0.632	-0.2834	0.007741	0.07796	-0.07691	0.01513	-0.0009138
177	-2.482	0.3149	0.2818	-0.2094	-0.1953	-0.1893	0.02626	-0.02375	-0.09637	0.001311
178	-1.57	0.4052	0.1378	0.4517	-0.231	-0.01812	0.08274	-0.08215	-0.03739	-0.001199
179	-2.787	0.98	0.2197	-0.5295	-0.2766	-0.3398	0.03262	-0.07841	0.01134	-0.003695
180	0.0486	1.372	-0.4382	1.022	-0.1748	-0.05375	0.1415	-0.1166	-0.05813	0.0007932
181	-2.221	0.3567	0.1807	-0.236	0.3777	0.4677	-0.1345	-0.02751	0.01881	0.003525
182	-2.887	0.2761	0.4825	-0.582	0.1902	0.4523	-0.1495	-0.006865	-0.0108	0.005333
183	2.301	-0.05004	0.2187	-0.3869	-0.4406	0.1799	-0.1844	0.1326	0.08966	-0.001313
184	2.066	0.513	-0.09818	0.03763	-0.9016	0.2198	-0.3485	0.2119	0.03287	0.0007764
185	-2.765	-0.005561	-1.266	-0.6881	0.07487	-0.08014	0.09303	0.1184	0.03578	-0.002234
186	-4.195	0.3387	0.7341	-1.587	-0.09303	-0.2449	-0.1291	-0.02039	-0.06942	0.001229
187	-3.525	0.05724	-0.321	-1.107	-0.03979	-0.04844	0.006316	0.09884	-0.03369	0.003351
188	-1.005	0.335	0.1585	0.6098	-0.0208	0.1986	0.06251	-0.06477	0.1249	-0.0006884
189	0.8046	-0.08271	0.1836	0.6805	0.1206	-0.07035	-0.07195	0.0671	-0.0104	0.001517
190	1.275	-0.05954	0.1577	0.5473	-0.1303	0.004321	0.1743	-0.09044	-0.006719	0.0005224
191	-2.704	0.488	0.3614	-0.4012	-0.09047	-0.03459	-0.0228	-0.05164	0.02098	-0.0005073
192	-1.278	0.4364	0.09294	0.632	-0.2834	0.007741	0.07796	-0.07691	0.01513	-0.0009138
193	1.123	2.897	-1.135	0.5069	0.3089	-0.1072	0.005198	-0.04035	-0.008549	-3.562e-05
194	1.847	3.224	-1.272	0.06076	0.1995	-0.02277	0.04332	-0.0741	0.005756	-0.0004313
195	1.956	3.026	-1.161	-0.2497	0.6868	-0.05115	0.203	-0.1777	-0.06917	-0.0002596
196	3.486	2.687	-0.9533	-1.418	-0.1458	0.04778	-0.246	0.12	0.04873	-0.0008767
197	0.4854	3.299	-1.563	0.4812	0.2637	-0.03662	-0.01736	-0.02336	-0.01775	-0.0004192
198	2.568	2.995	-1.172	-0.6097	0.03958	-0.03814	-0.2738	0.1379	0.02561	-0.0009167
199	2.9	2.902	-1.091	-0.912	-0.276	0.138	-0.1855	0.06608	0.05244	-0.0009172
200	1.957	3.125	-1.213	-0.04843	0.4294	-0.1043	0.1565	-0.1384	-0.0257	-0.000155
201	1.123	2.897	-1.135	0.5069	0.3089	-0.1072	0.005198	-0.04035	-0.008549	-3.562e-05
202	1.847	3.224	-1.272	0.06076	0.1995	-0.02277	0.04332	-0.0741	0.005756	-0.0004313
203	1.956	3.026	-1.161	-0.2497	0.6868	-0.05115	0.203	-0.1777	-0.06917	-0.0002596
204	3.486	2.687	-0.9533	-1.418	-0.1458	0.04778	-0.246	0.12	0.04873	-0.0008767
205	0.4854	3.299	-1.563	0.4812	0.2637	-0.03662	-0.01736	-0.02336	-0.01775	-0.0004192
206	2.568	2.995	-1.172	-0.6097	0.03958	-0.03814	-0.2738	0.1379	0.02561	-0.0009167
207	2.9	2.902	-1.091	-0.912	-0.276	0.138	-0.1855	0.06608	0.05244	-0.0009172
208	1.957	3.125	-1.213	-0.04843	0.4294	-0.1043	0.1565	-0.1384	-0.0257	-0.000155
209	1.123	2.897	-1.135	0.5069	0.3089	-0.1072	0.005198	-0.04035	-0.008549	-3.562e-05
210	1.847	3.224	-1.272	0.06076	0.1995	-0.02277	0.04332	-0.0741	0.005756	-0.0004313
211	1.956	3.026	-1.161	-0.2497	0.6868	-0.05115	0.203	-0.1777	-0.06917	-0.0002596
212	3.486	2.687	-0.9533	-1.418	-0.1458	0.04778	-0.246	0.12	0.04873	-0.0008767
213	0.4854	3.299	-1.563	0.4812	0.2637	-0.03662	-0.01736	-0.02336	-0.01775	-0.0004192
214	2.568	2.995	-1.172	-0.6097	0.03958	-0.03814	-0.2738	0.1379	0.02561	-0.0009167
215	2.9	2.902	-1.091	-0.912	-0.276	0.138	-0.1855	0.06608	0.05244	-0.0009172
216	1.957	3.125	-1.213	-0.04843	0.4294	-0.1043	0.1565	-0.1384	-0.0257	-0.000155
217	1.186	0.8768	-0.2355	0.3414	0.04516	0.09295	-0.1098	0.07166	0.06032	-0.001735
218	0.3069	1.366	-0.4797	0.7339	0.08364	0.1545	0.1212	-0.1037	-0.003391	0.0003152
219	0.6984	1.409	-0.447	0.7523	0.3064	-0.1675	0.1168	-0.07442	-0.007878	-0.0003419
220	-0.4208	1.359	-0.3387	0.7304	0.09015	0.009382	0.1044	-0.08244	0.1431	-0.003592
221	1.225	0.8767	-0.6261	0.2238	0.2487	-0.0177	-0.1063	0.08894	0.006167	-0.0002362
222	1.764	0.8357	-0.2311	-0.01463	0.7406	-0.1672	-0.09562	0.05845	-0.06	0.001155
223	3.034	0.6471	-0.00561	-1.054	0.5197	-0.1033	0.416	-0.2384	0.009093	0.0006243
224	0.8356	1.051	-0.2764	0.5164	0.1318	0.04128	-0.04257	0.02534	0.07817	0.0002969
225	-1.043	1.352	-0.6226	0.4118	0.1193	0.1025	0.07096	-0.04731	-0.003292	-0.0008222
226	-0.8416	1.262	-0.6054	0.5378	0.03927	0.1409	-0.004191	-0.1487	-0.0629	0.001999
227	2.004	0.9821	-0.2712	-0.08853	0.4398	-0.1835	0.02699	0.003058	-0.03883	0.0009417
228	0.683	1.262	-0.3899	0.5593	0.2658	0.1029	0.02947	-0.03405	0.06724	0.0006699
229	0.853	1.243	-0.3883	0.5268	-0.05376	0.1713	-0.002223	-0.02501	0.01545	-0.00064
230	3.96	0.1249	-0.01332	-2.068	0.7714	-0.2086	-0.3638	0.1692	-0.0377	-0.004217
231	-0.0755	1.406	-0.4259	0.7739	0.06757	0.02689	0.0676	-0.07398	-0.001465	-0.0002913
232	0.9405	1.203	-0.3612	0.4739	0.09337	0.1117	0.09846	-0.08051	0.02687	0.0001694
233	1.186	0.8768	-0.2355	0.3414	0.04516	0.09295	-0.1098	0.07166	0.06032	-0.001735
234	0.3069	1.366	-0.4797	0.7339	0.08364	0.1545	0.1212	-0.1037	-0.003391	0.0003152
235	0.6984	1.409	-0.447	0.7523	0.3064	-0.1675	0.1168	-0.07442	-0.007878	-0.0003419
236	-0.4208	1.359	-0.3387	0.7304	0.09015	0.009382	0.1044	-0.08244	0.1431	-0.003592
237	1.225	0.8767	-0.6261	0.2238	0.2487	-0.0177	-0.1063	0.08894	0.006167	-0.0002362
238	1.764	0.8357	-0.2311	-0.01463	0.7406	-0.1672	-0.09562	0.05845	-0.06	0.001155
239	3.034	0.6471	-0.00561	-1.054	0.5197	-0.1033	0.416	-0.2384	0.009093	0.0006243
240	0.8356	1.051	-0.2764	0.5164	0.1318	0.04128	-0.04257	0.02534	0.07817	0.0002969
241	-1.043	1.352	-0.6226	0.4118	0.1193	0.1025	0.07096	-0.04731	-0.003292	-0.0008222
242	-0.8416	1.262	-0.6054	0.5378	0.03927	0.1409	-0.004191	-0.1487	-0.0629	0.001999
243	2.004	0.9821	-0.2712	-0.08853	0.4398	-0.1835	0.02699	0.003058	-0.03883	0.0009417
244	0.683	1.262	-0.3899	0.5593	0.2658	0.1029	0.02947	-0.03405	0.06724	0.0006699
245	0.853	1.243	-0.3883	0.5268	-0.05376	0.1713	-0.002223	-0.02501	0.01545	-0.00064
246	3.96	0.1249	-0.01332	-2.068	0.7714	-0.2086	-0.3638	0.1692	-0.0377	-0.004217
247	-0.0755	1.406	-0.4259	0.7739	0.06757	0.02689	0.0676	-0.07398	-0.001465	-0.0002913
248	0.9405	1.203	-0.3612	0.4739	0.09337	0.1117	0.09846	-0.08051	0.02687	0.0001694
249	0.5898	-0.6719	0.1407	0.8157	-0.4004	0.1475	0.1351	0.03974	0.0104	0.0004729
250	1.304	-0.515	0.3606	0.6901	-0.1034	-0.1278	0.08792	-0.01296	-0.05365	0.001459
251	-1.951	-2.729	1.397	-1.067	1.923	2.228	-0.3832	0.004502	-0.04112	0.002035
252	1.333	-0.6962	0.4732	0.4916	-0.09163	0.03236	0.01626	0.02008	-0.05426	0.001562
253	-1.562	-6.65	-9.838	-0.4687	-0.02306	0.09041	1.577	1.96	-0.1292	0.001799
254	0.4373	-0.6549	0.1286	0.9037	-0.2864	0.1177	0.1143	-0.03819	0.03681	0.0001253
255	1.229	-0.7932	0.4844	0.4395	-0.1304	0.07867	-0.005375	0.0397	-0.01071	0.002858
256	0.7895	-0.5642	0.4144	0.7613	0.1442	-0.1202	0.06489	-0.004223	-0.03363	0.0003137
