#Component	1	2	3	4	5	6	7	8	9	10
#Std. deviation	1.714e+06	7.687e+05	1.936e+05	4.146e+04	3.247e+04	1.327e+04	3056	164.2	6.069	2.803
#Proportion of variance explained	0.8231	0.1655	0.0105	0.0004816	0.0002954	4.93e-05	2.615e-06	7.553e-09	1.032e-11	2.201e-12
#Loadings	1	2	3	4	5	6	7	8	9	10
c2	-1.791e-05	-2.588e-05	-0.0008506	-0.0009223	-0.003513	0.002461	-0.002999	0.6922	0.07334	0.7179
c3	-0.003096	0.005908	-0.002659	0.003464	-0.0006458	0.01402	-0.9999	-0.004381	0.0002134	-2.371e-05
c4	-1.198e-05	-1.819e-05	-0.0007555	-0.0003456	-0.001543	0.002711	-0.003095	0.7053	-0.279	-0.6517
c5	-0.006244	-0.02982	0.8981	-0.4307	0.07844	0.02739	-0.003708	0.0008122	3.814e-05	-3.19e-06
c6	-0.3199	-0.6338	-0.05521	-0.1932	-0.6715	-0.06859	-0.003794	-0.002406	-2.013e-06	-0.001091
c7	-0.8932	0.4495	0.008852	0.0003297	0.0003143	0.0005257	0.005407	2.81e-05	-1.328e-06	1.878e-07
c8	-0.3159	-0.6287	0.01501	0.2068	0.6764	0.06622	-0.001579	0.002322	4.26e-06	0.001089
c9	0.001125	-0.006445	0.3965	0.7962	-0.2921	0.3515	0.006783	-0.001151	-1.002e-05	-1.877e-06
c10	0.0007888	-0.0009884	0.1812	0.3169	-0.01039	-0.9308	-0.01245	0.003824	-0.0001572	3.851e-05
c11	-1.545e-06	-1.589e-06	-0.0001564	4.537e-05	-0.0001926	0.0004477	-0.0004509	0.1525	0.9575	-0.2448
#Scores	1	2	3	4	5	6	7	8	9	10
1	-4.528e+05	-5.376e+05	4.286e+05	-1.878e+04	1.056e+04	-6067	-1025	196.1	4.863	-1.124
2	-4.941e+05	-5.678e+05	4.964e+05	-8216	-2840	-1616	-1088	265	-1.333	-0.4848
3	-6.858e+05	-3.634e+05	1.098e+05	1.408e+05	-4.453e+04	-3.097e+04	673.9	-76.37	-6.035	2.542
4	-3.576e+05	-5.174e+05	1.108e+06	2.844e+05	-1.27e+05	1.089e+05	-114.9	296.9	0.7558	0.128
5	-5.086e+05	-3.314e+05	-5.683e+04	1.214e+04	2.086e+04	-652.9	-176.8	-185.9	3.901	-1.235
6	-3.374e+05	-4.605e+05	2.585e+05	7.504e+04	-8674	-2.346e+04	-421.9	66.45	-0.7843	-0.9796
7	-4.489e+05	-4.715e+05	4.326e+05	1.223e+05	-3.934e+04	3.429e+04	265	-8.965	1.138	-1.426
8	-3.192e+05	-4.691e+05	2.886e+05	-1.92e+04	1.68e+04	-3690	-562.5	54.65	6.957	-2.567
9	-1.771e+06	-1.158e+06	-4.955e+04	-3.057e+04	2.031e+04	6417	69.56	3.182	-14.48	5.214
10	-1.111e+06	-8.479e+05	1.633e+05	-1.877e+04	2.531e+04	-2343	-514.3	-45.62	4.82	-2.368
11	-1.745e+05	-3.965e+05	1.153e+05	-6.035e+04	3.686e+04	1.538e+04	-69.3	-15.21	-3.091	1.875
12	-1.125e+06	-8.994e+05	1.831e+04	7.85e+04	7392	-4363	472	-190.7	-1.408	-1.477
13	-1.453e+06	-9.961e+05	1.931e+05	-1.674e+05	-2.165e+04	1.201e+04	-765	240.8	-27.71	3.696
14	-1.117e+06	-8.767e+05	4.626e+04	1.176e+04	6413	4248	308.9	-200.5	4.389	-2.589
15	-1.447e+06	-1.049e+06	1.063e+05	-4.25e+04	2.251e+04	1.579e+04	20.84	-64.6	-4.991	0.953
16	-1.152e+06	-9.165e+05	5.277e+05	-3.968e+04	1.305e+04	-4.68e+04	-1925	431.5	0.9763	-0.7292
17	-4.128e+06	5.934e+05	-1.537e+05	3835	-1.343e+04	3307	-1.103e+04	-2.118	-11.87	3.228
18	-1.762e+06	-4.7e+05	-1.723e+05	1.572e+04	1.543e+04	661.5	2070	-71.39	4.87	0.3428
19	-1.742e+06	-8.531e+05	-2.427e+04	-2.339e+04	2.113e+04	1.111e+04	-460.3	-86.05	-7.453	1.748
20	-1.016e+06	-8.4e+05	3.698e+05	-178.3	5078	3.507e+04	-214.5	-11.7	5.087	-1.04
21	-1.793e+06	-1.021e+06	1.59e+05	-7.505e+04	8736	1.211e+04	95.63	-45.92	-0.7399	-0.4432
22	-1.225e+07	4.74e+06	1.854e+05	-3874	2.687e+04	1584	1.755e+04	31.06	-0.6283	-1.016
23	-4.701e+05	-4.945e+05	-1.377e+04	-4.235e+04	2.339e+04	7740	211.4	-28.11	-6.087	1.157
24	-9.657e+05	-7.887e+05	-1.911e+05	2.191e+04	2.234e+04	2501	711.8	-38.45	-1.684	1.798
25	-1.771e+06	-1.158e+06	-4.955e+04	-3.057e+04	2.031e+04	6417	69.56	3.182	-14.48	5.214
26	-1.111e+06	-8.479e+05	1.633e+05	-1.877e+04	2.531e+04	-2343	-514.3	-45.62	4.82	-2.368
27	-1.745e+05	-3.965e+05	1.153e+05	-6.035e+04	3.686e+04	1.538e+04	-69.3	-15.21	-3.091	1.875
28	-1.125e+06	-8.994e+05	1.831e+04	7.85e+04	7392	-4363	472	-190.7	-1.408	-1.477
29	-1.453e+06	-9.961e+05	1.931e+05	-1.674e+05	-2.165e+04	1.201e+04	-765	240.8	-27.71	3.696
30	-1.117e+06	-8.767e+05	4.626e+04	1.176e+04	6413	4248	308.9	-200.5	4.389	-2.589
31	-1.447e+06	-1.049e+06	1.063e+05	-4.25e+04	2.251e+04	1.579e+04	20.84	-64.6	-4.991	0.953
32	-1.152e+06	-9.165e+05	5.277e+05	-3.968e+04	1.305e+04	-4.68e+04	-1925	431.5	0.9763	-0.7292
33	-4.128e+06	5.934e+05	-1.537e+05	3835	-1.343e+04	3307	-1.103e+04	-2.118	-11.87	3.228
34	-1.762e+06	-4.7e+05	-1.723e+05	1.572e+04	1.543e+04	661.5	2070	-71.39	4.87	0.3428
35	-1.742e+06	-8.531e+05	-2.427e+04	-2.339e+04	2.113e+04	1.111e+04	-460.3	-86.05	-7.453	1.748
36	-1.016e+06	-8.4e+05	3.698e+05	-178.3	5078	3.507e+04	-214.5	-11.7	5.087	-1.04
37	-1.793e+06	-1.021e+06	1.59e+05	-7.505e+04	8736	1.211e+04	95.63	-45.92	-0.7399	-0.4432
38	-1.225e+07	4.74e+06	1.854e+05	-3874	2.687e+04	1584	1.755e+04	31.06	-0.6283	-1.016
39	-4.701e+05	-4.945e+05	-1.377e+04	-4.235e+04	2.339e+04	7740	211.4	-28.11	-6.087	1.157
40	-9.657e+05	-7.887e+05	-1.911e+05	2.191e+04	2.234e+04	2501	711.8	-38.45	-1.684	1.798
41	-3.601e+06	-2.213e+06	8.9e+04	-1.444e+04	3.928e+04	-1467	-205.9	-88.52	3.052	-1.679
42	-8.117e+05	-7.349e+05	8.958e+04	-2.791e+04	3.23e+04	9673	34.13	-72.45	1.035	-0.1208
43	-1.075e+06	-7.713e+05	1.219e+05	2828	-5694	-1.85e+04	-120.2	-40.58	-0.9183	2.194
44	-1.086e+06	-8.762e+05	1.399e+05	2.167e+04	1.299e+04	1745	7.364	-64.79	-2.674	-0.8236
45	-1.06e+06	-5.712e+05	-8.846e+04	-4432	1.223e+04	-73.34	49.1	-119.5	0.01239	1.451
46	-9.256e+05	-7.39e+05	1.212e+05	-1.15e+04	1.084e+04	4080	7.457	-84.43	1.041	-0.907
47	-9.796e+05	-8.1e+05	2.719e+05	-4.023e+04	1.614e+04	-6250	-643.4	63.64	4.387	-1.953
48	-9.041e+05	-7.493e+05	3.387e+04	3.161e+04	7723	857.4	374.4	-147.6	-3.848	0.2045
49	-6.821e+05	-6.597e+05	3.28e+05	-1.096e+05	3.909e+04	-423	-995.3	128.3	13.74	-3.775
50	-6.87e+05	-6.299e+05	-2.405e+04	-2149	2.178e+04	-47.04	340.6	-168	5.249	-1.832
51	-6.61e+05	-6.517e+05	-2.564e+04	1.35e+04	2.615e+04	721.2	398.9	-161.8	0.9203	-0.8988
52	-6.606e+05	-6.453e+05	-2.39e+05	2.861e+04	3.229e+04	5315	382	654.5	-1.204	8.72
53	-3.042e+06	4.984e+05	1.241e+05	4.246e+04	5555	-3.477e+04	-2126	-13.31	0.5637	0.1952
54	-1.499e+06	-5.234e+05	5505	-4.656e+04	-1.499e+05	-1.632e+04	1297	-488.1	31.45	18.96
55	-7.052e+05	-6.769e+05	1.742e+05	1.073e+05	-1.493e+04	-946.2	244.2	-88.43	-2.856	-1.198
56	-1.12e+06	-8.888e+05	-1.779e+05	3.032e+04	2.64e+04	3051	716.9	-69.78	-8.1	2.827
57	-7.2e+05	-6.157e+05	-1.742e+05	1.942e+04	2.091e+04	1508	672.5	-111	2.834	0.6067
58	-9.579e+05	-6.491e+05	-2.224e+05	1.819e+04	6673	1939	798	270	5.112	0.8027
59	-7.043e+05	-6.664e+05	2.205e+05	-2.091e+04	2.165e+04	-1.159e+04	-514.2	30.06	5.737	-2.268
60	-7.036e+05	-6.56e+05	4.164e+04	4.002e+04	1.17e+04	-4523	284.1	-151.4	0.8658	-1.782
61	-6.918e+05	-6.676e+05	3.596e+05	-8.429e+04	2.991e+04	-1.35e+04	-1138	166.2	11.11	-1.908
62	-9.503e+05	-5.734e+05	2.78e+05	3.528e+04	-2667	-1.794e+04	-1.553	74.56	1.036	0.5293
63	-6.842e+05	-6.512e+05	-7.721e+04	1.482e+04	2.579e+04	-2520	508.6	-196.9	6.375	-2.496
64	-7.119e+05	-6.511e+05	-5.332e+04	-1.558e+04	2.928e+04	3620	412.4	-121.1	5.153	-0.7333
65	-6.821e+05	-6.597e+05	3.28e+05	-1.096e+05	3.909e+04	-423	-995.3	128.3	13.74	-3.775
66	-6.87e+05	-6.299e+05	-2.405e+04	-2149	2.178e+04	-47.04	340.6	-168	5.249	-1.832
67	-6.61e+05	-6.517e+05	-2.564e+04	1.35e+04	2.615e+04	721.2	398.9	-161.8	0.9203	-0.8988
68	-6.606e+05	-6.453e+05	-2.39e+05	2.861e+04	3.229e+04	5315	382	654.5	-1.204	8.72
69	-3.042e+06	4.984e+05	1.241e+05	4.246e+04	5555	-3.477e+04	-2126	-13.31	0.5637	0.1952
70	-1.499e+06	-5.234e+05	5505	-4.656e+04	-1.499e+05	-1.632e+04	1297	-488.1	31.45	18.96
71	-7.052e+05	-6.769e+05	1.742e+05	1.073e+05	-1.493e+04	-946.2	244.2	-88.43	-2.856	-1.198
72	-1.12e+06	-8.888e+05	-1.779e+05	3.032e+04	2.64e+04	3051	716.9	-69.78	-8.1	2.827
73	-7.2e+05	-6.157e+05	-1.742e+05	1.942e+04	2.091e+04	1508	672.5	-111	2.834	0.6067
74	-9.579e+05	-6.491e+05	-2.224e+05	1.819e+04	6673	1939	798	270	5.112	0.8027
75	-7.043e+05	-6.664e+05	2.205e+05	-2.091e+04	2.165e+04	-1.159e+04	-514.2	30.06	5.737	-2.268
76	-7.036e+05	-6.56e+05	4.164e+04	4.002e+04	1.17e+04	-4523	284.1	-151.4	0.8658	-1.782
77	-6.918e+05	-6.676e+05	3.596e+05	-8.429e+04	2.991e+04	-1.35e+04	-1138	166.2	11.11	-1.908
78	-9.503e+05	-5.734e+05	2.78e+05	3.528e+04	-2667	-1.794e+04	-1.553	74.56	1.036	0.5293
79	-6.842e+05	-6.512e+05	-7.721e+04	1.482e+04	2.579e+04	-2520	508.6	-196.9	6.375	-2.496
80	-7.119e+05	-6.511e+05	-5.332e+04	-1.558e+04	2.928e+04	3620	412.4	-121.1	5.153	-0.7333
81	1.488e+05	-1.129e+05	-1.95e+05	6259	2344	2519	109.8	100.7	8.463	-1.61
82	2.286e+05	-1.009e+05	-1.853e+05	1.368e+04	7989	3624	656.6	-49.69	3.055	1.348
83	7.178e+05	8.939e+04	-2.082e+05	1.909e+04	2.503e+04	5922	672.9	244.5	2.301	3.955
84	1.119e+06	2.983e+05	-1.079e+05	6703	2.28e+04	5066	739	-194.2	4.264	-0.9233
85	1.275e+05	4.954e+04	-1.52e+05	-2.95e+04	-6.235e+04	-1335	861.5	-23	-4.577	-3.728
86	1.132e+05	-1.183e+05	-1.973e+05	-1.359e+04	-6.983e+04	-3455	760.5	38.43	-1.973	-5.825
87	3.065e+05	-1.272e+05	1.511e+05	4.499e+04	-3841	-1.698e+04	-91.36	18.4	-6.831	1.54
88	6.687e+05	5.807e+04	3.937e+04	6.7e+04	877.9	-3.156e+04	114.6	-63.83	-2.782	-0.8227
89	-5.963e+05	7.897e+05	-1.649e+05	-4065	-2374	5194	-2956	170.8	-1.692	2.473
90	1.577e+05	-1.221e+05	-2.182e+05	3817	-2.215e+04	1450	605.2	398.3	7.511	-1.582
91	-2.981e+05	3.046e+05	-2.065e+05	3123	-2.571e+04	1632	-1895	230.3	3.322	-3.894
92	2.277e+05	-1.328e+05	-1.418e+05	4359	1711	3471	730	-79.5	-10.02	0.8426
93	5.349e+04	-2.253e+05	3.531e+04	-2.463e+04	1.538e+04	-4785	118	-86.72	0.5556	-1.73
94	1.195e+05	-2.085e+05	5.055e+04	1.734e+04	1.402e+04	5990	345.2	-138.9	0.4054	-0.6098
95	2.918e+05	-6.939e+04	-2.002e+05	5795	-6977	2777	704.4	147.5	-0.6855	0.5145
96	2.629e+05	-9.916e+04	-1.831e+05	1.852e+04	1.488e+04	2355	740.3	-71.21	-0.7956	1.01
97	1.488e+05	-1.129e+05	-1.95e+05	6259	2344	2519	109.8	100.7	8.463	-1.61
98	2.286e+05	-1.009e+05	-1.853e+05	1.368e+04	7989	3624	656.6	-49.69	3.055	1.348
99	7.178e+05	8.939e+04	-2.082e+05	1.909e+04	2.503e+04	5922	672.9	244.5	2.301	3.955
100	1.119e+06	2.983e+05	-1.079e+05	6703	2.28e+04	5066	739	-194.2	4.264	-0.9233
101	1.275e+05	4.954e+04	-1.52e+05	-2.95e+04	-6.235e+04	-1335	861.5	-23	-4.577	-3.728
102	1.132e+05	-1.183e+05	-1.973e+05	-1.359e+04	-6.983e+04	-3455	760.5	38.43	-1.973	-5.825
103	3.065e+05	-1.272e+05	1.511e+05	4.499e+04	-3841	-1.698e+04	-91.36	18.4	-6.831	1.54
104	6.687e+05	5.807e+04	3.937e+04	6.7e+04	877.9	-3.156e+04	114.6	-63.83	-2.782	-0.8227
105	-5.963e+05	7.897e+05	-1.649e+05	-4065	-2374	5194	-2956	170.8	-1.692	2.473
106	1.577e+05	-1.221e+05	-2.182e+05	3817	-2.215e+04	1450	605.2	398.3	7.511	-1.582
107	-2.981e+05	3.046e+05	-2.065e+05	3123	-2.571e+04	1632	-1895	230.3	3.322	-3.894
108	2.277e+05	-1.328e+05	-1.418e+05	4359	1711	3471	730	-79.5	-10.02	0.8426
109	5.349e+04	-2.253e+05	3.531e+04	-2.463e+04	1.538e+04	-4785	118	-86.72	0.5556	-1.73
110	1.195e+05	-2.085e+05	5.055e+04	1.734e+04	1.402e+04	5990	345.2	-138.9	0.4054	-0.6098
111	2.918e+05	-6.939e+04	-2.002e+05	5795	-6977	2777	704.4	147.5	-0.6855	0.5145
112	2.629e+05	-9.916e+04	-1.831e+05	1.852e+04	1.488e+04	2355	740.3	-71.21	-0.7956	1.01
113	1.488e+05	-1.129e+05	-1.95e+05	6259	2344	2519	109.8	100.7	8.463	-1.61
114	2.286e+05	-1.009e+05	-1.853e+05	1.368e+04	7989	3624	656.6	-49.69	3.055	1.348
115	7.178e+05	8.939e+04	-2.082e+05	1.909e+04	2.503e+04	5922	672.9	244.5	2.301	3.955
116	1.119e+06	2.983e+05	-1.079e+05	6703	2.28e+04	5066	739	-194.2	4.264	-0.9233
117	1.275e+05	4.954e+04	-1.52e+05	-2.95e+04	-6.235e+04	-1335	861.5	-23	-4.577	-3.728
118	1.132e+05	-1.183e+05	-1.973e+05	-1.359e+04	-6.983e+04	-3455	760.5	38.43	-1.973	-5.825
119	3.065e+05	-1.272e+05	1.511e+05	4.499e+04	-3841	-1.698e+04	-91.36	18.4	-6.831	1.54
120	6.687e+05	5.807e+04	3.937e+04	6.7e+04	877.9	-3.156e+04	114.6	-63.83	-2.782	-0.8227
121	-5.963e+05	7.897e+05	-1.649e+05	-4065	-2374	5194	-2956	170.8	-1.692	2.473
122	1.577e+05	-1.221e+05	-2.182e+05	3817	-2.215e+04	1450	605.2	398.3	7.511	-1.582
123	-2.981e+05	3.046e+05	-2.065e+05	3123	-2.571e+04	1632	-1895	230.3	3.322	-3.894
124	2.277e+05	-1.328e+05	-1.418e+05	4359	1711	3471	730	-79.5	-10.02	0.8426
125	5.349e+04	-2.253e+05	3.531e+04	-2.463e+04	1.538e+04	-4785	118	-86.72	0.5556	-1.73
126	1.195e+05	-2.085e+05	5.055e+04	1.734e+04	1.402e+04	5990	345.2	-138.9	0.4054	-0.6098
127	2.918e+05	-6.939e+04	-2.002e+05	5795	-6977	2777	704.4	147.5	-0.6855	0.5145
128	2.629e+05	-9.916e+04	-1.831e+05	1.852e+04	1.488e+04	2355	740.3	-71.21	-0.7956	1.01
129	1.488e+05	-1.129e+05	-1.95e+05	6259	2344	2519	109.8	100.7	8.463	-1.61
130	2.286e+05	-1.009e+05	-1.853e+05	1.368e+04	7989	3624	656.6	-49.69	3.055	1.348
131	7.178e+05	8.939e+04	-2.082e+05	1.909e+04	2.503e+04	5922	672.9	244.5	2.301	3.955
132	1.119e+06	2.983e+05	-1.079e+05	6703	2.28e+04	5066	739	-194.2	4.264	-0.9233
133	1.275e+05	4.954e+04	-1.52e+05	-2.95e+04	-6.235e+04	-1335	861.5	-23	-4.577	-3.728
134	1.132e+05	-1.183e+05	-1.973e+05	-1.359e+04	-6.983e+04	-3455	760.5	38.43	-1.973	-5.825
135	3.065e+05	-1.272e+05	1.511e+05	4.499e+04	-3841	-1.698e+04	-91.36	18.4	-6.831	1.54
136	6.687e+05	5.807e+04	3.937e+04	6.7e+04	877.9	-3.156e+04	114.6	-63.83	-2.782	-0.8227
137	-5.963e+05	7.897e+05	-1.649e+05	-4065	-2374	5194	-2956	170.8	-1.692	2.473
138	1.577e+05	-1.221e+05	-2.182e+05	3817	-2.215e+04	1450	605.2	398.3	7.511	-1.582
139	-2.981e+05	3.046e+05	-2.065e+05	3123	-2.571e+04	1632	-1895	230.3	3.322	-3.894
140	2.277e+05	-1.328e+05	-1.418e+05	4359	1711	3471	730	-79.5	-10.02	0.8426
141	5.349e+04	-2.253e+05	3.531e+04	-2.463e+04	1.538e+04	-4785	118	-86.72	0.5556	-1.73
142	1.195e+05	-2.085e+05	5.055e+04	1.734e+04	1.402e+04	5990	345.2	-138.9	0.4054	-0.6098
143	2.918e+05	-6.939e+04	-2.002e+05	5795	-6977	2777	704.4	147.5	-0.6855	0.5145
144	2.629e+05	-9.916e+04	-1.831e+05	1.852e+04	1.488e+04	2355	740.3	-71.21	-0.7956	1.01
145	1.488e+05	-1.129e+05	-1.95e+05	6259	2344	2519	109.8	100.7	8.463	-1.61
146	2.286e+05	-1.009e+05	-1.853e+05	1.368e+04	7989	3624	656.6	-49.69	3.055	1.348
147	7.178e+05	8.939e+04	-2.082e+05	1.909e+04	2.503e+04	5922	672.9	244.5	2.301	3.955
148	1.119e+06	2.983e+05	-1.079e+05	6703	2.28e+04	5066	739	-194.2	4.264	-0.9233
149	1.275e+05	4.954e+04	-1.52e+05	-2.95e+04	-6.235e+04	-1335	861.5	-23	-4.577	-3.728
150	1.132e+05	-1.183e+05	-1.973e+05	-1.359e+04	-6.983e+04	-3455	760.5	38.43	-1.973	-5.825
151	3.065e+05	-1.272e+05	1.511e+05	4.499e+04	-3841	-1.698e+04	-91.36	18.4	-6.831	1.54
152	6.687e+05	5.807e+04	3.937e+04	6.7e+04	877.9	-3.156e+04	114.6	-63.83	-2.782	-0.8227
153	-5.963e+05	7.897e+05	-1.649e+05	-4065	-2374	5194	-2956	170.8	-1.692	2.473
154	1.577e+05	-1.221e+05	-2.182e+05	3817	-2.215e+04	1450	605.2	398.3	7.511	-1.582
155	-2.981e+05	3.046e+05	-2.065e+05	3123	-2.571e+04	1632	-1895	230.3	3.322	-3.894
156	2.277e+05	-1.328e+05	-1.418e+05	4359	1711	3471	730	-79.5	-10.02	0.8426
157	5.349e+04	-2.253e+05	3.531e+04	-2.463e+04	1.538e+04	-4785	118	-86.72	0.5556	-1.73
158	1.195e+05	-2.085e+05	5.055e+04	1.734e+04	1.402e+04	5990	345.2	-138.9	0.4054	-0.6098
159	2.918e+05	-6.939e+04	-2.002e+05	5795	-6977	2777	704.4	147.5	-0.6855	0.5145
160	2.629e+05	-9.916e+04	-1.831e+05	1.852e+04	1.488e+04	2355	740.3	-71.21	-0.7956	1.01
161	1.488e+05	-1.129e+05	-1.95e+05	6259	2344	2519	109.8	100.7	8.463	-1.61
162	2.286e+05	-1.009e+05	-1.853e+05	1.368e+04	7989	3624	656.6	-49.69	3.055	1.348
163	7.178e+05	8.939e+04	-2.082e+05	1.909e+04	2.503e+04	5922	672.9	244.5	2.301	3.955
164	1.119e+06	2.983e+05	-1.079e+05	6703	2.28e+04	5066	739	-194.2	4.264	-0.9233
165	1.275e+05	4.954e+04	-1.52e+05	-2.95e+04	-6.235e+04	-1335	861.5	-23	-4.577	-3.728
166	1.132e+05	-1.183e+05	-1.973e+05	-1.359e+04	-6.983e+04	-3455	760.5	38.43	-1.973	-5.825
167	3.065e+05	-1.272e+05	1.511e+05	4.499e+04	-3841	-1.698e+04	-91.36	18.4	-6.831	1.54
168	6.687e+05	5.807e+04	3.937e+04	6.7e+04	877.9	-3.156e+04	114.6	-63.83	-2.782	-0.8227
169	-5.963e+05	7.897e+05	-1.649e+05	-4065	-2374	5194	-2956	170.8	-1.692	2.473
170	1.577e+05	-1.221e+05	-2.182e+05	3817	-2.215e+04	1450	605.2	398.3	7.511	-1.582
171	-2.981e+05	3.046e+05	-2.065e+05	3123	-2.571e+04	1632	-1895	230.3	3.322	-3.894
172	2.277e+05	-1.328e+05	-1.418e+05	4359	1711	3471	730	-79.5	-10.02	0.8426
173	5.349e+04	-2.253e+05	3.531e+04	-2.463e+04	1.538e+04	-4785	118	-86.72	0.5556	-1.73
174	1.195e+05	-2.085e+05	5.055e+04	1.734e+04	1.402e+04	5990	345.2	-138.9	0.4054	-0.6098
175	2.918e+05	-6.939e+04	-2.002e+05	5795	-6977	2777	704.4	147.5	-0.6855	0.5145
176	2.629e+05	-9.916e+04	-1.831e+05	1.852e+04	1.488e+04	2355	740.3	-71.21	-0.7956	1.01
177	1.488e+05	-1.129e+05	-1.95e+05	6259	2344	2519	109.8	100.7	8.463	-1.61
178	2.286e+05	-1.009e+05	-1.853e+05	1.368e+04	7989	3624	656.6	-49.69	3.055	1.348
179	7.178e+05	8.939e+04	-2.082e+05	1.909e+04	2.503e+04	5922	672.9	244.5	2.301	3.955
180	1.119e+06	2.983e+05	-1.079e+05	6703	2.28e+04	5066	739	-194.2	4.264	-0.9233
181	1.275e+05	4.954e+04	-1.52e+05	-2.95e+04	-6.235e+04	-1335	861.5	-23	-4.577	-3.728
182	1.132e+05	-1.183e+05	-1.973e+05	-1.359e+04	-6.983e+04	-3455	760.5	38.43	-1.973	-5.825
183	3.065e+05	-1.272e+05	1.511e+05	4.499e+04	-3841	-1.698e+04	-91.36	18.4	-6.831	1.54
184	6.687e+05	5.807e+04	3.937e+04	6.7e+04	877.9	-3.156e+04	114.6	-63.83	-2.782	-0.8227
185	-5.963e+05	7.897e+05	-1.649e+05	-4065	-2374	5194	-2956	170.8	-1.692	2.473
186	1.577e+05	-1.221e+05	-2.182e+05	3817	-2.215e+04	1450	605.2	398.3	7.511	-1.582
187	-2.981e+05	3.046e+05	-2.065e+05	3123	-2.571e+04	1632	-1895	230.3	3.322	-3.894
188	2.277e+05	-1.328e+05	-1.418e+05	4359	1711	3471	730	-79.5	-10.02	0.8426
189	5.349e+04	-2.253e+05	3.531e+04	-2.463e+04	1.538e+04	-4785	118	-86.72	0.5556	-1.73
190	1.195e+05	-2.085e+05	5.055e+04	1.734e+04	1.402e+04	5990	345.2	-138.9	0.4054	-0.6098
191	2.918e+05	-6.939e+04	-2.002e+05	5795	-6977	2777	704.4	147.5	-0.6855	0.5145
192	2.629e+05	-9.916e+04	-1.831e+05	1.852e+04	1.488e+04	2355	740.3	-71.21	-0.7956	1.01
193	2.517e+06	1.045e+06	3.823e+04	-3.342e+04	1.894e+04	3111	284.8	-97.31	0.5049	0.0334
194	2.885e+06	1.233e+06	1.035e+05	-1.106e+04	8787	4080	250.7	-78.22	-0.6789	0.5036
195	2.773e+06	1.217e+06	1.931e+05	-4.156e+04	-8596	1.831e+04	173.9	-73.79	4.258	0.3561
196	2.735e+06	1.153e+06	3.042e+05	2.811e+04	-1.282e+04	-1.512e+04	-405.1	144.6	-3.256	1
197	2.692e+06	1.359e+06	-2.849e+04	-3.115e+04	1.178e+04	1328	-28.49	-108.1	0.7881	0.5161
198	2.816e+06	1.225e+06	1.942e+05	-5824	2718	-1.498e+04	-286.5	66.48	-1.705	1.049
199	2.791e+06	1.188e+06	1.99e+05	3.727e+04	-1.034e+04	-1.35e+04	-54.76	45.9	-4.032	1.086
200	2.838e+06	1.212e+06	1.521e+05	-2.523e+04	8293	1.3e+04	193.2	-68.01	1.807	0.1636
201	2.517e+06	1.045e+06	3.823e+04	-3.342e+04	1.894e+04	3111	284.8	-97.31	0.5049	0.0334
202	2.885e+06	1.233e+06	1.035e+05	-1.106e+04	8787	4080	250.7	-78.22	-0.6789	0.5036
203	2.773e+06	1.217e+06	1.931e+05	-4.156e+04	-8596	1.831e+04	173.9	-73.79	4.258	0.3561
204	2.735e+06	1.153e+06	3.042e+05	2.811e+04	-1.282e+04	-1.512e+04	-405.1	144.6	-3.256	1
205	2.692e+06	1.359e+06	-2.849e+04	-3.115e+04	1.178e+04	1328	-28.49	-108.1	0.7881	0.5161
206	2.816e+06	1.225e+06	1.942e+05	-5824	2718	-1.498e+04	-286.5	66.48	-1.705	1.049
207	2.791e+06	1.188e+06	1.99e+05	3.727e+04	-1.034e+04	-1.35e+04	-54.76	45.9	-4.032	1.086
208	2.838e+06	1.212e+06	1.521e+05	-2.523e+04	8293	1.3e+04	193.2	-68.01	1.807	0.1636
209	2.517e+06	1.045e+06	3.823e+04	-3.342e+04	1.894e+04	3111	284.8	-97.31	0.5049	0.0334
210	2.885e+06	1.233e+06	1.035e+05	-1.106e+04	8787	4080	250.7	-78.22	-0.6789	0.5036
211	2.773e+06	1.217e+06	1.931e+05	-4.156e+04	-8596	1.831e+04	173.9	-73.79	4.258	0.3561
212	2.735e+06	1.153e+06	3.042e+05	2.811e+04	-1.282e+04	-1.512e+04	-405.1	144.6	-3.256	1
213	2.692e+06	1.359e+06	-2.849e+04	-3.115e+04	1.178e+04	1328	-28.49	-108.1	0.7881	0.5161
214	2.816e+06	1.225e+06	1.942e+05	-5824	2718	-1.498e+04	-286.5	66.48	-1.705	1.049
215	2.791e+06	1.188e+06	1.99e+05	3.727e+04	-1.034e+04	-1.35e+04	-54.76	45.9	-4.032	1.086
216	2.838e+06	1.212e+06	1.521e+05	-2.523e+04	8293	1.3e+04	193.2	-68.01	1.807	0.1636
217	8.939e+05	2.104e+05	5.222e+04	-7966	5716	-7370	84.55	-63.48	-5.145	2.046
218	1.152e+06	3.803e+05	-5.258e+04	-5175	-813.3	5967	542.2	-190	-1.123	-0.2522
219	1.266e+06	3.728e+05	1.998e+04	-3.226e+04	2.698e+04	8876	317.6	-105	0.8451	0.338
220	1.117e+06	2.969e+05	-1.005e+05	-6775	2.657e+04	7374	604.1	-59.26	-10.32	4.06
221	7.788e+05	4.744e+05	9.064e+04	-2.88e+04	5874	-5296	-480	-46.25	-0.9771	0.3133
222	9.493e+05	3.102e+05	2.152e+05	-7.111e+04	323.6	1445	-186	1.844	3.955	-1.288
223	1.058e+06	2.621e+05	3.657e+05	162.5	-8207	2.793e+04	-188.2	54.3	-0.1914	-0.7915
224	9.997e+05	2.424e+05	2.167e+04	-1.558e+04	1.217e+04	-2331	232.5	-74.76	-6.216	-0.318
225	9.77e+05	5.044e+05	-1.307e+05	-1.239e+04	-4124	4809	-45.56	-88.19	-0.6634	1.018
226	7.886e+05	5.428e+05	-1.313e+05	-8736	-1.21e+04	2518	1447	-146.5	3.303	-2.164
227	1.118e+06	3.297e+05	2.051e+05	-3.646e+04	9449	4794	-249.8	-3.18	3.107	-1.115
228	1.143e+06	3.485e+05	1.355e+04	-2.229e+04	3891	3054	355.5	-113	-5.992	-0.6964
229	1.133e+06	3.293e+05	-8738	4514	-1137	-2430	458.3	-147.9	-2.358	0.8396
230	6.313e+05	4.258e+05	5.512e+05	-5.394e+04	-2.467e+04	-9577	-476.9	327	3.313	4.821
231	1.16e+06	3.517e+05	-8.016e+04	-1.149e+04	1.156e+04	3948	602.7	-139.1	-0.4481	0.3687
232	1.123e+06	3.222e+05	2.238e+04	-2342	2207	4909	437	-136.1	-2.914	-0.1269
233	8.939e+05	2.104e+05	5.222e+04	-7966	5716	-7370	84.55	-63.48	-5.145	2.046
234	1.152e+06	3.803e+05	-5.258e+04	-5175	-813.3	5967	542.2	-190	-1.123	-0.2522
235	1.266e+06	3.728e+05	1.998e+04	-3.226e+04	2.698e+04	8876	317.6	-105	0.8451	0.338
236	1.117e+06	2.969e+05	-1.005e+05	-6775	2.657e+04	7374	604.1	-59.26	-10.32	4.06
237	7.788e+05	4.744e+05	9.064e+04	-2.88e+04	5874	-5296	-480	-46.25	-0.9771	0.3133
238	9.493e+05	3.102e+05	2.152e+05	-7.111e+04	323.6	1445	-186	1.844	3.955	-1.288
239	1.058e+06	2.621e+05	3.657e+05	162.5	-8207	2.793e+04	-188.2	54.3	-0.1914	-0.7915
240	9.997e+05	2.424e+05	2.167e+04	-1.558e+04	1.217e+04	-2331	232.5	-74.76	-6.216	-0.318
241	9.77e+05	5.044e+05	-1.307e+05	-1.239e+04	-4124	4809	-45.56	-88.19	-0.6634	1.018
242	7.886e+05	5.428e+05	-1.313e+05	-8736	-1.21e+04	2518	1447	-146.5	3.303	-2.164
243	1.118e+06	3.297e+05	2.051e+05	-3.646e+04	9449	4794	-249.8	-3.18	3.107	-1.115
244	1.143e+06	3.485e+05	1.355e+04	-2.229e+04	3891	3054	355.5	-113	-5.992	-0.6964
245	1.133e+06	3.293e+05	-8738	4514	-1137	-2430	458.3	-147.9	-2.358	0.8396
246	6.313e+05	4.258e+05	5.512e+05	-5.394e+04	-2.467e+04	-9577	-476.9	327	3.313	4.821
247	1.16e+06	3.517e+05	-8.016e+04	-1.149e+04	1.156e+04	3948	602.7	-139.1	-0.4481	0.3687
248	1.123e+06	3.222e+05	2.238e+04	-2342	2207	4909	437	-136.1	-2.914	-0.1269
249	-5.012e+05	-3.997e+05	-5.105e+04	3.407e+04	1.011e+04	-2361	-745.7	-188.7	-1.476	-0.4907
250	-2.445e+05	-4.217e+05	6.238e+04	2519	2.27e+04	1044	140.5	-123.2	4.314	-1.719
251	-2.404e+06	-8.413e+05	4.672e+04	-1.194e+05	-2.812e+05	-5161	1299	-346	-13.37	-0.7416
252	-3.722e+05	-4.816e+05	7.354e+04	4078	2906	-3166	145.4	-127.5	3.382	-1.735
253	-8.001e+06	3.565e+06	-5.045e+04	2.157e+04	1.342e+04	9368	-3.676e+04	-320.9	7.222	-1.96
254	-5.839e+05	-3.387e+05	-5.469e+04	2.422e+04	1.428e+04	341.1	196.9	-177.7	-3.266	-0.112
255	-4.69e+05	-4.99e+05	6.327e+04	8694	915.5	-4881	65.14	-113.5	0.1139	-3.218
256	-3.318e+05	-4.495e+05	4.397e+04	-2.12e+04	1.998e+04	2927	172.7	-105.4	2.525	-0.3818
