#Component	1	2	3	4	5	6	7	8	9	10	11	12	13	14	15	16	17	18	19	20	21	22	23	24	25	26	27
#Std. deviation	5.299e+06	1.663e+06	9.64e+05	5.791e+05	2.097e+05	7.972e+04	4.492e+04	3.312e+04	3145	700.7	544.3	238.6	220.1	147.6	64.47	43.42	33.35	18.68	14.3	10.59	5.519	4.987	4.387	3.597	1.834	1.644	0.2088
#Proportion of variance explained	0.873	0.086	0.0289	0.01043	0.001367	0.0001976	6.275e-05	3.41e-05	3.076e-07	1.526e-08	9.212e-09	1.77e-09	1.506e-09	6.772e-10	1.292e-10	5.861e-11	3.457e-11	1.085e-11	6.362e-12	3.487e-12	9.471e-13	7.734e-13	5.984e-13	4.023e-13	1.045e-13	8.402e-14	1.356e-15
#Loadings	1	2	3	4	5	6	7	8	9	10	11	12	13	14	15	16	17	18	19	20	21	22	23	24	25	26	27
c2	-5.951e-05	-4.054e-05	-2.488e-05	8.3e-05	0.0005651	0.0001427	-0.0001327	-0.0003719	-0.002578	0.02151	-0.03342	0.02108	0.7338	-0.08387	-0.0156	0.007122	0.627	0.03026	0.1733	0.08264	0.002148	0.1379	0.04703	0.007325	0.001079	0.007209	0.001394
c3	-0.04186	0.07771	0.03172	-0.04982	-0.657	0.03982	-0.7071	0.2355	0.005976	0.0006299	-0.005469	-0.001001	0.0004052	0.0002993	-4.484e-05	-7.665e-05	-7.514e-05	-4.84e-05	-0.0001084	1.378e-05	1.726e-05	-8.532e-06	4.724e-06	-2.262e-05	-8.607e-07	1.623e-06	-3.47e-08
c4	-0.8417	0.4066	-0.1504	0.3107	0.06418	-0.05369	0.005323	0.006304	-0.0004592	6.881e-05	-4.551e-06	-0.0003768	0.0001123	0.0008381	-0.0001126	4.023e-06	-0.000156	3.358e-05	5.987e-06	-3.215e-05	1.357e-05	7.89e-06	-4.501e-06	6.303e-06	2.546e-07	-2.283e-06	3.87e-07
c5	-0.01474	0.03276	0.02296	-0.02387	-0.3063	-0.2014	-0.02881	-0.9286	0.006446	-0.002858	0.0004203	-0.0006169	-0.0001933	0.0007369	0.0001658	0.0001286	0.0002267	1.046e-06	0.0001767	-7.252e-05	-3.352e-05	2.459e-07	-1.387e-05	1.906e-06	4.109e-06	-3.715e-06	-1.299e-06
c6	-8.674e-06	-8.864e-06	-6.172e-06	1.628e-05	9.431e-05	-9.431e-07	4.677e-05	-0.0001873	-0.0006523	0.004408	-0.007261	0.009738	0.09179	-0.003267	-0.01618	0.02117	0.1764	0.07358	-0.9219	-0.3058	-0.08741	0.03702	-0.03033	0.02602	0.002906	-0.009292	0.001777
c7	-1.07e-05	1.141e-06	8.435e-07	6.921e-06	1.41e-05	-2.088e-06	0.0001015	-0.0001213	0.0002825	0.001468	-0.006699	-0.006069	0.01362	0.02313	-0.005854	0.0163	-0.0138	-0.1185	-0.309	0.9235	-0.1304	-0.1181	-0.04489	-0.05154	0.02193	0.01477	0.007382
c8	-1.125e-06	6.343e-06	-1.72e-05	-2.033e-05	8.227e-07	2.291e-06	1.672e-05	2.052e-05	5.862e-05	-0.0001116	-0.000888	0.004581	0.0002457	0.003172	-0.004628	0.002072	0.01226	0.01442	0.02953	-0.03663	-0.08663	0.1344	-0.4207	-0.6952	0.121	-0.5449	-0.005221
c9	-5.699e-07	2.903e-06	-6.779e-06	-7.371e-06	-2.061e-07	7.324e-06	1.364e-05	1.793e-05	0.0001523	0.0001786	-0.0009944	0.003194	-0.0001892	0.00457	-0.00124	0.002212	0.005999	0.01289	0.03001	-0.05244	-0.1561	0.0733	-0.3695	-0.3924	-0.06938	0.8191	0.01066
c10	-0.03814	0.2308	-0.6509	-0.7205	0.02452	0.03198	0.02656	-0.004727	-0.007393	1.819e-05	0.0007795	9.37e-05	-6.847e-05	-0.0004194	3.841e-05	-3.348e-06	8.646e-05	-1.912e-05	-2.415e-06	1.914e-05	-8.179e-06	-1.012e-05	1.671e-05	1.916e-05	-2.492e-06	7.846e-06	-4.394e-08
c11	-8.403e-07	4.186e-06	-8.668e-06	-7.265e-06	-1.078e-06	1.201e-05	-1.099e-05	2.541e-06	0.001206	-0.001322	-0.0008837	0.01198	-0.0003074	-0.002345	-0.004215	0.00101	0.01487	-0.07509	0.0009969	0.04343	0.3028	0.1549	-0.7781	0.5128	0.07223	-0.05177	0.01017
c12	-4.644e-05	-6.361e-05	-2.482e-06	-2.337e-06	0.0004296	0.0004447	-0.0002273	-0.0007748	-0.00124	0.01129	-0.01238	0.03472	0.6392	-0.2088	0.06008	-0.007908	-0.7146	-0.02594	-0.06108	-0.05849	0.007758	-0.1477	-0.0469	-0.01026	-0.002293	-0.006145	-0.00174
c13	-0.5234	-0.7719	0.1257	-0.3312	-0.02269	0.06292	-0.004688	-0.01332	0.0003428	-8.782e-05	-2.134e-05	0.0003808	-0.0002807	-0.0008147	0.0001086	-4.215e-06	0.0001567	-1.609e-05	3.39e-06	2.365e-05	-9.221e-06	-4.668e-06	5.269e-06	-5.385e-06	-5.69e-07	2.242e-06	-2.46e-07
c14	-2.605e-06	5.894e-06	5.001e-06	-6.241e-06	2.095e-05	1.744e-05	-3.137e-05	8.616e-05	0.001386	0.0009342	0.000954	-0.00623	0.0002509	0.007042	0.0001748	0.0174	0.03028	0.0343	0.1327	-0.09221	-0.8954	-0.1832	-0.1934	0.2924	-0.01099	-0.114	0.00471
c15	-0.1144	0.4191	0.7307	-0.5119	0.0924	0.07189	0.04001	0.0004959	-0.0023	-0.0002246	-0.0004695	0.0005189	-0.000251	-0.0009364	0.0001075	3.723e-06	0.000148	-1.344e-05	-4.046e-07	2.357e-05	-2.118e-06	-8.125e-06	6.256e-06	-5.429e-06	-8.645e-07	2.912e-06	-4.981e-07
c16	-0.0004157	0.002304	-0.003435	-0.006114	0.005571	-0.002168	0.006335	0.005473	0.9906	-0.003823	-0.1007	-0.08633	-0.002859	-0.02882	-0.005056	0.002822	0.001159	0.0004898	-0.0005063	-0.0007728	0.001417	0.0004657	0.00045	-0.0008624	7.149e-05	0.0001531	-2.643e-05
c17	-2.398e-05	0.0001248	-0.000213	-0.0002766	0.0001749	2.638e-05	2.105e-05	0.0004356	0.04247	-0.02403	-0.01437	0.3599	0.01738	0.2737	0.8879	-0.05683	0.02839	0.012	-0.006339	0.001291	-0.0005582	-0.001018	-0.0003013	5.318e-05	0.006654	-0.001091	-0.0001234
c18	-4.423e-05	0.0002314	-0.00043	-0.0004338	0.0002166	-8.567e-06	-0.000405	0.000567	0.07703	-0.1693	-0.01179	0.8387	0.03745	0.2697	-0.4304	0.00609	-0.04482	0.008474	0.01082	-0.0005842	-0.00443	-0.002754	0.01164	0.001957	-0.006063	-0.0005877	0.0001011
c19	-0.0001145	0.0003639	0.0006584	-0.0007903	0.001162	-0.001615	-0.007275	0.0008372	0.1033	0.1795	0.9755	0.0285	0.0339	0.02458	-0.007207	-0.04775	0.009908	-0.02095	-0.004583	0.002851	-0.002689	0.005541	0.0007894	-0.001058	0.0001996	0.0004669	0.0001842
c20	-6.37e-06	1.322e-05	2.662e-05	-3.717e-05	2.735e-05	-9.488e-05	-0.0003974	0.0001938	0.004062	0.009067	0.04509	0.01894	0.0002717	0.01193	0.05423	0.9946	-0.005235	-0.06164	0.01889	-0.01749	0.01974	-0.01117	0.007243	-0.006709	0.002302	0.001509	0.0002993
c21	-3.537e-05	3.657e-05	-5.372e-06	0.0001589	-0.0004894	0.0004313	-0.0005259	0.003217	0.0006253	-0.9682	0.1831	-0.1506	0.02447	-0.04913	0.05188	0.001152	0.01506	-0.001807	-0.003477	0.001099	-0.00109	-0.00056	0.000386	-0.0005153	0.02123	0.003063	-0.0002558
c22	-7.371e-07	7.413e-07	-7.278e-08	3.378e-06	-1.029e-05	1.044e-05	-5.506e-06	6.383e-05	-7.078e-06	-0.02	0.003805	-0.005014	0.000499	0.000488	0.00868	0.002112	0.005094	-0.01132	-0.009343	0.02269	0.02902	0.02347	-0.08092	-0.02456	-0.9869	-0.1266	0.01103
c23	-1.387e-05	2.582e-06	-1.814e-05	3.284e-05	-2.645e-05	7.855e-05	0.0002879	4.321e-07	-0.001045	-0.003168	-0.02473	0.00367	0.01513	0.0223	-0.002112	-0.06232	0.06987	-0.9795	-0.01868	-0.145	-0.03103	-0.07108	0.03339	-0.04291	0.003745	0.001612	-0.002785
c24	-2.01e-07	6.249e-08	-3.425e-08	4.201e-08	-4.325e-07	-6.922e-07	2.184e-07	1.079e-06	1.076e-05	4.605e-05	0.0001082	2.731e-05	6.092e-05	0.000355	-0.0001301	0.0008934	-0.0001463	0.0003202	-0.003057	0.007775	-0.005769	0.01238	-0.009705	0.006712	-0.0114	0.009271	-0.9997
c25	-0.0001782	0.0006518	-0.0007861	0.001432	-0.0002964	6.952e-05	-0.001114	-0.0006996	0.00773	-0.004725	0.01803	0.3656	-0.2016	-0.8924	0.127	-0.003826	0.108	-0.01734	-0.003743	0.02451	-0.01168	-0.004301	0.003509	-0.005624	-0.0006128	0.001917	-0.0001894
c26	-0.01574	0.04874	-0.03521	0.0895	-0.2889	0.902	0.2809	-0.1102	0.003109	0.0007066	0.003637	8.945e-05	-1.606e-05	0.0002658	-0.0001045	5.395e-05	0.0002516	8.812e-05	3.302e-05	6.693e-06	1.445e-05	4.871e-06	1.555e-05	2.052e-06	2.372e-06	-2.017e-06	-1.924e-07
c27	-0.02782	0.02089	0.03473	-0.03806	-0.6142	-0.3623	0.6464	0.2641	-0.002558	0.001438	0.004622	0.001023	0.0009225	-0.0006472	-1.804e-05	-3.259e-05	-7.81e-05	5.562e-05	-1.867e-05	1.142e-05	-2.252e-05	-1.391e-06	-5.878e-06	2.521e-05	-1.821e-06	-1.744e-06	1.832e-06
c28	-1.809e-06	4.091e-06	-2.422e-06	1.171e-05	3.037e-05	-6.287e-05	-3.142e-05	6.692e-05	0.0005356	0.002822	0.004116	-0.00209	0.009021	0.01813	-0.01396	-0.009083	0.2095	0.08605	0.01958	-0.08044	0.218	-0.9257	-0.1681	-0.09083	-0.001313	-0.00377	-0.0124
#Scores	1	2	3	4	5	6	7	8	9	10	11	12	13	14	15	16	17	18	19	20	21	22	23	24	25	26	27
1	-4.772e+06	3.667e+06	2.28e+06	-6.371e+05	2.798e+04	-2.44e+04	-1.125e+05	2.166e+04	-5269	-96.16	-1583	11.16	-52.08	-35.14	-27.55	-6.605	-25.46	5.159	-28.44	7.428	7.287	-4.035	1.016	-1.849	-0.6207	0.5375	-0.147
2	-4.887e+06	3.485e+06	2.17e+06	-6.342e+05	-6.252e+04	-4.566e+04	-1.334e+05	5342	-476.6	143.8	-896.4	-116.1	74.21	10.55	-22	-30.13	-7.901	-15.12	-26.26	7.459	8.852	6.259	5.054	-7.866	-0.3378	2.216	0.04759
3	-4.797e+06	3.493e+06	2.18e+06	-6.114e+05	2.448e+05	-4.382e+04	1.45e+05	-6.964e+04	-6025	-286.8	1288	375.9	-83.1	-161.6	4.166	23.22	16.54	2.822	13.61	4.88	-1.578	2.278	-1.999	5.456	0.2303	0.5881	0.06261
4	-4.708e+06	3.913e+06	2.448e+06	-7.566e+05	-8.085e+05	-3.328e+05	-7.236e+04	-2.585e+05	-5.411	-418.8	-399.1	-155.4	574.9	138.2	31.69	-1.681	29.74	-6.176	7.759	-17.97	-7.726	-0.3228	-5.425	-3.894	0.5995	0.7525	0.2597
5	-5.087e+06	2.259e+06	1.407e+06	-4.462e+05	3.392e+05	4.022e+04	5.25e+04	1.225e+04	9973	143.3	454.8	-30.45	-216.5	-36.66	11.42	1.738	23.47	5.547	-9.854	-0.6797	-5.103	0.5297	7.076	1.139	-0.4512	0.0241	0.008718
6	-4.669e+06	3.658e+06	2.279e+06	-6.352e+05	1.482e+05	-3.486e+04	3.133e+04	-2.909e+04	-4738	68.55	612.9	212.5	-94.53	-89.69	-21.89	-22.27	1.972	-13.32	-15.54	6.951	7.37	3.857	3.451	-1.895	-0.1429	1.592	0.03805
7	-4.69e+06	3.774e+06	2.332e+06	-6.552e+05	-5.531e+04	-1.068e+05	2.243e+04	-8.612e+04	-4228	-165.8	241.6	143.3	59.44	-40.23	-7.288	-8.918	2.884	-4.819	-4.301	0.678	4.236	3.396	0.6812	-1.865	0.03713	1.421	0.04396
8	-4.688e+06	3.603e+06	2.25e+06	-6.276e+05	1.524e+05	2052	-5.714e+04	3.006e+04	-4826	162.7	-329.9	114.5	-110.6	-86.8	-38.53	-39.45	-9.734	-12.19	-29.6	11.18	1.821	0.9128	2.439	-1.116	-0.6003	0.6248	0.0281
9	-7.27e+06	-1.887e+05	8.085e+05	-4.035e+05	2.081e+05	5.702e+04	-7.529e+04	1.456e+04	-1827	399	1211	142.4	-198.6	-22.39	-9.569	43.97	36.49	19.05	21.3	-15.49	-1.95	-6.624	-6.548	-1.135	-0.752	-0.5341	0.06993
10	-4.612e+06	2.255e+06	-7.216e+05	1.571e+06	-1.712e+05	5.737e+04	-6.866e+04	108.3	2070	-5105	846.8	1336	-1.359	155	-432.6	6.585	-68.74	23.82	-1.172	-2.216	-8.95	-1.258	11.6	3.47	3.838	-0.5645	0.1004
11	-5.766e+06	5.861e+05	1.048e+06	-4.537e+05	9.714e+04	3.81e+04	-1.417e+05	2.833e+04	-1976	402.7	682.1	51.59	-225.5	56.56	-8.893	132.7	28.3	-16.51	-2.002	-7.783	-3.324	-3.38	0.5055	-0.1787	-0.5024	-0.5149	-0.06494
12	-4.662e+06	2.272e+06	-9.344e+05	1.375e+06	-2.615e+04	-1.118e+05	2.609e+04	-3.957e+04	-1719	403.1	559.2	220.9	-327.6	-595.5	130.3	0.4445	-53.07	-0.4792	7.443	-9.53	-9.996	-0.5118	1.232	2.023	-1.23	1.001	0.01827
13	-6.912e+06	2.841e+05	1.001e+06	-4.537e+05	6.293e+04	6.26e+04	-2.517e+05	8.291e+04	588.4	272.7	-529.5	-227.2	238.3	-71.38	-0.3242	-61.22	36.22	11.93	28.96	0.49	-19.78	-0.06568	-1.476	3.321	-1.006	-2.277	0.187
14	-4.661e+06	2.293e+06	-1.06e+06	1.286e+06	-4.066e+04	-3.689e+04	-1.802e+04	-7859	-2430	359.5	433.6	105.5	-290.3	-624.6	128.3	-4.24	-5.057	-2.306	4.923	0.1274	-7.849	5.526	-0.6909	2.73	-0.2148	2.546	0.1144
15	-6.605e+06	1.127e+06	1.444e+06	-5.947e+05	1.671e+05	3.298e+04	-8.412e+04	3.125e+04	-3905	204.3	-111	174.8	-271.5	-86.53	-16.11	66.3	26.72	22.32	13.66	-12.58	-6.524	0.8266	-3.121	2.602	-1.234	-1.216	-0.0177
16	-4.663e+06	2.467e+06	-8.375e+05	1.401e+06	-6.348e+05	2.814e+05	-7.141e+04	-1.073e+04	3272	1054	409.8	-26.74	16.86	-336.4	89.03	-5.981	31.98	30.73	-13.2	-2.154	0.7696	5.794	3.479	-7.537	0.2392	1.227	0.2311
17	-7.245e+06	-1.34e+06	1.851e+05	-2.053e+05	1.93e+05	4.895e+04	-3.322e+04	-2.085e+04	159	590.5	2923	90.46	62.35	29.57	-17.35	-71.79	28.45	14.2	20.2	-19.01	6.539	-31.37	-8.536	-2.248	-0.7934	-0.2631	-0.05819
18	-4.6e+06	2.128e+06	-7.403e+05	1.592e+06	2.232e+05	-1.899e+05	1853	2.857e+04	-1410	385.7	-44.95	231.2	-199.6	-417.4	72.85	-3.864	46.76	11.75	3.091	-11.44	-0.4218	-2.29	3.017	-3.711	-1.152	-0.3581	-0.1298
19	-7.035e+06	-2.35e+05	7.61e+05	-3.861e+05	1.707e+05	4.88e+04	-8.123e+04	5511	-1492	490.7	1776	83.64	-244.2	41.72	-29.29	-46.62	30.85	6.032	11.59	-12.07	2.9	-0.2601	-2.071	-0.69	-0.7953	0.3359	0.2508
20	-4.645e+06	2.109e+06	-7.666e+05	1.603e+06	-4.621e+05	1.579e+05	-7.887e+04	-5.664e+04	4630	718.4	152.3	-7.637	-85.13	-196.9	47.94	1.539	-15.8	22.85	2.503	-10.06	8.991	9.25	-3.276	-0.1297	0.708	-2.837	0.1706
21	-6.559e+06	1.644e+06	1.716e+06	-6.779e+05	1.955e+05	4.679e+04	-1.186e+05	4.939e+04	-4710	-821.8	-1095	-9.654	-206.2	-148.5	35.01	65.6	30.63	33.51	11.87	-11.58	-5.438	-1.61	-4.263	0.3949	2.011	0.3843	-0.2871
22	-4.589e+06	2.325e+06	-6.641e+05	1.581e+06	-6.011e+04	-7700	-4.618e+04	9075	1364	314.4	-148.4	274.2	-259.1	-366	10.19	-2.609	-56.24	9.953	-2.871	-8.76	2.221	5.352	-1.583	-5.27	-0.6312	-1.535	0.03074
23	-6.301e+06	-3.874e+05	5.789e+05	-3.112e+05	1.23e+05	4.892e+04	-1.067e+05	1.324e+04	-447.5	483.2	1424	0.04105	-175	61.75	-26.43	-53.18	27.48	4.391	2.689	-8.189	4.883	-11.25	-2.351	-2.612	-0.7147	0.1569	0.003112
24	-4.579e+06	2.04e+06	-8.17e+05	1.54e+06	2.284e+05	-1.984e+05	5410	2.569e+04	-1548	346.7	29.2	349.1	-167.2	-338.9	52.57	-5.024	35.61	11.71	4.482	-11.35	8.54	-3.891	-0.7818	-1.449	-1.119	0.6336	-0.109
25	-7.048e+06	-1.127e+06	1.762e+05	-1.605e+05	-3.2e+05	-6.264e+04	1.708e+04	5.86e+04	499.1	-4936	591.8	-724.2	-77.42	-252.8	230.2	-17.07	63.01	-5.791	-13.6	-18.54	3.124	-0.4009	-3.173	-1.451	14.32	2.99	-0.1112
26	-7.02e+06	-9.534e+05	2.698e+05	-1.792e+05	-8.882e+04	-5617	3.592e+04	-4.883e+04	-399.4	-33.16	-326.1	42.21	-465	50.17	-11.35	-2.698	16.01	4.684	29.46	-33.69	8.038	1.551	3.826	2.081	-0.7488	-0.634	-0.2166
27	-6.985e+06	-8.526e+05	3.253e+05	-2.012e+05	-1.352e+05	-1.384e+04	3.753e+04	1.5e+04	-683	-7.038	-391	55.56	-312.2	-37.25	-8.712	-12.65	5.839	4.955	21.07	-27.49	8.055	1.692	1.8	4.286	-0.3609	-0.6598	-0.01563
28	-7.035e+06	-7.846e+05	3.678e+05	-2.452e+05	-7.536e+05	-1.775e+05	9893	1.205e+05	1702	739.6	-724.8	79.02	183.2	-43.88	-2.577	-22.67	-42.1	8.343	-13.11	-25.93	5.146	-4.512	2.57	3.51	-1.592	-0.9208	0.5643
29	-7.188e+06	-1.672e+06	-9.673e+04	-6.262e+04	8.12e+04	4.155e+04	1.51e+04	-9707	-258.2	86.35	-93.42	92.74	-268.5	-4.03	-26.36	-7.313	4.798	4.729	13.42	-35.48	5.461	6.07	4.455	2.375	-1.186	-0.6612	-0.0696
30	-7.23e+06	-1.721e+06	-1.14e+05	-9.585e+04	-6.337e+05	-1.666e+05	-2.633e+04	3.44e+04	3125	492.9	-374.1	-59.74	-30.18	70.29	-31.08	-35.77	-16.5	1.395	8.81	-27.66	4.437	1.548	2.542	1.383	-1.29	-0.5748	0.5226
31	-7.019e+06	-1.006e+06	2.42e+05	-1.749e+05	-2.013e+05	2444	3.782e+04	3.944e+04	-164.6	97.03	-247.2	127.5	-281.5	-6.051	-51.68	-14.92	-0.3499	7.729	11.02	-26.98	8.318	1.104	4.133	3.494	-0.9075	-0.6144	0.01902
32	-7.129e+06	-1.708e+06	-1.223e+05	-6.277e+04	1.006e+05	2.462e+04	6651	-1.393e+04	-302.6	55.79	-146.2	39.34	-263.5	-7.072	-6.342	-8.783	2.221	3.416	13.17	-34.68	12	7.373	2.334	0.2173	-0.6645	0.3976	-0.08619
33	-6.375e+06	4.067e+06	-4.333e+06	-2.085e+06	1.596e+05	-4.545e+04	4.354e+04	3.185e+04	-1.262e+04	39.41	1012	-496.5	41.31	468.6	2.335	-6.726	-73.28	28.39	-2.29	-17.94	-2.615	7.026	-8.008	-0.8096	2.783	0.734	0.2971
34	-4.715e+06	2.855e+06	-2.918e+06	-1.154e+06	5.538e+04	-8458	-1.846e+04	1.4e+04	2345	-184	-411.3	1479	21.79	722.5	511.2	-33.71	-25.94	32.28	2.545	-1.701	-5.979	-4.823	12.93	-6.374	-0.3972	2.451	0.06253
35	-4.851e+06	3.087e+06	-3.32e+06	-1.608e+06	3.632e+04	-7207	1.766e+04	-1.047e+04	-1873	-69.85	214.7	-193.5	-4.099	-332.7	-69.02	5.771	33.03	-4.258	6.683	8.11	-6.948	-2.022	2.177	-1.34	-0.2739	-2.591	-0.03013
36	-4.865e+06	3.123e+06	-3.321e+06	-1.525e+06	6276	-3.287e+04	2.045e+04	-2.206e+04	-604.4	32.16	153.1	-279	-46.92	-198.3	-193	11.46	12.72	-0.7223	3.184	1.198	1.553	4.272	0.8726	-8.191	-0.7846	-1.945	0.01236
37	-4.695e+06	2.517e+06	-1.885e+06	-2.142e+05	2.092e+05	-6.149e+04	2.637e+04	1.728e+04	1.014e+04	26.7	-971.4	-434.1	3.242	134.5	-153.9	19.75	-26.5	32.57	12.14	-23.54	-8.743	-1.768	-12.83	-5.704	-2.023	10.12	0.1782
38	-4.761e+06	2.974e+06	-3.019e+06	-1.322e+06	3.35e+04	-1.109e+04	-9857	-3827	836.3	74.56	-237.1	-360.2	-40.2	-251.6	-108.7	7.624	12.05	-2.071	-1.132	2.917	3.915	-2.731	8.709	3.617	-1.912	3.609	-0.05675
39	-4.821e+06	3.046e+06	-3.181e+06	-1.451e+06	-9.462e+04	-2.557e+04	-8.562e+04	1.216e+04	680.3	-302.5	-626.9	-422.4	30.84	-177.1	-10.57	-5.387	-0.7805	-9.061	-16.59	4.909	6.059	-2.735	7.894	1.125	1.167	-7.052	-0.1402
40	-4.753e+06	2.94e+06	-3.019e+06	-1.273e+06	8.767e+04	-2.177e+04	6.224e+04	-2.377e+04	573.6	24.06	321.1	-197.4	-60.85	-207	-43.63	11.61	4.281	5.088	7.382	-0.0324	4.691	-1.108	7.02	2.042	-0.3405	-3.365	-0.1237
41	-6.088e+06	-1.399e+06	-4.305e+04	-8.151e+04	1.122e+05	2.929e+04	1.058e+04	-9966	-538.9	28.38	-170.8	50.68	52.59	-44.93	-2.178	-5.085	-16.3	-13.01	-17.27	-6.082	0.3538	-1.731	0.5188	-0.6994	-0.01902	0.09272	-0.07977
42	-6.094e+06	-1.548e+06	-1.214e+05	-5.925e+04	8.436e+04	2.975e+04	5545	-1.757e+04	-88.64	40.18	-85.42	26	-129	3.714	-5.268	-6.142	-11.58	-17.44	-4.141	0.03236	3.852	-2.051	1.631	-2.45	0.1688	0.5251	-0.03278
43	-5.689e+06	-1.421e+06	-1.036e+05	-5.486e+04	1.194e+05	3.043e+04	5310	-2.052e+04	-312	4.864	-115.4	31.67	87.68	-35.6	-0.769	-5.447	-8.804	-16.64	-27.33	-6.817	-1.648	-1.873	-0.1412	-1.039	0.2089	0.07504	-0.08594
44	-5.379e+06	-1.353e+06	-5.032e+04	-1.042e+05	-4210	-1.207e+04	-3413	-1833	80.05	-136.7	-187.7	-22.6	-295	22.29	-1.007	-6.877	-9.776	63.85	-4.652	24.69	1.889	1.672	-2.699	1.682	-0.8354	0.1512	-0.1477
45	-6.078e+06	-1.522e+06	-1.053e+05	-6.924e+04	4.343e+04	561.8	-1366	7561	-89.09	-111.4	-166.5	-3.819	263.9	-69.44	11.54	-9.805	-14.14	-11.13	18.88	9.723	4.275	1.544	2.377	-1.928	-0.3965	0.8793	0.04162
46	-6.208e+06	-1.511e+06	-9.145e+04	-6.825e+04	1.085e+05	1.498e+04	3026	-1.141e+04	-362.6	-76.15	-171.8	8.517	287.5	-36.27	2.407	-5.858	19.64	-9.162	20.11	4.425	-1.069	8.922	3.483	0.8009	-0.1458	0.3756	-0.01929
47	-5.815e+06	-7.218e+05	2.975e+05	-2.029e+05	-2.631e+05	-5.938e+04	2.205e+04	-1.199e+04	364.4	131.1	-354.4	10.74	-135.9	23.38	-13.08	-14.54	-3.295	-18.34	6.886	6.855	-1.08	-7.253	0.9131	-0.5372	0.05248	-0.1018	0.13
48	-5.578e+06	-8.321e+05	2.642e+05	-2.158e+05	-1.08e+05	-6.144e+04	1.009e+04	-3.383e+04	-233.7	2.328	-142.3	29.88	-314	48.62	-4.995	72.88	-2.401	56.66	7.566	19.96	2.691	0.918	-1.908	2.033	0.1374	0.2978	-0.1712
49	-5.685e+06	-1.407e+06	-9.309e+04	-6.209e+04	7.632e+04	2.106e+04	4565	-3862	-219.1	75.04	-142.9	39.39	191.1	-67.1	0.01686	-9.095	-20.9	-13.82	-12.8	0.004227	-1.039	-2.531	0.1108	-0.959	-0.01282	0.1414	-0.02735
50	-6.152e+06	-1.514e+06	-9.503e+04	-6.687e+04	1.363e+05	3.568e+04	3829	-1.914e+04	-418.2	14.61	-170.9	55.12	438.2	-117.4	11.09	-3.016	-25.33	-7.955	-27.01	-14.76	-3.834	-2.587	-1.376	0.4303	-0.1921	-0.375	-0.04672
51	-6.009e+06	-1.534e+06	-1.208e+05	-5.833e+04	1.246e+05	3.179e+04	772.7	-2.022e+04	-224.2	5.5	-124.6	118.2	306	-31.54	40.51	56.01	-18.32	-10.81	-12.34	-6.985	4.342	-0.7573	1.26	-1.627	0.2617	0.5081	-0.02207
52	-6.121e+06	-1.525e+06	-1.042e+05	-6.822e+04	2.714e+04	2.045e+04	5693	-7446	87.56	96.47	-104	15.29	-122.8	12.85	-10.93	-11.27	-9.233	-14.72	11.89	7.03	2.713	-1.877	1.988	-1.648	0.04838	0.3612	0.02577
53	-6.2e+06	-1.334e+06	3305	-1.08e+05	-2.036e+05	1.289e+04	1.872e+04	3.779e+04	693.5	-311.2	48.9	-86.55	-149	-4.159	8.654	-18.14	0.8786	-13.08	-2.648	11.03	1.986	-4.996	1.56	-1.721	-0.1229	0.2447	0.1749
54	-6.027e+06	-9.769e+05	1.801e+05	-1.626e+05	-1.695e+05	-2.19e+04	2.131e+04	2650	106.4	-291.2	-209.8	-47.45	-236.5	15.17	4.755	-11.93	5.272	-15.86	1.967	7.192	-1.789	-5.735	0.5766	-0.2524	-0.1218	-0.1895	0.0807
55	-6.056e+06	-1.541e+06	-1.213e+05	-5.85e+04	1.033e+05	3.013e+04	4902	-1.536e+04	-192.9	41.91	-103.3	39	139.7	-52.74	2.074	-5.66	-20.32	-13.56	-9.621	-3.488	3.362	-1.54	1.045	-2.151	0.02353	0.5377	-0.04246
56	-6.07e+06	-1.541e+06	-1.215e+05	-5.738e+04	7.793e+04	4.412e+04	1.015e+04	-2.135e+04	-18.25	44.5	-20.33	22.18	-196.9	26.42	-9.058	-5.139	-2.906	-17.18	-0.5563	1.725	4.235	-1.567	2.202	-2.488	0.2641	0.5227	-0.03719
57	-6.133e+06	-1.52e+06	-9.871e+04	-6.816e+04	1.007e+05	3.047e+04	6713	-1.158e+04	-188.6	57.1	-43.72	39.96	45.92	-48.42	-1.298	-9.002	-9.77	-9.86	-16.88	-4.56	-1.347	-0.3002	0.4105	-0.4072	0.001016	0.01828	-0.1107
58	-6.102e+06	-1.561e+06	-1.18e+05	-6.6e+04	8.59e+04	2.533e+04	3792	-1.711e+04	-73.84	40.11	-80.64	26.13	-139.2	-10.66	-5.414	-10.06	-3.327	-13.85	-3.806	1.755	3.62	-0.1141	1.918	-2.287	0.1504	0.649	-0.002936
59	-5.743e+06	-1.513e+06	-1.034e+05	-8.167e+04	1.163e+05	3.253e+04	3001	-2.156e+04	-242.5	-1.495	-112.1	47.42	85.4	-54.6	6.112	18.11	-20.35	52.6	-26.61	3.316	3.518	0.9341	-2.464	0.7689	-0.03881	0.293	0.0999
60	-6.089e+06	-1.535e+06	-9.872e+04	-7.888e+04	4.341e+04	2435	-1191	7266	17.96	-90.22	-47.03	-1.637	262.2	-85.5	11.59	-14.66	-10.14	0.42	19.52	11.96	-1.868	1.99	0.7955	0.4162	-0.5065	0.1867	0.1103
61	-6.228e+06	-1.557e+06	-1.087e+05	-6.594e+04	1.006e+05	2.83e+04	5573	-1.356e+04	-88.84	-40.7	16.98	33.27	307	-75.78	9.534	-3.665	0.5996	-13	17.47	3.61	-0.1868	3.72	1.704	0.05946	-0.1218	0.3136	-0.08697
62	-6.001e+06	-1.246e+06	4.534e+04	-1.364e+05	-3.076e+05	-7.665e+04	-1680	-1.633e+04	1429	177.3	-204.7	-36.21	-158.5	72.65	-7.422	-9.266	5.823	-6.667	9.508	9.561	-5.677	-3.458	0.1363	0.7084	0.1125	-0.4961	0.2765
63	-5.711e+06	-1.269e+06	4147	-1.147e+05	-1.646e+05	-3.624e+04	2315	-4.268e+04	995.9	42.39	-82.9	-32.46	-333.1	95.23	-7.849	-4.568	13.49	6.006	8.229	12.19	-1.094	-1.429	0.2123	-0.4431	0.384	0.04657	0.1011
64	-5.721e+06	-1.48e+06	-1.071e+05	-7.125e+04	7.377e+04	1.668e+04	777.6	-4057	-142.7	70.56	-155.9	41.84	179.9	-78.93	2.334	-8.022	-17.68	14.77	-12.41	5.392	2.988	0.9226	0.0552	-0.9003	-0.09141	0.6178	0.05075
65	-6.167e+06	-1.547e+06	-1.067e+05	-6.641e+04	1.334e+05	3.677e+04	3014	-1.965e+04	-295.7	25.84	-110	63.1	431.8	-129.5	15.25	-0.4818	-18.76	-8.793	-26.54	-14.06	-5.992	-2.076	-1.352	0.84	-0.1824	-0.5163	-0.05539
66	-6.027e+06	-1.558e+06	-1.142e+05	-7.12e+04	1.246e+05	3.257e+04	257.1	-2.047e+04	-217.7	20.48	-100.2	43.79	297.7	-101	7.848	-7.676	-18.09	13.6	-13.89	-2.091	2.583	0.6061	-0.3864	-0.8282	-0.1398	0.4847	0.005156
67	-6.12e+06	-1.507e+06	-8.365e+04	-8.138e+04	3.338e+04	1.146e+04	3598	-6033	46.66	93.45	-100.7	25.87	-133	-5.886	-7.522	-10.88	-0.6424	-8.349	12.24	9.418	1.815	0.4467	2.146	-1.115	0.01045	0.4341	0.06206
68	-6.271e+06	-1.533e+06	-9.029e+04	-9.306e+04	-2.047e+05	-4.113e+04	-4936	4.198e+04	926	-327.4	-67.18	-111.6	-164.2	-14.24	14.82	-25.31	-1.155	-17.1	-3.344	12.13	-0.4961	-2.513	0.3336	-2.753	-0.1639	0.6934	0.2349
69	-6.156e+06	-1.344e+06	2998	-1.163e+05	-1.961e+05	-4.853e+04	193.6	1388	828.7	-268.8	-161.7	-81.37	-254.4	28.24	10.88	-14.15	9.036	-17.88	2.771	8.134	-5.399	-3.892	0.09038	-0.01533	-0.1028	-0.3493	0.1675
70	-6.065e+06	-1.554e+06	-1.18e+05	-6.519e+04	1.031e+05	3.097e+04	4754	-1.555e+04	-189.2	41.11	-101	44.14	130.9	-73.24	2.932	-8.086	-14.45	-7.638	-9.315	-1.721	3.259	-0.5411	1.082	-1.96	-0.01285	0.6084	-0.02642
71	-6.079e+06	-1.553e+06	-1.139e+05	-6.849e+04	8.471e+04	2.505e+04	3887	-1.906e+04	-81.1	29.27	-89.33	25.04	-207.7	0.7578	-6.385	-8.986	0.1761	-8.74	-0.5803	4.184	3.059	0.1327	1.755	-1.829	0.1578	0.5545	0.005861
72	-4.494e+06	9.382e+05	-4.459e+05	9.433e+05	1.945e+05	-1.046e+05	6399	1.289e+04	-1066	245	-108.6	-154.9	103.7	87.36	-3.463	0.9652	59.85	3.883	-14.5	3.203	5.095	-4.98	0.187	-2.016	0.833	-0.06943	-0.02386
73	-4.502e+06	7.989e+05	-5.064e+05	9.53e+05	1.672e+05	-1.037e+05	4119	6096	-801.2	250.7	-14.62	-104.6	-36.23	49.57	-4.38	-0.8105	6.303	-5.122	-7.348	8.052	7.448	-2.455	0.4403	-3.704	0.6815	0.3219	0.004372
74	-4.085e+06	9.696e+05	-4.595e+05	9.435e+05	2.012e+05	-1.275e+05	1.242e+04	1.096e+04	-782	212.6	-80.4	-123.8	151.1	173.8	-33.37	2.712	84.16	4.049	-20.38	0.5361	-2.388	-14.48	-4.076	1.762	0.7668	-1.343	-0.07683
75	-3.731e+06	1.145e+06	-4.031e+05	8.916e+05	8.922e+04	-6.034e+04	448.9	5341	-621.8	76.81	-9.471	-169.3	-167.5	8.086	20.43	-0.12	-42.63	-18.62	-14.53	14.96	-1.883	-5.595	-3.167	-5.163	0.1719	-0.04119	-0.05262
76	-4.426e+06	9.675e+05	-4.474e+05	9.499e+05	1.45e+05	-6.781e+04	-8094	1.604e+04	-397.3	60.16	-132.6	-114.1	325.4	33.43	-18.74	0.2563	20.78	-0.2795	20.54	15.5	-2.699	0.2984	1.532	-0.1788	-0.1968	-0.8943	0.06743
77	-4.561e+06	9.775e+05	-4.206e+05	9.37e+05	1.994e+05	-1.048e+05	1.001e+04	1.203e+04	-270.2	88.01	-174.6	55.71	401.6	97.26	8.152	0.8728	30.69	7.877	19.51	8.89	-2.63	-4.656	1.977	1.049	-0.2519	-1.174	0.01375
78	-4.176e+06	1.746e+06	-6.635e+04	8.388e+05	-1.756e+05	7.635e+04	2.189e+04	-4.499e+04	2667	331.5	-138.7	-272.6	-66.61	14.26	-28.96	13.07	-30.51	2.337	2.847	8.569	-3.158	-1.474	0.944	-1.584	0.8706	-2.147	0.01284
79	-3.895e+06	1.681e+06	-1.501e+05	8.515e+05	-5.848e+04	-1.98e+04	4.845e+04	-3.612e+04	-460.3	262.1	151.5	-102.2	-148.1	-16.47	17.07	8.327	-66.99	-10.16	-4.515	9.173	-5.208	-5.519	-2.344	-2.09	0.921	-1.284	-0.01672
80	-4.163e+06	8.489e+05	-4.498e+05	9.002e+05	1.632e+05	-8.723e+04	-2551	1.307e+04	-868.7	266.2	-102.4	-172.1	212.7	93.08	-8.068	0.5657	76.34	3.735	-7.445	9.301	5.607	-7.749	0.1213	-2.623	0.9291	0.1062	-0.09233
81	-4.52e+06	9.304e+05	-4.446e+05	9.412e+05	2.232e+05	-1.261e+05	9883	1.283e+04	-1448	220	-130.4	-133	397.1	222.4	-46.22	4.228	197.7	20.24	-8.712	1.703	3.744	4.279	4.038	1.735	0.8114	0.1495	0.1225
82	-4.41e+06	8.343e+05	-4.955e+05	9.5e+05	2.018e+05	-1.219e+05	8351	1.039e+04	-344.5	136.8	-109.9	364.3	367	340.1	-71.13	0.5383	82.36	15.66	-1.29	3.117	5.715	-6.313	3.822	1.885	-0.8047	-0.6351	0.04614
83	-4.489e+06	9.256e+05	-4.51e+05	9.426e+05	1.255e+05	-7.084e+04	-466.2	6062	-652.2	284.8	-58.93	-115.4	-25.85	56.53	10.64	-1.015	-15.51	-6.374	7.415	13.11	0.893	3.994	-3.021	1.424	1.029	-0.9801	0.1612
84	-4.435e+06	1.488e+06	-2.503e+05	8.35e+05	-4.276e+04	6.315e+04	-7537	1.564e+04	-583.3	-214.2	-26.57	-276.8	-94.43	-6.062	33.53	0.6864	-29.36	-3.406	-9.178	15.29	0.8416	0.0571	0.8268	-2.598	0.6297	-0.3046	0.07355
85	-4.385e+06	1.496e+06	-1.738e+05	8.684e+05	-6.068e+04	4.436e+04	2060	-2.11e+04	181.6	-123.9	-49.98	-207.8	-155.8	19.78	10.42	6.199	-45.4	-3.743	-4.943	9.785	-3.293	-4.009	-1.997	-1.304	0.5543	-1.914	0.02605
86	-4.473e+06	7.929e+05	-5.037e+05	9.473e+05	1.852e+05	-1.098e+05	4077	9879	-695.3	248.5	-62.1	-148.3	177.9	129.4	-23.88	1.017	79.03	4.64	-3.901	7.04	8.871	1.64	1.47	-1.645	0.8829	0.4701	0.06203
87	-4.483e+06	8.22e+05	-5.49e+05	8.998e+05	1.639e+05	-1.038e+05	9934	5359	-1111	234.6	54.2	-10.39	-76.51	29.54	-33.29	-0.8051	-17.35	-8.487	-6.321	9.429	5.862	-3.205	-2.607	-0.5168	0.3037	0.56	0.07447
88	-5.64e+06	-7.108e+05	-1.259e+05	1.782e+05	1.525e+05	6224	-844.4	-9446	-769.4	51.84	-256.5	-45.33	39.7	52.06	-11.22	-2.792	21.1	-5.216	-13.29	-3.258	-4.493	5.927	-0.1743	1.283	0.3761	-0.3258	0.08444
89	-5.675e+06	-9.284e+05	-2.233e+05	2.097e+05	1.051e+05	2.543e+04	5810	-1.769e+04	-104.3	101	-19.22	-44.09	-117.9	59.96	-9.577	-3.788	6.602	-9.027	-3.063	2.825	5.427	3.713	2.158	-1.935	0.5508	0.4322	0.03555
90	-5.26e+06	-7.573e+05	-1.738e+05	1.93e+05	1.466e+05	5411	7173	-1.563e+04	-244.5	43.87	-103.8	21.5	95.41	73.39	-15.46	0.3811	25.69	-6.529	-22.91	-4.427	-6.93	2.242	-0.5727	1.155	0.3257	-0.559	0.0606
91	-4.875e+06	-5.379e+05	-1.788e+05	1.319e+05	2.164e+04	2.533e+04	1.023e+04	-7371	-590.8	-53.45	48.42	-84.84	-259.5	50.42	-3.666	-5.47	0.523	-20.5	-6.561	12.69	-3.286	-3.105	-0.4697	-1.539	-0.2036	0.6704	-0.02134
92	-5.578e+06	-6.923e+05	-1.227e+05	1.796e+05	1.075e+05	8162	-1.981e+04	-158.6	-145.8	-131.4	-354	-63.8	250.1	5.111	23.28	-4.56	3.23	-11.58	21.34	9.465	-4.213	3.888	0.8992	-0.171	-0.05616	-0.2169	0.04988
93	-5.757e+06	-7.996e+05	-1.958e+05	1.663e+05	1.407e+05	1.658e+04	2883	-1.305e+04	-473.7	-31.08	-122.7	-26.89	329.9	-35.4	23.59	-1.949	-1.545	-6.839	18	2.99	-7.38	1.048	-1.8	-0.1231	0.07522	0.1436	0.0344
94	-5.359e+06	-6480	2.216e+05	7.499e+04	-2.592e+05	2.984e+04	4.793e+04	-2.445e+04	1028	240.9	-52.3	-82.08	-113.5	47.38	-22.77	-4.796	13.32	-4.9	9.057	7.704	-4.746	-2.927	0.4404	0.3337	0.5789	-0.9652	0.1641
95	-5.036e+06	4.81e+04	2.056e+05	9.698e+04	-1.288e+05	6.621e+04	7.34e+04	-4.363e+04	-97.85	134.3	187.7	7.188	-251.3	65.29	-16.71	4.084	9.466	-8.594	6.695	7.202	-1.068	-4.878	-0.4274	-0.08727	0.8883	-0.6846	-0.0201
96	-5.264e+06	-7.495e+05	-1.509e+05	1.79e+05	1.207e+05	8144	-1.043e+04	-6337	-465.2	81.13	-264.5	-45.77	168.4	26.17	-6.865	-3.902	16.53	-6.247	-8.504	2.577	-6.162	3.411	-0.2163	1.95	0.329	-0.7172	0.06521
97	-5.704e+06	-8.231e+05	-1.709e+05	1.992e+05	1.62e+05	1.6e+04	7474	-1.492e+04	-685.4	71.07	-136.9	-25.33	414.4	1.536	-5.58	-0.2701	47.31	2.444	-19.81	-9.767	-8.052	8.535	0.2474	4.082	0.2827	-0.9419	0.1522
98	-5.572e+06	-8.655e+05	-2.12e+05	1.99e+05	1.49e+05	5658	3710	-1.493e+04	-359.3	37.7	-114.5	139.7	321.5	56.68	-79.44	-0.7287	3.662	-3.704	-9.504	-4.16	2.49	2.81	1.091	-0.1735	-0.6356	0.4056	0.0473
99	-5.684e+06	-8.681e+05	-1.966e+05	2.029e+05	6.542e+04	1.381e+04	-8481	-1.123e+04	-29.91	118.8	-169.4	-53.71	-119.9	67.8	-12.38	-6.351	-2.859	-12.49	12.87	7.948	-1.913	1.883	0.2407	0.7693	0.3679	-0.5942	0.09131
100	-5.717e+06	-5.451e+05	-3.106e+04	1.55e+05	-1.462e+05	9.14e+04	200.3	1.495e+04	783.7	-319.3	-7.32	-165.7	-178.4	75.04	-9.024	-9.198	16.78	-5.6	0.1523	11.97	0.2507	0.5109	1.804	-0.4839	0.2415	-0.6516	0.1648
101	-5.485e+06	1.864e+04	1.445e+05	-2.155e+04	-8.883e+04	3.73e+04	9806	-1.443e+04	-1268	-323.5	-291.4	-97.43	-253.8	3.85	0.4904	-3.771	12.63	-13.1	1.584	9.593	-2.696	-4.327	2.255	1.265	-0.1792	0.5512	0.0164
102	-5.636e+06	-9.175e+05	-2.211e+05	2.053e+05	1.32e+05	7296	-1910	-1.36e+04	-288.2	82.84	-129.8	-52.18	128	43.54	-8.009	-3.796	22.25	-6.144	-6.014	0.1994	4.839	7.424	0.9255	-1.686	0.5936	0.8162	0.0789
103	-5.632e+06	-8.727e+05	-1.999e+05	2.035e+05	1.126e+05	5966	3080	-1.631e+04	-66.87	80.27	-95.12	-59.05	-181.3	59.86	-10.3	-4.944	5.271	-12.71	-0.9105	3.974	4.186	3.678	1.086	-1.131	0.6104	0.2802	0.0482
104	-6.067e+06	-1.333e+06	-7953	-9.249e+04	1.162e+05	3.817e+04	1.566e+04	-1.021e+04	-596.1	22.99	-119	124.5	51.66	-5.006	0.08528	29.24	-6.921	-7.405	-14.34	-5.65	-3.905	-0.6084	1.148	1.356	-0.1275	-0.507	-0.03569
105	-6.077e+06	-1.497e+06	-9.262e+04	-6.956e+04	9.052e+04	2.75e+04	6663	-1.663e+04	-186.1	36.33	-92.9	21.46	-135.5	17.74	-9.48	-7.426	-0.8847	-12.92	-2.715	0.9858	0.7287	0.4274	1.559	-0.8525	0.1481	0.2007	0.02696
106	-5.745e+06	-1.509e+06	-9.394e+04	-8.887e+04	1.196e+05	2.654e+04	1342	-2.071e+04	-272.8	11.4	-36.48	43.17	88.41	-50.51	2.342	2.192	-20.7	64.73	-26.5	5.345	-0.9306	2.065	-3.964	2.838	-0.1661	-0.2291	0.1434
107	-5.392e+06	-1.392e+06	-6.978e+04	-9.858e+04	-7935	-1.235e+04	-4876	-2285	166.4	-131.1	-166.5	-22.24	-295	26.61	8.076	144.2	-11.62	54.76	-2.031	22.22	6.461	0.1804	-1.336	0.07198	-0.4616	0.5769	-0.1858
108	-6.087e+06	-1.529e+06	-1.081e+05	-8.643e+04	4.332e+04	4081	-349.2	7079	-61.2	-97.02	-30.74	37.85	251.8	-19.43	28.47	39.78	8.493	7.057	23.33	13.13	-1.192	7.159	0.1322	0.8389	0.0001687	-0.08978	0.187
109	-6.22e+06	-1.539e+06	-1.156e+05	-7.253e+04	1.02e+05	2.736e+04	5989	-1.332e+04	-240.8	-47.05	-19.83	18.97	317.9	-67.14	9.373	-5.375	-10.3	-10.29	17.69	2.206	-4.701	1.679	-4.124	1.298	0.2806	-1.385	-0.05789
110	-5.955e+06	-1.07e+06	1.675e+05	-1.929e+05	-2.779e+05	-1.007e+05	-2748	-1.092e+04	857.9	149.3	-241.4	15.63	-148.7	68.15	-19.73	12.55	-6.323	45.78	10.17	17.23	-8.122	-0.4841	-2.626	4.782	-0.3984	-0.9904	0.4176
111	-5.659e+06	-1.076e+06	1.272e+05	-1.773e+05	-1.335e+05	-5.999e+04	1983	-3.715e+04	358.8	64.27	127.3	-1.19	-315.7	83.76	-10.28	-2.712	5.827	48.53	6.683	20.33	-1.248	3.823	-3.328	-0.04076	0.2329	0.7558	0.02446
112	-5.697e+06	-1.412e+06	-7.415e+04	-8.026e+04	8.101e+04	1.437e+04	2454	-2934	-286.9	63.61	-177.6	38.19	173	-54.65	-2.173	-6.306	-5.095	19.91	-10.33	6.138	-1.749	3.668	-0.1876	1.413	-0.1161	0.068	0.1263
113	-6.139e+06	-1.473e+06	-7.375e+04	-7.378e+04	1.41e+05	3.382e+04	4676	-1.84e+04	-469.9	7.875	-163.5	93.07	434.7	-88.24	23.05	23.42	-16.61	-6.263	-24.53	-14.93	-10.3	-1.796	-1.661	2.927	-0.1836	-1.179	0.01492
114	-6.023e+06	-1.548e+06	-1.091e+05	-7.29e+04	1.277e+05	2.589e+04	-1442	-1.953e+04	-216.7	23.66	-81.15	27.56	286.9	-60.53	1.466	-8.338	-0.7058	19.95	-11.86	-0.3113	1.096	6.004	0.3838	0.4926	-0.08865	0.4238	0.1111
115	-6.103e+06	-1.466e+06	-6.871e+04	-8.296e+04	3.911e+04	3487	2525	-4592	-19.13	86.25	-123.8	29.22	-125.8	33.54	-5.716	0.9393	-2.876	-9.111	13.24	8.212	-1.415	0.8553	-0.01601	1.543	0.1532	-0.2325	0.1236
116	-6.164e+06	-1.235e+06	5.098e+04	-1.289e+05	-1.802e+05	-2.97e+04	9054	4.424e+04	343	-349.9	-123.6	-83.77	-152.4	-1.147	12.21	-16.19	0.3431	-14.25	-2.701	11.35	-1.758	-2.658	0.3153	-1.3	-0.1885	0.3459	0.171
117	-5.936e+06	-7.151e+05	3.151e+05	-2.056e+05	-1.34e+05	-5.14e+04	2.14e+04	9553	-550.6	-339.7	-400.3	-26.14	-236	2.755	5.607	-9.453	6.426	-16.43	2.2	7.103	-7.736	-4.933	-0.4276	2.302	-0.2875	-0.7831	0.09598
118	-6.041e+06	-1.495e+06	-9.512e+04	-6.784e+04	1.085e+05	2.92e+04	6263	-1.465e+04	-294.2	36.92	-117.4	37.82	135.8	-45.18	-0.8032	-6.264	-13.67	-8.896	-8.5	-2.8	0.2247	-0.2011	0.666	-0.6279	-0.01713	0.1669	-0.0009156
119	-6.05e+06	-1.477e+06	-8.101e+04	-7.503e+04	9.15e+04	2.482e+04	6465	-1.812e+04	-222.8	23.22	-108.2	23.81	-200.1	27.35	-9.013	-4.916	-1.741	-8.251	-0.1857	3.308	2.073	0.2992	1.557	-1.052	0.1637	0.3229	0.02428
120	-6.107e+06	-1.394e+06	2009	-1.191e+05	1.172e+05	3.417e+04	1.251e+04	-1.017e+04	-667.4	14.12	-193	70.2	48.38	-58.25	-0.7087	8.515	-15.5	-6.158	-16.24	-5.592	-3.199	-3.227	-0.5631	0.8983	-0.1198	-0.405	-0.1505
121	-6.126e+06	-1.582e+06	-9.773e+04	-8.949e+04	8.501e+04	3.544e+04	6346	-1.837e+04	-129.5	28.94	-102.7	37.56	-134.1	2.889	-4.985	7.456	-9.932	-12.09	-3.291	0.4766	3.702	-2.587	1.418	-2.009	0.1393	0.4444	-0.02627
122	-5.744e+06	-1.498e+06	-8.349e+04	-9.507e+04	1.217e+05	2.429e+04	1488	-2.013e+04	-302.1	52.87	197.3	59.43	97.76	-51.16	8.498	105.9	-21.43	57.16	-25.93	5.05	2.434	3.281	-2.685	1.488	0.128	0.2972	0.01637
123	-5.385e+06	-1.372e+06	-5.936e+04	-1.017e+05	-5932	-1.226e+04	-4128	-2039	135.1	-110.1	-47.7	-20.53	-290.4	26.6	-1.828	-13.63	-8.875	60	-5.435	25.01	2.282	2.453	-2.427	1.192	-0.7913	0.3157	-0.03669
124	-6.083e+06	-1.478e+06	-4.214e+04	-1.114e+05	5.213e+04	5182	1843	7864	-239.3	-98.5	-44.76	18.25	277.5	-103.7	12.45	-16.76	-26.78	-0.1138	17.43	11.06	0.5712	-1.679	0.04054	-0.4345	-0.5796	0.3525	0.02521
125	-6.24e+06	-1.529e+06	-7.119e+04	-1.182e+05	1.092e+05	2.804e+04	6876	-1.295e+04	-558.1	-77.02	-117.8	49.48	325.3	-121.7	11.94	-7.559	-29.93	-14.21	15.03	0.9123	-2.045	-5.055	-0.7678	-0.9869	-0.4174	0.3292	-0.1517
126	-5.821e+06	-6.799e+05	3.633e+05	-2.502e+05	-2.461e+05	-7.988e+04	1.744e+04	-8604	-42.38	79.99	-548.4	37.95	-142.1	12.6	-11.62	4.316	-8.698	-2.511	7.311	8.903	-0.08051	-6.667	-0.5031	-0.8274	-0.08056	0.2853	0.1124
127	-5.587e+06	-8.8e+05	2.216e+05	-1.913e+05	-1.233e+05	-3.607e+04	1.616e+04	-3.768e+04	-6.653	-27.06	-329.3	23.1	-322.9	64.13	-8.801	15.27	7.356	-13.41	7.357	7.959	-0.5162	-5.734	0.7378	-0.73	0.3089	0.043	-0.007812
128	-5.72e+06	-1.445e+06	-6.676e+04	-9.649e+04	8.115e+04	1.442e+04	1426	-3169	-293.6	58.65	-185.5	47.45	183	-77.8	1.22	-8.37	-21.49	21.38	-12.17	5.641	0.1307	0.02832	-1.123	0.5585	-0.1926	0.1856	0.06262
129	-6.194e+06	-1.576e+06	-8.699e+04	-9.164e+04	1.3e+05	4.157e+04	7733	-1.916e+04	-391.4	18.99	-130.1	71.77	441.5	-126	12.34	8.803	-27.81	-8.551	-26.54	-15.45	-6.507	-4.026	-1.967	1.294	-0.2373	-0.7316	-0.07045
130	-6.051e+06	-1.595e+06	-1.093e+05	-8.643e+04	1.229e+05	2.514e+04	788.3	-1.869e+04	-289	9.39	-155.3	46.14	303.6	-91.59	7.007	-6.146	-24.48	13.18	-14.14	-2.851	3.35	0.6044	-0.4331	-0.8293	-0.1688	0.5386	-0.01673
131	-6.13e+06	-1.493e+06	-4.669e+04	-1.094e+05	3.834e+04	1.358e+04	4919	-5884	-125.7	73.73	-164.3	37.14	-123.8	-6.078	-10.53	-9.35	-13.58	-8.421	11.48	7.967	2.48	-2.804	1.348	-1.2	-0.08841	0.3378	0.005481
132	-6.139e+06	-1.102e+06	1.664e+05	-1.855e+05	-1.576e+05	-3.955e+04	1.088e+04	4.747e+04	-144.3	-397.2	-294.4	-50.73	-150.3	-46.36	14.74	-7.316	-10.02	-18.29	-4.15	10.43	-0.4481	-6.266	0.5173	-0.7111	-0.3671	0.1739	0.08528
133	-6.11e+06	-1.179e+06	1.088e+05	-1.601e+05	-1.786e+05	-4.227e+04	8082	2862	380.9	-298.8	-251.3	-61.73	-241.4	45.92	3.819	-0.5672	0.7807	-18.59	2.745	6.192	-4.343	-5.951	-0.08869	0.3359	-0.1731	-0.4519	-0.5516
134	-6.077e+06	-1.545e+06	-8.359e+04	-9.182e+04	1.051e+05	4.107e+04	8401	-1.644e+04	-282.7	32.35	-106.5	57.06	139	-61.46	2.893	7.837	-21.69	-10.41	-9.071	-3.714	2.457	-3.529	0.5225	-1.619	-0.02065	0.3197	-0.06179
135	-6.091e+06	-1.542e+06	-7.91e+04	-9.52e+04	8.683e+04	3.493e+04	7500	-1.99e+04	-190.2	16.96	-113.1	38.02	-200	13.23	-6.286	9.181	-7.735	-8.023	-0.3014	2.662	3.327	-2.56	1.261	-1.613	0.147	0.3644	-0.0218
136	-4.12e+06	-9.732e+05	-7982	-9.649e+04	-1.967e+05	-6.024e+04	-9817	4.163e+04	745.8	341.1	162	6.298	-53.97	11.58	-17.33	-41.35	-16.16	9.729	-5.072	0.3734	-0.7572	1.792	0.02422	1.368	-0.5465	-0.1498	-0.1831
137	-3.728e+06	-6.691e+05	1.13e+05	-1.318e+05	-2.503e+05	-8.533e+04	-6452	2.332e+04	748.3	322.1	355	10.11	-4.264	19.11	-14.57	-51.51	-11.08	21.13	-4.606	4.99	-1.321	3.417	-0.8731	1.623	-0.4464	0.04373	-0.2188
138	-3.857e+06	-8.112e+05	4.838e+04	-1.189e+05	-3.869e+05	-1.2e+05	-1.757e+04	4.842e+04	1729	603.5	1319	40.43	207.8	54.17	16.81	333.4	-6.956	-40.13	-0.5441	-0.765	-3.207	2.539	2.745	-0.8056	-0.001202	0.2573	0.1827
139	-3.823e+06	-5.411e+05	1.977e+05	-1.734e+05	-4.752e+05	-1.59e+05	-1.428e+04	3759	1691	326.5	204.5	-39.35	156.9	37.84	-8.065	-53.78	-12.03	33.37	-5.572	2.005	-3.425	2.665	-2.505	2.471	-0.5285	-0.193	-2.118
140	-3.794e+06	-9.363e+05	-3.096e+04	-7.931e+04	-1.121e+05	-3.449e+04	-6531	3.01e+04	517.2	364.2	716	32.08	-9.056	13.63	-14.44	-15.01	-7.405	-4.684	-5.188	1.835	-2.55	4.501	-0.1933	-0.4586	-0.1798	0.3956	-0.1636
141	-3.713e+06	-5.082e+05	1.977e+05	-1.621e+05	-3.458e+05	-1.141e+05	-5469	3.144e+04	899.3	368.4	253.6	8.072	87.89	5.344	-14.58	-55.64	-13.48	3.135	-9.353	1.195	-2.482	1.052	-0.5467	1.083	-0.4694	0.01306	-0.006619
142	-3.721e+06	-4.197e+05	2.473e+05	-1.773e+05	-3.295e+05	-1.168e+05	-2039	-1.246e+04	889.6	155.5	255.2	-14.6	49.6	29.83	-4.409	-48.32	-1.932	1.053	-0.7292	-2.503	-3.131	0.7278	-1.065	0.9416	-1.047	-0.1601	-0.08916
143	-3.748e+06	-6.115e+05	1.433e+05	-1.45e+05	-3.124e+05	-1.01e+05	-6786	3.841e+04	846.5	358.6	132.9	5.427	56.89	0.835	-15.14	-47.87	-15.49	6.255	-7.869	1.888	-1.834	0.8855	-1.113	0.07559	-0.4614	0.2697	-0.08116
144	-2.558e+06	1.693e+06	-1.879e+06	-8.238e+05	-1.84e+05	3.709e+04	-5.613e+04	-1.314e+04	7819	-144.8	-406.6	1039	115.8	-74.45	-5.363	-3.978	50.45	-46.91	-0.483	16.03	7.778	2.369	-18	-0.6566	0.3255	-5.741	-0.1306
145	-2.459e+06	1.362e+06	-1.07e+06	6346	2.109e+04	5702	-1.374e+04	9758	1.316e+04	-20.36	-760.1	358.5	17.64	7.724	-180.3	9.037	13.84	-28.93	0.3059	-4.49	-0.8282	-1.454	-6.263	-1.459	-2.817	8.762	-0.1976
146	-2.533e+06	1.688e+06	-1.919e+06	-8.695e+05	-1.476e+05	4.389e+04	-3.08e+04	-1.71e+04	7132	-74.75	-178.1	891.2	10.06	-168.9	85.96	-3.182	72.51	-49.57	-6.052	16.98	9.051	1.377	-14.53	10.76	0.7864	1.097	-0.08049
147	-3.923e+06	-9.978e+05	-4.119e+04	-9.519e+04	-4.039e+05	-1.224e+05	-2.484e+04	4.641e+04	2033	686.1	1705	4.911	219.3	56.59	1.316	288.7	-12.53	-30.08	-3.712	3.368	1.959	5.829	2.549	-2.677	-0.01396	1.121	-0.3786
148	-3.809e+06	-9.726e+05	-4.285e+04	-7.733e+04	-1.139e+05	-3.779e+04	-8828	3.009e+04	734.3	655.8	2298	74.95	47.97	53.06	-28.18	-137	2.63	-14.49	-14.01	10.66	-3.476	15.35	1.171	-1.076	-0.07188	1.183	-0.3033
149	-3.87e+06	-9.623e+05	-2.851e+04	-9.516e+04	-3.446e+05	-1.067e+05	-2.09e+04	3.476e+04	1826	781.6	2351	27.66	123	87.76	-29.81	-152	3.147	-17.41	-16.86	11.43	-6.932	15.05	0.4362	-0.7637	-0.08243	0.9769	0.01334
150	-3.746e+06	1.666e+06	-1.653e+05	7.587e+05	-4.567e+04	2.381e+04	-7643	3001	-860.2	-3723	485.2	-495.5	143.5	231	88.38	7.382	-39.72	-11.32	-8.21	-2.299	6.052	2.567	-9.021	-1.158	-12.71	-1.355	-0.008087
151	-3.829e+06	8.521e+05	-4.979e+05	8.38e+05	-6621	-1.77e+04	-8615	-2396	20.14	339.7	102.8	-196.5	-16.91	260.7	-3.587	-2.285	-65.57	-12.67	6.118	-5.544	8.114	2.395	2.998	-3.338	0.5409	-0.1014	-0.1357
152	-3.546e+06	1.59e+06	-3.114e+05	5.848e+05	-1.22e+04	6.869e+04	-1.395e+04	1.323e+04	-2088	340.6	-144.4	-36.19	-66.17	246.4	48.74	-1.764	-33.33	-10.55	-5.746	-1.837	-0.2364	-0.2824	-2.06	4.299	0.8329	0.6657	-0.1022
153	-3.691e+06	1.38e+06	-2.334e+05	7.753e+05	1.116e+05	-3.32e+04	5705	1.547e+04	-1436	250.2	-211.3	-74.76	-19.81	233.9	-3.463	0.5941	-39.68	-9.145	4.073	-7.759	-6.853	1.379	-5.493	4.394	0.598	-1.893	-0.05738
154	-3.581e+06	1.915e+06	-3.014e+05	3.858e+05	-3.139e+04	-2.347e+04	-3.012e+04	2.431e+04	-4327	107.7	-418.3	-138.3	15.52	0.9053	40.09	-6.35	-47.51	-24.73	-5.856	2.144	-5.613	-3.86	-2.862	3.59	-0.7345	2.036	-0.1113
155	-3.653e+06	2.117e+06	-6.079e+05	2.616e+04	-1.977e+05	1.992e+05	-1.63e+04	1.781e+04	-6666	483.6	269	-145.7	49.42	-120	14.05	-3.222	49.84	-16.5	-4.168	15.6	-9.124	-5.476	12.97	11.99	-1.601	6.978	-0.09191
156	-3.638e+06	1.919e+06	-1.903e+05	5.163e+05	-4.678e+05	2.262e+05	2.678e+04	-4.83e+04	1778	551.7	351.4	-231.1	197.9	229.8	23.27	9.314	9.532	11.49	1.866	-5.361	-0.2575	-3.695	6.295	1.98	0.8007	0.2227	-0.1061
157	-3.744e+06	1.571e+06	-2.477e+05	6.688e+05	-2.539e+04	4.816e+04	3930	7327	-1651	360.1	-69.63	-138.2	-19.54	187.5	-5.249	1.369	-45.66	-6.658	5.447	-5.217	-11.84	0.09008	-3.208	-1.287	0.302	0.124	-0.05852
158	-3.745e+06	9.957e+05	-3.773e+05	8.558e+05	1.144e+05	-5.93e+04	-4424	1.285e+04	-655.8	267.3	-123	-163.3	85.31	270.1	-6.934	-0.9913	-19.72	-8.08	5.859	-8.121	1.57	1.347	0.5694	-0.5801	0.5398	-1.186	-0.1447
159	-3.78e+06	1.029e+06	-3.698e+05	8.517e+05	1.196e+05	-6.397e+04	-341.3	9957	-760.2	253.1	-112.5	-155.1	52.07	256.9	-3.976	-0.42	-26.87	-8.411	7.594	-8.911	-4.148	0.2251	-0.6577	1.387	0.4297	-1.858	-0.1217
160	-3.691e+06	1.61e+06	-5.326e+05	3.773e+05	-2.424e+05	1.909e+05	-2.54e+04	-1.365e+04	-2462	497.7	238.5	-148.6	16.66	148.2	29.17	-0.5669	-1.611	-10.88	-6.688	4.517	13.3	-1.557	-15.17	15.58	2.179	2.846	0.09533
161	-3.723e+06	1.356e+06	-4.812e+05	5.557e+05	-4.574e+04	4.461e+04	8474	9014	-2419	399.7	208.5	-119	5.646	114	-2.045	-1.655	-25.41	-14.53	6.682	3.651	6.489	5.006	-12.44	14.64	1.492	0.9195	0.1628
162	-3.621e+06	1.587e+06	-1.294e+05	7.323e+05	1.525e+04	1.175e+04	1.201e+04	-6480	-1106	258.4	-164.4	-123	-25.33	190.8	-4.139	4.204	-65.52	-9.568	7.195	-7.295	-4.038	-2.226	0.02987	1.947	0.2669	-1.92	-0.2022
163	-3.672e+06	2.053e+06	-1.61e+05	4.788e+05	-6.271e+05	4.036e+05	-5.605e+04	-4.681e+04	1211	529.8	110	-432.9	323.2	279.3	-16.94	8.446	47.47	15.69	-1.707	0.1406	3.127	-7.386	9.914	-0.074	0.005902	0.1199	-0.2195
164	-3.748e+06	1.102e+06	-3.539e+05	8.162e+05	5.894e+04	-2.28e+04	-6120	1.031e+04	-626.1	300.7	-99.55	-145.6	-22.15	255	-7.785	-1.443	-61.78	-11.66	-0.2336	-7.571	7.602	0.3402	-1.107	-0.4299	0.6789	-0.7881	-0.1646
165	-3.674e+06	1.633e+06	-4.018e+05	4.22e+05	-1.835e+04	5.069e+04	1.758e+04	-9474	-3860	301.7	179	-82.04	-55.52	-6.569	10.83	2.475	-13.05	-16.36	6.167	1.947	-10.02	-4.531	3.833	4.333	-0.5055	2.643	-0.155
166	-4.646e+06	5.097e+05	3.339e+05	9.711e+04	-1.112e+05	8.03e+04	5.505e+04	1.326e+04	-851.1	-3765	591.4	-419.6	30.67	-6.93	153.6	8.667	75.25	-7.211	-0.3607	3.275	3.207	5.259	-3.307	-0.1141	-12.28	-1.207	-0.01649
167	-4.816e+06	-6.216e+05	-2.22e+05	2.435e+05	-5.067e+04	2.683e+04	-1.746e+04	-1.146e+04	784.1	183.2	-103	-79.03	-178.2	166.2	-2.613	-5.386	22.44	-15.45	15.35	-1.382	6.834	9.569	6.125	-3.685	0.4403	0.6659	-0.09146
168	-4.384e+06	5.109e+05	3.276e+05	4.388e+04	-3.726e+04	8.229e+04	1.103e+04	2.271e+04	-1111	191.8	-526	56.25	-140.8	99.84	-7.26	0.1585	-3.77	-9.322	-1.273	-4.597	-2.145	-0.4002	-4.117	-8.026	0.886	-2	-0.214
169	-4.537e+06	3.43e+05	2.548e+05	9.459e+04	9.891e+04	4.954e+04	2.546e+04	7505	-1677	79.34	-419.5	50.11	-143.3	87.79	-14.01	2.729	25.74	-9.184	11.56	-6.811	-14.43	5.063	-4.03	-1.336	0.2244	-0.1582	-0.1103
170	-4.256e+06	1.221e+06	6.837e+05	-3.368e+04	-4.234e+04	1.063e+05	2.321e+04	1.951e+04	-1976	-53.4	-806.4	26.89	-88.16	38.16	-10.96	4.064	35.57	-7.42	7.305	-2.479	-3.867	4.158	-5.344	-10.55	0.01849	0.8373	-0.2218
171	-4.227e+06	1.577e+06	8.257e+05	-1.005e+05	-3.203e+05	2.371e+05	1.661e+05	7.318e+04	-2094	562.8	348.9	297.3	193.6	-20.8	-62.42	4.617	53.51	21.74	5.818	1.123	-10.41	3.235	-15.83	-22.6	1.617	-1.268	0.1023
172	-3.959e+06	2.292e+06	1.229e+06	-1.917e+05	-4.192e+05	8.632e+04	1.744e+05	3.295e+04	-1907	387.7	-201	256.3	283	-57.45	-31.25	7.15	26.5	15.62	0.4809	-5.241	2.145	-4.27	5.125	3.978	-0.2913	-0.9543	-0.08889
173	-4.336e+06	1.204e+06	6.815e+05	-2.457e+04	3.601e+04	8953	3.8e+04	3.175e+04	-2882	73.33	-897.9	115	-103.2	8.323	-13.95	0.8048	2.895	-11.8	8.646	-4.489	-7.559	2.447	-2.247	0.1371	-0.1194	-0.103	-0.1888
174	-4.755e+06	-5.134e+05	-1.614e+05	2.257e+05	5.981e+04	2.443e+04	-6206	-2911	-109	135.4	-153.6	-37.88	-59.6	137	-4.531	-2.578	46.76	-10.98	12.68	-3.639	0.2668	13.11	5.65	-0.1715	0.2965	0.06847	-0.05623
175	-4.762e+06	-4.041e+05	-1.077e+05	2.101e+05	7.952e+04	-1.017e+04	-5778	-280.2	-549	93.48	-274.4	-12.77	-95.67	114.3	1.7	-3.068	40.9	-13.65	14.18	-4.096	-6.379	12.63	4.184	2.134	0.1221	-0.5909	-0.02374
176	-4.194e+06	1.361e+06	7.593e+05	-7.051e+04	-1.619e+05	9.014e+04	-1554	2.356e+04	-1599	159.9	-1099	85.78	-32.9	92.37	-45.26	1.03	6.07	-8.511	-3.053	-2.724	12.69	1.274	-8.763	2.083	1.066	-1.079	-0.1619
177	-4.42e+06	6.254e+05	3.935e+05	3.616e+04	-3.683e+04	5956	4.311e+04	3.368e+04	-1859	180	-469.1	166	-47.43	40.79	6.735	-1.339	2.777	-11.5	11.16	0.5789	6.398	7.468	-13.45	4.378	1.346	0.6675	0.08945
178	-4.217e+06	1.246e+06	7.159e+05	-3.72e+04	6.021e+04	3.279e+04	6.714e+04	1.055e+04	-3081	18.88	-662	156.1	-133.8	-1.865	-10.85	6.936	28.45	-8.519	14.68	-2.695	-4.259	4.654	2.415	2.379	-0.1001	-0.4143	-0.2337
179	-3.949e+06	2.552e+06	1.375e+06	-2.534e+05	-6.333e+05	2.364e+04	1.72e+05	1.093e+05	-2414	476	-415	271	599	-174.5	-33.16	-9.042	-0.6952	17.66	-13.77	0.4613	5.853	-7.155	3.838	3.955	-1.495	-0.4918	0.1509
180	-4.58e+06	9.202e+04	1.304e+05	1.383e+05	4.659e+04	6.875e+04	1.503e+04	827.3	-984.6	106.5	-288.8	132.5	-164.3	169.8	6.421	5.115	27.9	-9.208	10.94	-4.323	-1.937	6.762	1.298	1.391	0.3698	-0.5205	-0.1107
181	-4.262e+06	1.167e+06	6.234e+05	-7.352e+04	1.292e+04	3.723e+04	5.966e+04	1.28e+04	-3225	62.62	-600.1	152	-104.9	-11.84	-15.03	4.713	19.79	-9.672	11.98	-2.483	-4.276	1.679	0.6735	-0.4182	-0.2053	0.922	-0.2203
182	-4.913e+06	2.645e+06	1.489e+06	-3.08e+05	3.458e+05	206.9	7.145e+04	2974	8807	59.33	495.2	-7.47	-123.8	105.9	44.9	17.79	-22.92	5.092	-4.986	-2.366	-0.1855	2.088	1.324	4.735	0.6425	-1.989	0.03803
183	-4.777e+06	2.847e+06	1.662e+06	-3.529e+05	2.722e+05	1408	7185	2.016e+04	3268	215.9	470.2	38.02	-145.7	99.64	-21.77	0.1779	-28.91	-10.81	-20.1	4.394	1.418	1.652	3.12	-0.3949	-0.04405	-0.236	0.08878
184	-6.364e+06	2.485e+06	1.668e+06	-3.635e+05	3.051e+05	1.529e+04	-1.874e+04	3.763e+04	3922	-532.5	207.4	-165.3	1159	-241.6	46.75	-22.12	-107.9	13.51	96.4	20.28	15.6	-2.085	3.024	-1.729	2.469	1.004	-0.1396
185	-4.899e+06	2.803e+06	1.657e+06	-3.314e+05	2.564e+05	-5973	6196	1.576e+04	3882	238.5	537.6	-6.43	-72.99	97.88	49.22	15.01	-33.97	-12.7	-14.28	4.277	6.426	4.074	3.563	-0.8169	0.7192	-0.1823	0.1103
186	-5.036e+06	1.863e+06	8.835e+05	-2.759e+05	3.389e+05	1.664e+04	6.293e+04	4538	2.321e+04	99.4	-264.8	-703.2	-117.9	-36.06	87.6	2.162	27	19.38	-5.704	-10.93	-7.37	-2.207	1.373	4	1.241	-1.556	-0.09463
187	-4.957e+06	2.509e+06	1.508e+06	-2.82e+05	3.503e+05	5288	5.558e+04	7369	6512	175.8	632.7	-106.1	-157.3	8.491	-13.34	-14.36	-7.939	0.3031	-4.855	1.526	-9.614	0.5257	2.379	3.992	-0.02707	-2.144	0.09486
188	-4.951e+06	2.802e+06	1.66e+06	-3.309e+05	2.664e+05	-6109	1.363e+04	1.351e+04	2864	5.865	597.9	-103.8	-61.7	29.31	-21.19	-25.62	-32.69	-9.137	-12.98	5.417	6.478	3.457	0.3373	0.3586	0.5516	-0.05664	0.086
189	-4.939e+06	2.529e+06	1.506e+06	-2.796e+05	2.689e+05	9812	-1.543e+04	3.232e+04	6259	246.1	176.7	-67.04	-91.88	137.5	35.2	8.932	-28.5	-5.467	-16.41	2.911	-0.7142	1.218	-0.2953	3.752	0.6574	-1.872	0.1364
