gi|15640032|ref|NC_002505.1|_Vibrio_cholerae_O1_biovar_El_Tor_str._N16961_chromosome_I__complete_sequence
53315 58934
79043 79336
129605 133382
140993 141593
149783 149948
150970 155881
178672 178734
186076 186169
232725 233773
246327 246550
253550 255053
259710 260385
262077 265002
277407 277808
324034 329228
332973 333681
362523 363462
381856 382861
401621 406834
524052 525013
533611 534778
542330 542413
543726 545358
546704 548783
581068 581192
589708 590152
690321 690952
756387 757113
762505 767410
853095 853674
865562 866664
875607 877861
879508 886367
888747 890306
893427 909265
910807 911329
925230 926296
935889 936728
971088 971201
973399 973639
978438 978595
979184 979357
990968 993235
1039246 1039307
1105785 1106326
1114574 1114912
1165704 1167398
1187118 1187211
1197696 1198831
1224884 1225060
1234352 1234654
1256626 1257028
1299794 1300062
1310166 1310239
1315407 1316120
1353381 1353510
1356665 1357286
1367517 1367757
1374931 1375460
1395631 1395749
1396884 1396971
1408736 1408927
1412967 1414670
1423353 1424551
1436673 1437340
1447067 1447765
1458142 1458294
1495868 1496774
1509204 1512215
1516451 1517610
1530625 1532689
1563962 1566479
1571490 1585142
1594809 1595616
1688313 1688511
1698015 1698823
1737014 1738784
1741277 1741634
1767427 1768397
1775102 1776576
1784999 1786461
1895852 1895951
1909114 1909223
1913127 1913271
1922798 1923599
1925030 1926181
1937880 1938313
1939890 1941434
1947701 1948672
1950695 1952987
1961004 1961114
1993846 1995061
2020448 2020607
2076901 2078358
2101299 2102746
2167325 2168456
2216769 2217106
2320784 2321094
2331484 2332347
2549552 2552253
2574704 2574981
2583974 2584660
2638063 2638543
2667260 2667426
2676439 2681589
2706789 2707327
2729865 2730285
2748758 2749293
2812092 2812180
2861094 2862275
2927994 2939089
gi|15600771|ref|NC_002506.1|_Vibrio_cholerae_O1_biovar_El_Tor_str._N16961_chromosome_II__complete_sequence
1 1133
20205 21245
34222 34868
40153 40389
58950 59746
61486 62141
101640 102313
114639 114978
116329 116759
138183 138563
140343 141075
161788 162629
179695 180499
184079 184235
195079 195459
203801 204582
215920 219759
236854 237496
247144 247294
266979 267418
268783 269513
272451 273007
292298 292634
298047 298096
301697 306194
310944 312310
313944 333675
334845 346614
347910 366007
366800 368046
370683 394647
395429 418411
419910 429045
431114 433683
434423 436271
458095 458225
498925 500137
506034 506136
507998 509395
514837 517155
544151 544244
551232 551971
557031 560080
563576 565961
604621 605434
611694 612625
629207 630716
671871 672145
673306 673652
675841 676141
735244 738063
799116 800185
826742 827457
829288 830506
831695 833061
862719 862840
902127 902949
914255 914378
994359 994678
