gi|77404693|ref|NC_007489.1|_Rhodobacter_sphaeroides_2.4.1_plasmid_C__complete_sequence
1 1506
74514 77846
105181 105284
gi|552530953|ref|NC_007490.2|_Rhodobacter_sphaeroides_2.4.1_plasmid_D__complete_sequence
1 3028
5452 5934
11440 11731
14989 15311
26971 27294
42086 44103
99211 100827
gi|552536492|ref|NC_007494.2|_Rhodobacter_sphaeroides_2.4.1_chromosome_2__complete_sequence
42213 42592
361523 361855
371635 373241
576152 576248
706550 708121
711545 711696
712399 712829
739070 739450
743287 743444
744328 744534
760537 760612
761434 761576
893697 894096
905571 905951
942614 943018
gi|552530711|ref|NC_007488.2|_Rhodobacter_sphaeroides_2.4.1_plasmid_B__complete_sequence
gi|552535527|ref|NC_007493.2|_Rhodobacter_sphaeroides_2.4.1_chromosome_1__complete_sequence
1 5347
147719 149254
224125 224331
226321 226478
228754 229153
248060 248244
248767 249119
252218 253787
287814 288985
306491 307661
559127 559506
601238 601556
645929 646277
650919 651258
668905 669029
672940 673179
691964 692037
883920 884176
1054757 1054966
1435195 1436803
1752668 1753336
2176195 2177731
2509287 2509493
2624534 2625091
2670133 2670212
3188120 3188524
gi|125654605|ref|NC_009007.1|_Rhodobacter_sphaeroides_2.4.1_plasmid_A__partial_sequence
1 572
64464 65625
71652 72761
80184 86108
90182 91638
94382 94485
gi|125654693|ref|NC_009008.1|_Rhodobacter_sphaeroides_2.4.1_plasmid_E__partial_sequence
6935 7082
34984 36496
