gi|15640032|ref|NC_002505.1|_Vibrio_cholerae_O1_biovar_El_Tor_str._N16961_chromosome_I__complete_sequence
53867 58931
80615 82879
89918 90210
93487 93849
117545 118049
151103 155793
167515 167574
190837 191308
195353 195849
206719 207147
222829 223344
262461 263545
323996 329334
335125 336776
362523 362790
381856 382886
401485 406940
472623 472719
478764 479036
502189 503247
762589 767508
857956 858513
927338 928156
973595 973675
1073870 1074556
1088770 1088931
1208586 1209164
1378946 1379308
1500391 1500625
1502651 1502875
1509181 1510748
1535284 1535876
1556375 1557179
1563875 1563963
1564116 1566757
1572684 1573367
1579136 1584084
1647301 1647770
1649007 1649355
1656043 1656752
1683434 1683878
1737015 1738719
1937396 1937507
1937600 1937717
1983176 1983749
2028692 2029249
2050985 2051577
2092868 2093633
2286307 2287182
2331792 2332479
2334635 2335319
2351161 2351731
2418605 2419322
2453805 2454587
2467902 2467974
2476206 2476478
2519766 2520520
2525878 2526484
2534060 2534407
2558129 2558905
2586250 2586838
2612671 2613467
2676605 2681374
2707471 2708143
2724270 2724399
2743529 2744477
2765723 2766366
2832362 2833099
2914526 2915854
2927986 2939089
