gi|15640032|ref|NC_002505.1|_Vibrio_cholerae_O1_biovar_El_Tor_str._N16961_chromosome_I__complete_sequence
53604 53807
55364 58968
89638 89824
150737 156204
167378 167719
192465 192619
269214 269333
323760 329532
334893 335049
335125 335337
361937 362936
377455 377633
381869 382851
401310 403563
406900 407141
478476 478812
481250 481510
503005 503710
531244 531394
581051 581918
762473 767980
849983 850221
881119 881180
883894 884079
935894 936691
973254 973676
1005622 1005876
1067902 1068700
1071955 1072047
1100054 1100162
1198447 1198715
1293957 1294097
1360808 1360863
1495920 1496216
1510346 1511735
1563874 1564485
1566421 1566751
1571498 1573666
1579127 1585150
1697978 1698172
1731861 1731989
1736768 1738972
1936826 1936982
1937607 1938683
2092667 2092867
2101590 2101734
2121311 2121469
2154436 2154627
2168319 2168368
2330961 2332600
2558917 2558977
2584003 2584692
2638069 2638145
2676331 2681701
2878253 2878610
2896949 2897314
2927722 2939199
2945681 2945906
