gi|15640032|ref|NC_002505.1|_Vibrio_cholerae_O1_biovar_El_Tor_str._N16961_chromosome_I__complete_sequence
53662 53807
55599 58973
150924 152790
167341 167574
262291 263545
264133 264238
323982 324327
325879 329534
381822 382895
401435 403563
407034 407140
478451 478712
501883 502030
581398 581804
762460 764506
884024 884105
973342 973723
1067926 1068297
1510346 1511489
1563875 1564117
1571449 1573282
1578274 1583123
1737353 1737747
1738385 1738773
1936777 1937020
1937558 1938719
2168296 2168372
2331636 2332140
2679608 2681713
2927807 2927928
2933099 2939146
