gi|15640032|ref|NC_002505.1|_Vibrio_cholerae_O1_biovar_El_Tor_str._N16961_chromosome_I__complete_sequence
53660 53958
55409 58975
150922 156117
222773 222822
262291 262364
269170 269333
323810 329536
362022 362839
381820 382897
401433 403563
406740 407142
478643 478762
481243 481496
502760 503010
581293 581628
762545 767829
849986 850035
863597 863650
973216 973725
1083468 1083519
1267736 1267806
1293989 1294257
1360786 1360933
1493934 1494003
1509488 1510297
1564125 1564768
1566415 1566845
1571447 1573717
1579144 1585201
1630242 1630321
1736718 1739020
1937556 1938721
2331432 2331587
2332088 2332687
2584003 2584329
2676284 2681629
2927805 2939182
2945805 2945906
