gi|15640032|ref|NC_002505.1|_Vibrio_cholerae_O1_biovar_El_Tor_str._N16961_chromosome_I__complete_sequence
53584 54003
55364 58961
150936 156235
167353 167736
323824 329456
334880 335337
361921 362929
381834 382883
401447 403563
406900 407062
478463 478816
481359 481511
581030 581928
762472 767991
879783 879860
880464 880578
881124 881433
888385 888489
900224 900748
904558 904974
907365 907553
911020 911156
935859 936297
973230 973711
1083530 1083625
1198654 1198827
1294051 1294243
1510856 1511015
1563875 1564485
1566485 1566845
1571461 1573703
1579129 1585187
1736732 1739006
1785375 1785598
1909127 1909230
1913155 1913219
1937570 1938707
1948094 1948174
1951728 1951842
1960952 1961087
1994067 1994160
2168375 2168463
2330967 2332625
2551469 2552241
2676298 2681701
2927819 2939220
