gi|15640032|ref|NC_002505.1|_Vibrio_cholerae_O1_biovar_El_Tor_str._N16961_chromosome_I__complete_sequence
53905 58787
151018 152503
152645 155950
262534 263545
324030 329334
335604 336252
381988 382605
401800 406884
762692 767661
911024 912346
1198540 1198754
1564136 1565648
1565924 1566366
1566551 1566695
1566944 1571402
1572840 1573377
1573467 1573540
1579649 1582231
1583377 1584158
1736873 1738879
1937824 1938310
1951746 1951820
2613919 2617292
2667269 2667389
2676473 2681506
2927944 2933247
2933943 2938919
