gi|15640032|ref|NC_002505.1|_Vibrio_cholerae_O1_biovar_El_Tor_str._N16961_chromosome_I__complete_sequence
53607 58938
150974 156212
167378 167709
260577 260630
262291 263545
323858 329432
335425 336426
401474 403208
406989 407039
501803 503017
581285 581486
762583 764505
973263 973728
1564070 1564122
1566551 1566695
1571485 1573375
1579130 1584390
1736759 1738982
2332203 2332601
2676328 2681592
2931268 2931399
gi|15600771|ref|NC_002506.1|_Vibrio_cholerae_O1_biovar_El_Tor_str._N16961_chromosome_II__complete_sequence
19739 20409
272598 272917
292775 292833
310936 312310
322629 322687
325868 327325
328915 328969
329780 330806
331484 331539
335998 336062
338918 339402
342874 343137
360466 360521
370683 394647
398440 399175
401406 402394
428161 428751
507976 508043
