gi|77404693|ref|NC_007489.1|_Rhodobacter_sphaeroides_2.4.1_plasmid_C__complete_sequence
1 2641
7644 8252
9012 9083
9812 10098
10678 12124
12782 13036
14660 15099
17105 17322
19309 19762
21078 22582
25365 26267
28194 28628
31894 32242
37533 38141
39840 40230
40916 41462
48018 48905
49894 50639
51810 51866
63472 64525
65130 65767
66787 67171
68051 69543
70925 71493
72625 73065
74743 77782
78355 79666
81940 82165
86628 86732
87384 88130
91907 92364
95268 95488
96965 97170
97733 97820
98874 99767
100612 101949
103085 103860
104747 105284
gi|552530953|ref|NC_007490.2|_Rhodobacter_sphaeroides_2.4.1_plasmid_D__complete_sequence
1 310
1560 5389
6051 6443
7970 8049
11386 12404
13185 13372
14583 15218
15903 16103
17044 17421
19703 21328
21830 22709
23468 23710
24282 24490
26751 27206
27772 29729
30714 31268
32269 32559
34308 34462
35159 36781
37339 39491
42122 42386
45643 47137
62252 63205
65127 65605
69955 70236
85154 85219
93883 94278
gi|552536492|ref|NC_007494.2|_Rhodobacter_sphaeroides_2.4.1_chromosome_2__complete_sequence
1 5254
39602 39678
40661 40796
42302 42507
371730 373146
706640 708468
711135 711577
749002 749230
751343 751613
752199 752473
758564 760101
761446 761709
850088 850206
876099 876650
877480 878048
880307 880402
888404 888472
889956 890032
891797 893521
gi|552530711|ref|NC_007488.2|_Rhodobacter_sphaeroides_2.4.1_plasmid_B__complete_sequence
1 1473
2632 3033
13638 13853
21138 21495
24097 24873
30842 31891
35125 35478
48019 48672
49916 50132
56851 56933
61829 62373
68339 68558
84846 84950
90196 90542
100497 100694
102295 102358
103557 103854
109528 109606
110838 111421
gi|552535527|ref|NC_007493.2|_Rhodobacter_sphaeroides_2.4.1_chromosome_1__complete_sequence
1 5260
81421 81476
147816 147893
148574 148857
175149 175406
218816 219369
220562 220774
222641 223132
224131 224623
228228 229231
252765 253695
287674 287763
288755 288859
306576 307511
559268 559405
601497 601569
638678 638743
640986 641551
648650 649549
650883 650934
651543 652049
667783 668095
672094 672312
691796 692053
1057026 1057075
1376121 1376212
1533761 1533818
1689805 1690036
1698919 1699524
1941556 1941765
2176292 2176783
2351997 2352198
2715397 2715597
3004888 3005040
3188216 3188524
gi|125654605|ref|NC_009007.1|_Rhodobacter_sphaeroides_2.4.1_plasmid_A__partial_sequence
1 277
2524 2871
4962 5588
6119 7615
8361 9234
9971 10912
11812 13235
13911 14247
14849 15716
17766 18286
19491 19691
20825 21008
25643 25935
26881 27135
29858 30715
31694 32701
33537 34561
37396 38455
38959 41109
41772 42683
44032 44464
46391 47828
49524 49675
50385 50900
51610 52501
53117 54914
57101 58029
58694 59840
64464 65821
68020 68428
68971 69124
69748 70200
71727 72761
81213 81369
83112 83166
83762 83870
85531 85604
88425 88510
90219 92086
92827 92962
93496 93580
94793 94959
95691 97334
97915 99765
100537 100714
101382 101496
104552 105043
106566 108214
109037 109528
113703 114045
gi|125654693|ref|NC_009008.1|_Rhodobacter_sphaeroides_2.4.1_plasmid_E__partial_sequence
634 1393
1917 1983
2503 3348
4863 5305
9782 10887
13299 13865
14412 14907
15589 15937
16688 16885
18846 20802
21863 21925
26302 27048
29512 29564
33356 33406
35052 35301
