gi|77404693|ref|NC_007489.1|_Rhodobacter_sphaeroides_2.4.1_plasmid_C__complete_sequence
9559 9832
13869 13963
15800 15920
24734 24857
27550 28098
42317 42416
44937 45034
88801 88859
101303 101406
gi|552530953|ref|NC_007490.2|_Rhodobacter_sphaeroides_2.4.1_plasmid_D__complete_sequence
1113 1425
3340 3484
7817 7959
11569 12062
22054 22669
31192 31455
32133 32216
39589 40080
40757 43109
65570 65649
gi|552536492|ref|NC_007494.2|_Rhodobacter_sphaeroides_2.4.1_chromosome_2__complete_sequence
1 5067
224006 224195
252261 252651
270912 271004
335315 335529
337722 338229
361514 362047
486065 486116
500124 500294
511921 512168
565431 565755
574809 575151
575937 576709
761433 761746
839842 839924
850092 850391
gi|552530711|ref|NC_007488.2|_Rhodobacter_sphaeroides_2.4.1_plasmid_B__complete_sequence
1 1411
9612 9739
14823 14997
21319 21430
33813 34408
57426 57578
64719 64865
75031 75112
76971 77029
95603 95774
97145 97234
100030 100116
gi|552535527|ref|NC_007493.2|_Rhodobacter_sphaeroides_2.4.1_chromosome_1__complete_sequence
1 5142
81404 81887
97336 97446
148707 149161
222738 224098
228766 228934
242198 242561
252840 253625
306867 307024
402582 402694
405448 405507
426944 427506
431540 431869
436064 436374
458565 458614
537644 537828
577722 577786
601233 601579
608730 608795
645810 646877
691934 692036
716055 716484
725160 725821
748514 748737
770834 770963
850048 850285
859986 860410
883765 884213
1054736 1054966
1056850 1057016
1129778 1129851
1376133 1376306
1435350 1436632
1583497 1583892
1613106 1613276
1618889 1618993
1741795 1742193
1752652 1753343
1762412 1762476
1782995 1783093
1817799 1818270
1828808 1829023
1866736 1866838
1950886 1951087
1998989 1999486
2176312 2177030
2251909 2252188
2282197 2282328
2312358 2312605
2329070 2329163
2339517 2339584
2419659 2419763
2457348 2457714
2472295 2472411
2486804 2486860
2522132 2522295
2532464 2532536
2552761 2552853
2565606 2565704
2593018 2593365
2624523 2625125
2670116 2670247
2682658 2682780
2742925 2742987
2860253 2860336
2935703 2935762
3180767 3180858
3188276 3188524
gi|125654605|ref|NC_009007.1|_Rhodobacter_sphaeroides_2.4.1_plasmid_A__partial_sequence
1 601
2311 2627
6313 6367
11868 11954
15761 15995
19948 20307
34894 35068
39095 39147
42335 42975
45390 45641
64464 65017
71639 72538
90183 91479
94384 94757
97870 98050
107124 107727
gi|125654693|ref|NC_009008.1|_Rhodobacter_sphaeroides_2.4.1_plasmid_E__partial_sequence
19432 19530
