gi|15640032|ref|NC_002505.1|_Vibrio_cholerae_O1_biovar_El_Tor_str._N16961_chromosome_I__complete_sequence
53979 55140
55891 57757
58285 58790
151075 155738
262291 263545
381959 382375
401766 407009
762843 767653
880447 880577
893521 893572
900659 900716
1198714 1198786
1571918 1573568
1574624 1574675
1579136 1582951
1737228 1737702
1738781 1738847
1785382 1785540
1913143 1913199
1937747 1938587
1951729 1951842
2168381 2168456
2551691 2552241
2667273 2667405
2676460 2681221
2927944 2930978
2931670 2932598
2933904 2936574
2937662 2939011
gi|15600771|ref|NC_002506.1|_Vibrio_cholerae_O1_biovar_El_Tor_str._N16961_chromosome_II__complete_sequence
1 1117
114666 114894
216953 217020
219775 220197
302356 302566
303935 304045
310944 312310
331025 331229
334955 335019
335643 335812
339148 339255
340094 340238
343415 343487
356563 358195
370683 394647
395487 396209
404183 404271
413320 413709
417117 417441
421881 422556
433509 433566
435624 436416
516498 517157
563923 565060
630184 630584
735843 736785
829855 829909
