gi|15640032|ref|NC_002505.1|_Vibrio_cholerae_O1_biovar_El_Tor_str._N16961_chromosome_I__complete_sequence
1 134040
134814 151538
152128 168107
168962 175131
176368 253190
253977 254503
257377 262093
262291 263545
264965 281468
282101 324974
325868 363395
365392 515804
516700 524067
525055 541408
543931 547855
549121 623498
625414 657149
660793 706966
708910 850903
853508 858566
860528 872713
876056 878894
879646 881092
881638 884614
886284 888499
889932 893572
896047 898835
900187 900890
901700 906017
907042 912919
915368 990265
991124 991415
992347 992617
993559 1031674
1034005 1059566
1063398 1114567
1116279 1224604
1225185 1274291
1277167 1310849
1312066 1316118
1317010 1356838
1357894 1413063
1414031 1416420
1421122 1441405
1442438 1495935
1498144 1516456
1517337 1672520
1673648 1688454
1689752 1713202
1715154 1749779
1751686 1766809
1767967 1768162
1769623 1775124
1776370 1899738
1904678 1915191
1917547 1921069
1923628 1932721
1933286 1951828
1952570 1959761
1961371 1991772
1992892 2101114
2102282 2117402
2120858 2143566
2146096 2190292
2195103 2216044
2218895 2232486
2236454 2302089
2303741 2653504
2656538 2690851
2692821 2812110
2813423 2863496
2868281 2961149
gi|15600771|ref|NC_002506.1|_Vibrio_cholerae_O1_biovar_El_Tor_str._N16961_chromosome_II__complete_sequence
1789 29153
32991 87248
91256 139511
140787 216085
216952 269668
272473 303478
304555 344758
345659 347601
348594 348947
350883 353764
354525 400694
402479 403783
404324 405370
406054 409117
410384 426328
427989 484298
489453 490825
492742 496749
499110 514837
515697 516212
517130 563353
563984 565312
566088 568309
569815 591718
594940 669687
671228 674623
677559 719091
721229 762367
765888 827356
829499 832059
832595 854515
857097 986350
986967 1070277
