gi|15640032|ref|NC_002505.1|_Vibrio_cholerae_O1_biovar_El_Tor_str._N16961_chromosome_I__complete_sequence
2194 6783
8559 11116
19126 19341
25669 25795
45421 45701
47544 50501
52340 52656
53961 58785
101018 101564
111534 112093
116669 118216
128168 132927
137784 138705
139206 139502
143279 144436
151075 155178
157750 158528
159286 160011
162111 163013
168910 172987
198429 199223
262097 263545
284088 284856
287094 287427
288641 288890
322462 323265
324070 329319
335654 336412
342464 342818
362856 362924
382007 382601
395713 396102
398158 398501
401834 407043
444205 444328
464040 464724
471438 472219
513125 513750
514992 515746
517275 517844
537052 538079
543938 544510
551522 551648
717531 717708
762588 767964
876779 876985
881031 881092
883480 884105
900187 900294
900797 900890
902069 902502
904588 904881
910940 911002
992347 992617
1198605 1198715
1505608 1505942
1509919 1511480
1563304 1565510
1565924 1566366
1566534 1566695
1568739 1573660
1574532 1576552
1579136 1584390
1698051 1698324
1737085 1738864
1785424 1785654
1925130 1925244
1937454 1938596
1950751 1951155
1951729 1951828
1993892 1994105
2098149 2098555
2168334 2168476
2332210 2332600
2550343 2550526
2555512 2555759
2559881 2561046
2650788 2652273
2666327 2667451
2670887 2671271
2677220 2681295
2684553 2685621
2687862 2689840
2809571 2809835
2815855 2816278
2819892 2819950
2905724 2905858
2912648 2914053
2915178 2917532
2919534 2920266
2928028 2933233
2933855 2938890
2948517 2948757
2949927 2951576
2952491 2954620
2955735 2960564
gi|15600771|ref|NC_002506.1|_Vibrio_cholerae_O1_biovar_El_Tor_str._N16961_chromosome_II__complete_sequence
101737 102285
116399 116651
140851 140993
216952 217268
219869 219992
236905 237456
267212 267361
292309 292432
301882 302547
310944 312310
313928 314504
319685 319816
321711 321863
322730 322902
325694 327779
328951 329196
330004 331064
333590 333642
335643 336545
338960 339145
340144 340959
342702 344514
345659 345736
356680 358266
360601 360776
370683 394647
395855 396162
412469 413747
414483 414732
416553 417554
428227 428848
433085 433650
435601 436408
507998 508189
515697 516073
563984 565312
630184 630708
735960 736854
826825 827356
902243 902369
