dataset_678
9418 10853
11422 14289
29191 33983
82530 87102
145475 150304
168332 168739
278570 279013
279649 285073
300630 305347
313773 318554
322938 328035
330808 335473
604912 610283
627105 627242
818192 824241
980415 980542
981173 981277
990854 991663
1108155 1108539
1109133 1109648
1146481 1147079
1156807 1157059
1210532 1211679
1213017 1213074
1286609 1286770
1287534 1287756
1368405 1369635
2308994 2309153
2367503 2367582
2733520 2734599
2817926 2818403
2949132 2949555
2993904 2994006
2994877 2994949
2995455 2995621
3205926 3205987
3233851 3235146
3489303 3489662
3710634 3710782
3881939 3881991
4190370 4190934
4347100 4347867
4464386 4465186
4496527 4496583
4503114 4503247
4547951 4548341
4586362 4586417
4649882 4650078
4650405 4655612
4735270 4735412
4755108 4755683
5009518 5009925
5141222 5142388
