gi|77404693|ref|NC_007489.1|_Rhodobacter_sphaeroides_2.4.1_plasmid_C__complete_sequence
1 105284
gi|552530953|ref|NC_007490.2|_Rhodobacter_sphaeroides_2.4.1_plasmid_D__complete_sequence
1 100827
gi|552536492|ref|NC_007494.2|_Rhodobacter_sphaeroides_2.4.1_chromosome_2__complete_sequence
1 5021
34144 38693
68433 69012
243767 243823
360043 361875
372218 372930
396986 411195
469749 486095
576084 576273
705590 712868
738583 745629
759446 761398
gi|552530711|ref|NC_007488.2|_Rhodobacter_sphaeroides_2.4.1_plasmid_B__complete_sequence
1 114179
gi|552535527|ref|NC_007493.2|_Rhodobacter_sphaeroides_2.4.1_chromosome_1__complete_sequence
1 4733
147896 148902
149080 149169
175389 175441
190269 198630
224439 235969
253235 253318
288093 288315
306687 307377
397523 398443
427037 427092
537806 540722
594115 601579
608699 611504
633589 648315
660676 667920
850032 850083
882430 884163
1054947 1057016
1154185 1163602
1314763 1322838
1435899 1436583
1610188 1613298
1752667 1753338
1789436 1792269
1866267 1868219
2176484 2177663
2292747 2295830
2457323 2457561
2520893 2522205
2565836 2571684
2654376 2659165
2670088 2670212
2721919 2721979
2769497 2774290
2927742 2929394
2976687 2978518
3079224 3091749
gi|125654605|ref|NC_009007.1|_Rhodobacter_sphaeroides_2.4.1_plasmid_A__partial_sequence
1 114045
gi|125654693|ref|NC_009008.1|_Rhodobacter_sphaeroides_2.4.1_plasmid_E__partial_sequence
1 37100
