gi|77404693|ref|NC_007489.1|_Rhodobacter_sphaeroides_2.4.1_plasmid_C__complete_sequence
1 105284
gi|552530953|ref|NC_007490.2|_Rhodobacter_sphaeroides_2.4.1_plasmid_D__complete_sequence
1 100827
gi|552536492|ref|NC_007494.2|_Rhodobacter_sphaeroides_2.4.1_chromosome_2__complete_sequence
1 5044
33599 38822
105642 105749
136314 136563
138364 138725
160029 160421
165949 166600
173406 173683
176558 177032
180600 180714
209651 209930
224002 224188
237272 237791
243363 244006
252223 253030
270913 271081
281299 281548
296121 296353
335316 335644
337722 337891
339504 339720
359726 360080
361520 361875
371856 373051
409933 409989
455520 455639
500058 500320
511977 512187
574809 575151
575905 576710
595940 596562
640371 640591
647701 647946
704282 704411
706722 707978
712397 712950
739213 739326
744494 745671
760428 760604
761434 761723
827142 827309
838307 838418
839839 839940
850086 850400
893756 893943
905664 905824
907418 907472
933697 933950
942783 943018
gi|552530711|ref|NC_007488.2|_Rhodobacter_sphaeroides_2.4.1_plasmid_B__complete_sequence
1 114179
gi|552535527|ref|NC_007493.2|_Rhodobacter_sphaeroides_2.4.1_chromosome_1__complete_sequence
1 5159
48266 48540
81432 81914
89714 90055
97249 97433
147903 148779
175136 175414
228745 229204
241655 242181
246558 246635
247863 248130
248671 248998
252796 253647
273611 273689
279198 279323
286281 286439
306687 307731
415054 415110
426909 427299
431528 431862
434886 435202
436077 436372
457286 457470
458584 458952
537530 537817
574755 574857
601223 601593
608705 608797
645992 646303
651089 651453
667756 668085
691891 692045
747869 748737
755912 756040
761326 761401
770790 771184
847150 847373
850032 850285
859975 860410
861403 861484
883824 884215
1035977 1036363
1054722 1055002
1056841 1057288
1107608 1107691
1131376 1131550
1161475 1161666
1163598 1163764
1229489 1230385
1234672 1235170
1251132 1251261
1262811 1262863
1365486 1365573
1376174 1376310
1405975 1406298
1435350 1436585
1453638 1453765
1490416 1490803
1494207 1494579
1537779 1537842
1550602 1550725
1583544 1583924
1586372 1586760
1613059 1613298
1618893 1618962
1621518 1621803
1656627 1656823
1671873 1671925
1741663 1741944
1752600 1753350
1762396 1762465
1764519 1764837
1765762 1766051
1790300 1790603
1817969 1818447
1827331 1828111
1828808 1829011
1866736 1866829
1913786 1913972
1943462 1943613
1957013 1957478
1998998 1999433
2033787 2033946
2037082 2037440
2048619 2048711
2057635 2057695
2176373 2177324
2251659 2252185
2279586 2279829
2280391 2280564
2282157 2282325
2298141 2298651
2312325 2312540
2324007 2324092
2327644 2327776
2329133 2329197
2419569 2419892
2457317 2457628
2472260 2472322
2509252 2509522
2510383 2510574
2522122 2522293
2532244 2532588
2565625 2565706
2586943 2587277
2593037 2593373
2594434 2594934
2597015 2597126
2623966 2625155
2670075 2670272
2682645 2682776
2759687 2759855
2774171 2774284
2808867 2809285
2861550 2861942
2863753 2864290
2949935 2950031
2976522 2976705
3180753 3180905
3188297 3188524
gi|125654605|ref|NC_009007.1|_Rhodobacter_sphaeroides_2.4.1_plasmid_A__partial_sequence
1 114045
gi|125654693|ref|NC_009008.1|_Rhodobacter_sphaeroides_2.4.1_plasmid_E__partial_sequence
1 37100
