gi|375356399|ref|NC_016776.1|_Bacteroides_fragilis_638R__complete_genome
48617 49896
79889 81012
109033 112288
113319 113570
116397 117384
163657 168601
213501 273107
341990 346122
379289 381455
386515 391400
406846 409404
461766 461856
466917 469466
483467 483688
487825 501792
555802 558698
683512 690387
716021 716447
795490 803236
805958 813962
830969 831658
891373 894045
931743 933977
941325 942959
946694 971784
972046 973729
982480 983335
1119351 1119458
1120032 1121101
1132899 1138256
1140747 1141133
1160510 1161682
1212497 1213873
1315016 1336438
1362132 1365357
1381369 1408021
1462003 1486267
1604383 1649828
1695280 1695472
1696623 1718535
1719641 1720319
1731184 1731572
1793678 1793765
1801006 1801384
1805667 1825883
1827444 1827530
1839013 1839215
1844519 1846018
1878709 1878787
1922926 1926730
1941424 1942815
1971494 1971659
2015233 2015298
2015743 2021178
2059507 2078679
2084965 2102348
2104801 2146426
2203076 2203256
2204322 2205524
2211075 2219660
2225873 2226674
2241385 2244228
2275313 2275575
2290088 2294311
2327159 2359791
2361873 2365029
2367793 2367861
2369692 2436861
2440524 2471133
2490495 2491136
2560090 2570034
2574996 2575092
2602309 2606281
2652905 2655873
2719622 2724949
2845295 2845861
2874099 2874737
2925123 2925263
2933303 2934357
2940184 2940958
2963913 2968251
2969345 2972264
2992415 2992732
2997034 2997158
3008816 3017589
3041483 3041569
3041904 3055987
3057173 3057340
3128179 3139475
3183573 3185092
3240913 3244493
3284083 3284179
3287897 3303418
3372116 3372261
3381515 3381832
3395242 3397334
3483731 3486597
3527060 3527535
3572404 3588445
3628035 3628167
3755837 3756506
3836149 3836434
3847598 3848778
3856733 3857907
3859575 3859713
3899514 3905608
3918355 3922357
4073270 4075482
4079476 4083511
4112183 4124137
4129801 4131162
4134793 4136590
4154261 4154417
4231256 4232939
4289862 4322484
4322743 4329074
4352768 4353276
4414943 4440207
4441517 4442034
4490266 4493993
4495351 4496026
4496252 4496721
4515429 4519434
4542545 4543592
4573042 4573289
4591371 4600721
4601687 4617276
4618356 4621128
4645911 4651887
4697661 4697718
4704841 4711339
4711484 4721055
4800154 4813213
4815757 4857784
4883355 4894478
4917761 4939618
4952884 4953002
4955623 4957137
4984136 4984362
5045021 5047838
5049108 5051764
5054507 5055598
5057028 5061955
5084232 5100452
5103928 5106161
5110277 5116638
5132709 5133134
5174345 5250873
5261571 5263839
5268799 5270218
5287950 5289464
5290365 5290440
5291025 5293630
5305195 5305319
5306656 5307919
5338796 5340637
