gi|77404693|ref|NC_007489.1|_Rhodobacter_sphaeroides_2.4.1_plasmid_C__complete_sequence
1 1484
69203 69317
74544 75693
77575 78099
78626 79165
105211 105284
gi|552530953|ref|NC_007490.2|_Rhodobacter_sphaeroides_2.4.1_plasmid_D__complete_sequence
1 2998
5472 6430
8658 8744
11470 11906
15019 15283
27002 27266
32737 32898
39452 39753
40387 44073
47563 49953
64308 65684
84862 84921
86674 86991
98540 99210
100127 100827
gi|552536492|ref|NC_007494.2|_Rhodobacter_sphaeroides_2.4.1_chromosome_2__complete_sequence
1 5321
42754 42806
44184 44289
133046 133105
152469 152518
165772 165957
183799 183911
235402 235478
243767 243917
251703 252639
337622 337737
361536 361855
397191 397293
469716 469856
535930 535979
565545 566398
575945 577930
595897 596002
640530 640654
705161 705393
706580 708801
711510 711924
712734 713402
730057 730172
733245 733339
738057 739439
740482 741032
742887 743224
744337 746037
759169 759326
760257 760804
761434 761912
781572 782402
849862 850383
888253 890083
893588 894066
897208 897416
904290 906383
942644 943018
gi|552530711|ref|NC_007488.2|_Rhodobacter_sphaeroides_2.4.1_plasmid_B__complete_sequence
1 1539
7204 7322
104778 104857
gi|552535527|ref|NC_007493.2|_Rhodobacter_sphaeroides_2.4.1_chromosome_1__complete_sequence
1 5319
81049 82710
100807 100857
148057 149314
175389 175533
222493 223748
227162 227787
229151 229436
231581 232464
238481 239384
240679 241089
242537 242627
247635 249154
251539 252479
279154 279276
287843 288954
426878 427049
431527 431781
435930 436709
457211 457591
601238 601541
624658 625124
645390 647057
649095 650239
650810 651687
653881 654628
656113 656366
657060 657158
657861 658294
667541 668318
672940 673185
691734 692207
849818 850265
883547 884432
904404 904495
1021463 1021994
1054757 1054962
1056966 1057235
1129672 1130234
1131251 1131390
1163605 1163914
1199735 1199969
1201319 1201409
1287545 1287766
1435224 1436773
1489424 1490137
1494112 1494254
1503000 1503051
1550538 1550596
1583176 1584171
1586679 1586765
1612816 1613262
1621395 1621856
1669159 1669675
1678890 1679022
1728451 1728564
1743177 1743246
1752566 1753333
1764294 1765004
1804664 1805041
1858387 1858909
1932369 1932424
1998630 1999859
2109850 2109965
2142784 2143093
2166771 2166821
2250130 2250295
2256048 2256284
2279516 2280384
2282079 2282324
2311469 2311639
2324210 2325406
2328993 2329206
2457348 2457630
2472149 2472529
2522181 2522726
2531692 2533175
2580835 2580889
2624564 2625865
2646844 2646894
2670139 2670210
2703108 2703395
2715403 2715456
2759746 2759858
2856980 2857127
2863730 2863790
2935504 2935866
2953424 2953552
3021422 3021479
3138227 3138301
3188150 3188524
gi|125654605|ref|NC_009007.1|_Rhodobacter_sphaeroides_2.4.1_plasmid_A__partial_sequence
1 298
2528 2621
21173 21789
22294 25142
27228 28676
45204 45318
64464 65686
70594 72925
75585 75651
78165 78584
80914 81415
82978 84607
85645 86618
87258 87387
88336 91608
94412 94484
gi|125654693|ref|NC_009008.1|_Rhodobacter_sphaeroides_2.4.1_plasmid_E__partial_sequence
1971 4359
6195 7052
32729 33046
34766 36496
