gi|15640032|ref|NC_002505.1|_Vibrio_cholerae_O1_biovar_El_Tor_str._N16961_chromosome_I__complete_sequence
53586 54003
55364 58959
150938 156233
167355 167734
262291 262364
264167 264280
323826 329454
334882 335337
361923 362927
381836 382881
401449 403563
406722 407260
478465 478814
502776 502940
581032 581926
762474 767989
879785 879858
880464 880578
881124 881433
888385 888489
900224 900748
904558 904974
907365 907553
911020 911156
935861 936295
973232 973709
1083532 1083623
1198654 1198827
1294053 1294241
1509565 1510281
1511080 1511736
1563875 1564768
1566487 1566845
1571463 1573701
1579129 1585185
1698133 1698265
1736734 1739004
1785375 1785598
1909127 1909230
1913155 1913219
1937572 1938705
1948094 1948174
1951728 1951842
1960952 1961087
1994063 1994158
2168375 2168463
2330969 2332623
2551469 2552241
2667250 2667405
2676300 2681699
2927821 2939218
gi|15600771|ref|NC_002506.1|_Vibrio_cholerae_O1_biovar_El_Tor_str._N16961_chromosome_II__complete_sequence
1 1173
19714 20430
21229 21885
114836 114886
140905 141087
216913 217036
219823 220319
236896 237059
272634 273383
292263 292759
303532 303959
310944 312310
313776 314645
317419 317981
323951 324385
325146 325803
326820 327346
328915 329220
329757 331884
334893 336064
338060 338198
338896 340469
341038 341825
342649 343202
343920 344485
345450 345864
348194 349516
356456 358677
360296 361001
361642 362057
363260 364292
365371 366081
370593 396268
398069 399186
401309 402415
404141 404234
407260 407547
411748 414780
416519 418432
419343 419822
421674 422703
427931 429110
431886 432420
432955 433708
434363 436579
507998 508065
516470 517168
559245 559409
563923 565496
630184 630483
699625 699684
735826 736958
829781 829939
