gi|15640032|ref|NC_002505.1|_Vibrio_cholerae_O1_biovar_El_Tor_str._N16961_chromosome_I__complete_sequence
53660 53958
55409 58975
150922 156117
222773 222822
262291 262364
269170 269333
323810 329536
362022 362839
381820 382897
401433 403563
406740 407142
478643 478762
481243 481496
502760 503010
581293 581628
762545 767829
849986 850035
863597 863650
935845 936372
973216 973725
1083468 1083519
1267736 1267806
1293989 1294257
1360786 1360933
1493934 1494003
1509488 1510297
1564125 1564768
1566415 1566845
1571447 1573717
1579144 1585201
1630242 1630321
1736718 1739020
1936775 1936970
1937556 1938721
2331432 2331587
2332088 2332687
2584003 2584329
2676284 2681629
2927805 2939182
2945805 2945906
gi|15600771|ref|NC_002506.1|_Vibrio_cholerae_O1_biovar_El_Tor_str._N16961_chromosome_II__complete_sequence
19637 20446
21213 21367
157490 157587
186123 186442
195040 195429
272618 273399
292247 292775
298047 298100
310944 312310
313760 314661
315934 316001
317416 318524
322592 322641
323401 323971
325209 325823
326804 327360
328755 329011
329741 331578
334908 334966
335503 336064
337590 337995
338983 340469
342653 343202
343904 344526
345396 345881
350286 350363
356684 358389
359922 361029
361541 362075
363391 363506
365328 366097
366724 366802
368036 368693
370683 394647
395327 396284
398053 399202
401293 401870
402372 402494
406307 406389
410648 411277
412266 414255
416503 417603
418113 418448
419234 419659
421765 422719
428053 429106
431864 432438
432939 433726
434461 436595
507998 508129
559229 559479
735810 736974
