gi|375356399|ref|NC_016776.1|_Bacteroides_fragilis_638R__complete_genome
48617 49896
80342 80897
109033 112288
113319 113570
163657 168601
213501 273107
341990 346122
379289 381455
386515 391400
406846 409404
461766 461856
466917 469361
483467 483688
487825 501792
555802 558698
683512 690387
716021 716447
795490 803236
805958 813962
830969 831658
891373 894045
931743 933977
941325 942959
946694 971784
972046 973729
982480 983335
1132899 1138256
1160510 1161682
1212497 1213873
1315016 1336438
1362132 1365357
1381353 1408021
1462003 1486267
1604383 1649828
1696623 1718535
1731184 1731572
1793678 1793765
1801006 1801384
1805667 1825883
1839013 1839215
1844519 1846018
1878709 1878787
1922926 1926730
1941424 1942815
1971494 1971659
2015685 2020833
2059507 2078679
2084965 2102348
2104801 2146426
2203076 2203256
2204322 2205524
2211075 2219660
2225873 2226674
2241385 2244228
2275318 2275435
2290088 2294311
2327159 2359791
2361873 2365029
2367793 2367861
2369692 2436861
2440524 2471133
2490495 2491136
2560090 2570034
2602309 2606281
2652905 2655873
2719622 2724949
2845295 2845861
2874099 2874737
2925123 2925263
2933303 2934357
2940184 2940958
2968587 2972264
2992521 2992639
2997034 2997158
3008816 3017589
3041904 3055987
3128179 3139475
3183573 3185092
3239787 3244445
3284083 3284179
3287897 3303418
3372116 3372261
3395242 3397334
3483731 3486597
3527060 3527535
3572404 3588445
3628035 3628167
3755837 3756506
3847598 3848778
3856733 3857907
3859575 3859713
3899612 3905007
3918355 3922357
4073270 4075482
4079476 4083511
4112183 4124137
4129801 4131162
4134793 4136590
4154261 4154417
4231256 4232939
4289862 4322484
4322743 4329074
4352768 4353276
4414943 4440207
4441517 4441638
4496237 4496721
4515429 4519434
4542545 4543592
4591371 4600721
4601687 4621128
4646040 4651535
4697661 4697718
4705127 4711216
4711484 4721055
4800154 4813213
4815757 4857784
4883355 4894478
4917761 4939618
4955740 4957137
4984136 4984362
5045021 5047838
5049108 5051764
5054507 5055598
5057028 5061955
5084232 5100452
5103928 5106161
5110277 5116638
5174345 5250873
5261571 5263839
5268799 5270218
5288002 5293482
5306656 5307663
5338796 5340637
