gi|375356399|ref|NC_016776.1|_Bacteroides_fragilis_638R__complete_genome
48617 49896
80116 80996
105362 105842
109033 112288
113319 113570
163657 168601
199175 199373
213501 273107
321240 321445
341990 346122
379289 381455
386515 391400
406846 409404
453923 454115
461766 461856
466917 469466
471187 471264
483467 483688
487825 501792
555802 558698
683512 690387
714035 715026
716021 716447
724856 725341
795490 803236
805958 813962
828243 828888
830969 831658
891373 894045
931743 933977
941325 942959
946694 971784
972046 973729
982480 983335
1120405 1121425
1126838 1127276
1132899 1138256
1140058 1140894
1160510 1161682
1212497 1213873
1245442 1245885
1315016 1336438
1362132 1365357
1381369 1408021
1455157 1455446
1462003 1486267
1604383 1649828
1696623 1718535
1731184 1731572
1759284 1759415
1793678 1793765
1801006 1801384
1802197 1802811
1805667 1825883
1839013 1839215
1844519 1846018
1868191 1868524
1878709 1878787
1922926 1926730
1941424 1942815
1971494 1971659
1984601 1984786
2015652 2020833
2059507 2078679
2084965 2102348
2104801 2146426
2204322 2205524
2211075 2219660
2225873 2226674
2241385 2244228
2290088 2294311
2312910 2313365
2327159 2359791
2361873 2365029
2367793 2367861
2369692 2436861
2440524 2471133
2490490 2491133
2560090 2570034
2602309 2606281
2645044 2645790
2652905 2655873
2665674 2666474
2668196 2668691
2670633 2671338
2699471 2700147
2719622 2724949
2845295 2845861
2874099 2874737
2914614 2915238
2925123 2925263
2933303 2934357
2940184 2940958
2965307 2982676
2997034 2997158
3008816 3017589
3041904 3055987
3128179 3139475
3183573 3185092
3239581 3244472
3284083 3284179
3287897 3303418
3372116 3372261
3395242 3397334
3483731 3486597
3527060 3527535
3572404 3588445
3628035 3628167
3755837 3756506
3774749 3775358
3779183 3779830
3847598 3848778
3856733 3857907
3859575 3859713
3900009 3904984
3918355 3922357
4031529 4032102
4036787 4037318
4073203 4075482
4079476 4083511
4112183 4124137
4129801 4131162
4134793 4136590
4154261 4154417
4231256 4232939
4289862 4322484
4322743 4329074
4352768 4353276
4399109 4399871
4414943 4440207
4441517 4441632
4441733 4442961
4472935 4473067
4490554 4496721
4515429 4519434
4542545 4543592
4591371 4600721
4601687 4621128
4646040 4651710
4697661 4697718
4704841 4711326
4711484 4721055
4800154 4813213
4814486 4857784
4879735 4880252
4883355 4894478
4917761 4939618
4955369 4957075
4963406 4964055
4984136 4984362
5045021 5051764
5054507 5055598
5057514 5061955
5084232 5100452
5103928 5106161
5110277 5116644
5174345 5250873
5255566 5256134
5261571 5263839
5268799 5270218
5288148 5293098
5296268 5297070
5298455 5298792
5306133 5309208
5338796 5340637
5365038 5365173
