gi|15640032|ref|NC_002505.1|_Vibrio_cholerae_O1_biovar_El_Tor_str._N16961_chromosome_I__complete_sequence
53895 58796
122380 155860
262291 263545
324020 329288
335594 336262
381978 382615
401653 406894
762692 767661
911024 912346
993132 994455
1564498 1565648
1565924 1566366
1566551 1566695
1568468 1573550
1579649 1582231
1583342 1584158
1736873 1738880
1937336 1938524
1951746 1951820
2169164 2175642
2676463 2681516
2927934 2938929
gi|15600771|ref|NC_002506.1|_Vibrio_cholerae_O1_biovar_El_Tor_str._N16961_chromosome_II__complete_sequence
102250 102741
216953 217014
310936 312310
334988 335457
340639 340812
343842 343893
357489 357975
370683 394647
428433 428513
435627 436408
564078 564629
630324 630460
735995 736776
829947 831665
