gi|15640032|ref|NC_002505.1|_Vibrio_cholerae_O1_biovar_El_Tor_str._N16961_chromosome_I__complete_sequence
53871 58924
99695 99834
130699 133148
134717 138719
151335 155599
176045 176391
262291 263545
295219 296767
323996 329236
334898 336413
362523 362790
377466 377626
381856 382851
401462 406842
463367 463465
476508 477514
493322 494081
497376 497615
502128 503085
581285 581762
762932 767620
849984 850604
912923 913061
935985 936278
1068324 1068676
1208584 1209164
1493979 1496024
1509934 1511338
1564211 1566841
1571490 1579868
1583588 1584030
1736761 1738719
1937606 1938313
2090632 2090964
2331675 2332483
2335013 2335319
2441245 2441768
2467901 2468533
2493624 2494242
2558975 2560257
2573390 2573502
2662455 2663305
2668690 2669335
2676493 2681261
2706787 2707327
2724270 2725047
2738731 2739532
2928022 2939210
2952899 2960086
gi|15600771|ref|NC_002506.1|_Vibrio_cholerae_O1_biovar_El_Tor_str._N16961_chromosome_II__complete_sequence
20083 21835
33687 34105
100354 101112
104724 105226
179712 180285
185328 186121
193346 195435
272997 273337
292341 292634
301697 302702
310936 312310
313916 319073
322292 331362
332483 333899
335650 345802
347909 351058
356485 358614
360060 361508
362123 365301
366802 369199
370641 393929
394678 396845
398095 400116
401853 403025
406509 407235
410689 422645
427521 428696
431970 436280
558659 559947
736123 736849
