gi|15640032|ref|NC_002505.1|_Vibrio_cholerae_O1_biovar_El_Tor_str._N16961_chromosome_I__complete_sequence
53675 53773
152739 152790
167515 167574
262291 263545
326013 329276
401754 403563
581561 581904
762625 762725
1511219 1511408
1583125 1583207
1737015 1738719
2331310 2331737
2332298 2332630
2679608 2681549
2927888 2933273
2937014 2939129
gi|15600771|ref|NC_002506.1|_Vibrio_cholerae_O1_biovar_El_Tor_str._N16961_chromosome_II__complete_sequence
21368 21557
310944 312310
324014 324394
329844 330231
330837 331177
342966 343169
349039 349258
357228 358382
370683 394647
401828 402105
413802 414253
421756 422712
434425 435457
