gi|15640032|ref|NC_002505.1|_Vibrio_cholerae_O1_biovar_El_Tor_str._N16961_chromosome_I__complete_sequence
53853 53958
55366 55548
56937 58927
150970 154189
264583 265248
324028 329422
401661 407028
543745 546568
762593 767781
875156 875886
876728 884493
892595 908488
911027 911514
935893 936263
973388 973576
990978 991922
1198538 1198724
1510094 1510249
1563875 1564117
1564582 1564975
1565719 1565827
1566551 1566695
1571495 1573669
1578274 1584295
1736766 1738972
1784974 1785496
1912366 1912538
1937604 1938750
1947485 1948166
1950308 1952508
2549814 2552174
2563008 2563190
2667273 2667735
2676332 2681508
2927853 2939100
gi|15600771|ref|NC_002506.1|_Vibrio_cholerae_O1_biovar_El_Tor_str._N16961_chromosome_II__complete_sequence
1 1057
20243 20398
214710 217002
218557 219819
237001 237117
272666 273351
292296 292727
301600 305555
310944 312310
314251 314613
317586 317872
319177 319797
321448 321997
324198 324353
325576 325681
326871 327686
329905 331210
333253 334042
334574 336064
339031 339396
340018 341570
342690 343202
343981 344453
345482 345832
351555 352023
354067 359718
361674 362025
365403 366049
370683 394647
395375 396236
397108 398340
400357 401579
412408 414565
421797 422671
423772 423832
428346 428741
432022 432205
433091 433676
435479 436547
513855 514177
516139 517029
564078 565672
630381 630683
735858 736924
829947 830032
