gi|15640032|ref|NC_002505.1|_Vibrio_cholerae_O1_biovar_El_Tor_str._N16961_chromosome_I__complete_sequence
1 35293
36378 101851
103470 175391
180236 183646
185148 185571
186835 232307
234362 247161
250667 250874
252531 252657
255162 262219
262291 263545
265898 437878
439634 523994
525768 526269
527401 543479
546477 546595
550267 656491
658055 676636
677762 865208
866215 866479
867793 871240
873173 875429
877583 877992
880399 880576
883324 883651
886256 886830
887966 888261
891107 892250
900696 901190
909765 924013
926208 948854
949872 977750
979837 991676
993082 1031477
1032885 1036971
1038079 1047481
1048639 1065814
1067989 1100008
1100141 1149331
1150680 1168490
1171023 1186825
1187792 1211920
1213182 1265449
1266517 1298674
1300506 1309607
1310891 1356203
1357607 1373851
1375073 1392460
1393967 1399443
1400488 1403810
1405008 1413504
1415149 1418194
1419640 1430960
1432025 1436086
1438299 1446747
1448434 1457613
1458721 1461665
1462882 1481191
1482193 1484083
1485030 1495154
1497192 1516280
1518057 1548204
1549732 1594378
1596759 1605115
1607428 1615821
1619050 1622653
1623805 1632218
1633539 1642527
1644616 1649821
1651357 1651501
1653086 1654119
1655102 1673891
1675162 1686785
1688654 1698172
1699387 1703936
1705922 1714281
1716012 1732121
1733842 1734181
1735171 1740609
1741956 1774790
1775962 1778851
1780600 1807246
1808685 1812312
1813797 1838930
1839966 1868739
1870799 1898056
1899588 1900743
1905660 1908076
1909870 1913885
1915174 1915600
1919243 1922648
1923799 1926359
1927696 1932350
1933800 1938544
1944206 1945901
1947393 1949974
1951746 1952199
1953657 1990689
1994454 2003831
2005419 2048422
2049732 2055240
2056252 2072130
2072347 2085000
2086738 2097602
2099297 2212490
2213918 2221360
2222473 2236118
2237584 2512924
2514223 2549219
2551692 2596740
2598071 2781374
2782537 2961149
gi|15600771|ref|NC_002506.1|_Vibrio_cholerae_O1_biovar_El_Tor_str._N16961_chromosome_II__complete_sequence
824 29755
30852 114101
115359 115615
117221 138839
140509 183155
184916 209094
210440 213744
216953 218135
220388 233000
234276 246560
248232 266493
267828 281494
283578 299685
301089 302924
306625 309633
310944 312310
312797 314931
316805 320817
322168 323355
323785 333670
334996 346605
348445 353470
355561 358132
360246 396876
398066 404847
406390 407511
409771 444272
445718 456811
458691 460551
461634 484495
486297 491774
492683 498448
499480 502266
504727 508501
509992 515436
516976 530638
533036 553486
554835 565051
566528 590526
592379 595107
596971 603876
606017 612005
613142 641624
643013 672130
676726 705012
706057 734786
735969 737115
738285 754727
756308 762955
764045 764992
766148 771296
773000 790424
791574 802534
804268 826356
827981 832508
834202 834614
835730 835886
838240 846675
847897 864919
866252 874896
875838 901607
902860 914000
915289 993731
995289 1071783
