gi|15600771|ref|NC_002506.1|_Vibrio_cholerae_O1_biovar_El_Tor_str._N16961_chromosome_II__complete_sequence
216953 217020
237001 237059
272795 273013
310944 312310
317678 318268
319304 319921
322109 325714
326871 327306
329314 333671
334995 340238
342053 343878
345460 345698
348536 348799
357409 358132
360315 361997
365286 366671
369072 369245
370683 394647
395409 396707
398065 399613
406275 406875
412469 414259
414418 414705
416288 418280
423943 424391
428199 429062
431947 436413
564078 564629
630324 630460
656752 657140
735923 736811
