gi|15600771|ref|NC_002506.1|_Vibrio_cholerae_O1_biovar_El_Tor_str._N16961_chromosome_II__complete_sequence
1 1173
21005 21164
114836 114886
140903 141087
216913 217036
219821 220321
236896 237059
272632 273385
292261 292761
303532 303961
310944 312310
313774 314647
317417 317983
323949 324387
325144 325803
326818 327348
328913 329222
329755 331886
334893 336064
338058 338200
338894 340469
341038 341827
342647 343202
343918 344487
345448 345866
348192 349518
358434 358679
360294 361003
361640 362059
363258 364294
365369 366083
366738 367163
370591 396270
398067 399188
399942 400436
401307 402417
404141 404234
407258 407549
411746 414782
416517 418434
419341 419824
421672 422705
427929 429112
431884 432422
432953 433710
434361 436581
507998 508067
516470 517168
563923 565498
630184 630483
699623 699686
735824 736960
829806 829939
