gi|42779081|ref|NC_003909.8|_Bacillus_cereus_ATCC_10987__complete_genome
1 21768
21864 151073
151190 227898
229044 278792
279517 319524
321314 453070
455897 603264
604042 609954
610203 610319
610873 611006
611142 824028
824124 1080077
1080149 1109703
1109898 1490630
1490776 1985282
1985377 2367411
2367477 2564189
2564346 2599597
2600289 2993723
2994292 3015457
3018133 3118281
3118479 3119135
3119715 3233470
3233536 4190253
4191658 4248300
4248376 4375335
4380533 4416916
4417074 4539764
4543281 4648834
4649174 4649262
4649336 4649785
4649895 4649985
4650229 4655772
4655941 4827373
4828516 4834672
4843860 5140979
5141045 5203883
5203957 5224283
gi|44004339|ref|NC_005707.1|_Bacillus_cereus_ATCC_10987_plasmid_pBc10987__complete_sequence
1 208369
